#! FIELDS time d1
 0.000000 5.426233
 10.000000 5.127818
 20.000000 3.304364
 30.000000 3.777560
 40.000000 2.978584
 50.000000 2.006104
 60.000000 2.443713
 70.000000 2.557806
 80.000000 4.061067
 90.000000 4.727287
 100.000000 5.383381
 110.000000 5.420475
 120.000000 4.276984
 130.000000 4.154484
 140.000000 3.710209
 150.000000 3.646843
 160.000000 4.113734
 170.000000 3.161575
 180.000000 3.112264
 190.000000 4.027411
 200.000000 4.414841
 210.000000 3.482238
 220.000000 3.847696
 230.000000 3.228333
 240.000000 2.306852
 250.000000 1.741235
 260.000000 1.602621
 270.000000 1.204396
 280.000000 0.668750
 290.000000 0.393525
 300.000000 0.775687
 310.000000 0.479730
 320.000000 1.175015
 330.000000 0.854052
 340.000000 1.276063
 350.000000 1.124576
 360.000000 0.751829
 370.000000 1.138069
 380.000000 1.022540
 390.000000 0.655767
 400.000000 0.899131
 410.000000 1.278501
 420.000000 1.038381
 430.000000 1.675427
 440.000000 1.364123
 450.000000 1.020264
 460.000000 0.858004
 470.000000 0.692046
 480.000000 0.637315
 490.000000 0.856063
 500.000000 1.610529
 510.000000 2.148796
 520.000000 2.516416
 530.000000 1.650420
 540.000000 1.859604
 550.000000 2.060610
 560.000000 1.349412
 570.000000 1.954795
 580.000000 1.745077
 590.000000 3.099010
 600.000000 3.279023
 610.000000 2.847313
 620.000000 4.227448
 630.000000 5.228627
 640.000000 5.367368
 650.000000 5.116404
 660.000000 4.260527
 670.000000 5.313700
 680.000000 5.173541
 690.000000 5.350163
 700.000000 5.582132
 710.000000 5.144345
 720.000000 4.781417
 730.000000 5.185195
 740.000000 4.526120
 750.000000 4.061755
 760.000000 4.019540
 770.000000 3.569597
 780.000000 2.833529
 790.000000 2.592533
 800.000000 3.395212
 810.000000 3.236999
 820.000000 3.716547
 830.000000 3.814022
 840.000000 4.318996
 850.000000 4.612783
 860.000000 5.354750
 870.000000 6.350702
 880.000000 6.675217
 890.000000 6.655209
 900.000000 6.294400
 910.000000 6.130438
 920.000000 6.012867
 930.000000 5.451108
 940.000000 5.167520
 950.000000 3.990853
 960.000000 3.272584
 970.000000 4.138795
 980.000000 3.488741
 990.000000 2.733772
 1000.000000 2.926420
 1010.000000 4.222243
 1020.000000 3.834479
 1030.000000 3.097391
 1040.000000 3.100907
 1050.000000 3.365892
 1060.000000 1.990537
 1070.000000 1.079593
 1080.000000 1.856719
 1090.000000 1.787099
 1100.000000 3.233821
 1110.000000 3.494884
 1120.000000 4.519378
 1130.000000 3.697080
 1140.000000 4.358412
 1150.000000 2.342238
 1160.000000 3.748635
 1170.000000 3.209986
 1180.000000 3.534016
 1190.000000 4.110087
 1200.000000 4.479480
 1210.000000 3.211230
 1220.000000 1.843488
 1230.000000 2.354035
 1240.000000 1.914324
 1250.000000 2.337941
 1260.000000 2.347747
 1270.000000 2.328192
 1280.000000 2.545684
 1290.000000 4.070974
 1300.000000 3.554015
 1310.000000 3.107446
 1320.000000 3.044258
 1330.000000 3.326796
 1340.000000 2.279807
 1350.000000 1.033814
 1360.000000 2.215018
 1370.000000 0.474352
 1380.000000 1.839219
 1390.000000 0.714399
 1400.000000 2.339004
 1410.000000 3.277246
 1420.000000 3.231193
 1430.000000 4.041274
 1440.000000 3.677579
 1450.000000 3.414784
 1460.000000 3.917520
 1470.000000 3.567214
 1480.000000 3.441706
 1490.000000 2.058179
 1500.000000 3.059655
 1510.000000 4.309530
 1520.000000 3.853161
 1530.000000 3.451466
 1540.000000 5.101662
 1550.000000 5.277113
 1560.000000 4.304723
 1570.000000 4.404287
 1580.000000 5.047886
 1590.000000 4.275847
 1600.000000 5.850657
 1610.000000 4.678667
 1620.000000 5.046646
 1630.000000 5.418321
 1640.000000 5.477083
 1650.000000 4.741604
 1660.000000 4.191571
 1670.000000 5.224159
 1680.000000 4.665883
 1690.000000 4.868988
 1700.000000 5.151132
 1710.000000 5.525342
 1720.000000 4.434802
 1730.000000 4.026787
 1740.000000 4.718021
 1750.000000 4.568502
 1760.000000 3.608030
 1770.000000 2.859928
 1780.000000 3.334123
 1790.000000 3.748312
 1800.000000 3.934197
 1810.000000 3.849523
 1820.000000 3.952663
 1830.000000 4.128451
 1840.000000 4.461513
 1850.000000 3.281943
 1860.000000 3.393106
 1870.000000 3.303815
 1880.000000 3.529259
 1890.000000 3.366213
 1900.000000 4.142503
 1910.000000 4.012340
 1920.000000 4.359012
 1930.000000 5.485216
 1940.000000 6.167188
 1950.000000 5.043643
 1960.000000 4.735772
 1970.000000 4.889123
 1980.000000 5.009944
 1990.000000 5.827905
 2000.000000 4.853170
 2010.000000 4.577120
 2020.000000 4.434117
 2030.000000 4.639554
 2040.000000 4.767689
 2050.000000 5.051946
 2060.000000 4.775088
 2070.000000 5.277404
 2080.000000 4.220541
 2090.000000 5.414599
 2100.000000 4.609685
 2110.000000 5.214693
 2120.000000 6.414644
 2130.000000 5.576033
 2140.000000 5.723203
 2150.000000 5.098436
 2160.000000 4.405637
 2170.000000 5.570592
 2180.000000 5.295886
 2190.000000 5.319622
 2200.000000 5.847819
 2210.000000 5.166770
 2220.000000 6.071972
 2230.000000 5.949082
 2240.000000 6.187436
 2250.000000 5.898644
 2260.000000 3.828371
 2270.000000 3.379923
 2280.000000 4.728468
 2290.000000 3.851979
 2300.000000 3.660592
 2310.000000 2.737741
 2320.000000 2.316612
 2330.000000 1.989117
 2340.000000 3.283933
 2350.000000 3.489285
 2360.000000 3.641989
 2370.000000 3.229631
 2380.000000 2.804371
 2390.000000 4.263931
 2400.000000 4.671728
 2410.000000 5.334062
 2420.000000 4.409784
 2430.000000 5.167535
 2440.000000 5.660391
 2450.000000 5.318054
 2460.000000 5.281411
 2470.000000 4.893201
 2480.000000 4.947115
 2490.000000 3.811655
 2500.000000 3.825799
 2510.000000 4.687580
 2520.000000 3.242862
 2530.000000 3.279501
 2540.000000 4.336716
 2550.000000 5.329354
 2560.000000 5.337243
 2570.000000 5.341506
 2580.000000 5.490206
 2590.000000 5.082529
 2600.000000 5.077216
 2610.000000 4.836678
 2620.000000 3.910078
 2630.000000 3.855137
 2640.000000 3.268171
 2650.000000 3.976662
 2660.000000 3.114725
 2670.000000 3.430236
 2680.000000 3.805704
 2690.000000 4.154048
 2700.000000 3.833573
 2710.000000 5.241087
 2720.000000 4.669037
 2730.000000 5.372206
 2740.000000 3.566624
 2750.000000 4.014263
 2760.000000 3.722487
 2770.000000 4.085904
 2780.000000 3.619210
 2790.000000 4.169731
 2800.000000 3.915786
 2810.000000 3.458242
 2820.000000 2.999844
 2830.000000 2.725248
 2840.000000 3.658553
 2850.000000 4.035256
 2860.000000 4.063100
 2870.000000 5.092767
 2880.000000 3.933251
 2890.000000 5.289235
 2900.000000 5.320902
 2910.000000 2.930240
 2920.000000 2.333538
 2930.000000 2.773532
 2940.000000 3.914757
 2950.000000 4.932601
 2960.000000 4.489019
 2970.000000 4.605184
 2980.000000 3.991447
 2990.000000 4.847777
 3000.000000 4.744622
 3010.000000 3.328283
 3020.000000 5.190578
 3030.000000 4.522778
 3040.000000 5.301419
 3050.000000 4.090951
 3060.000000 3.607089
 3070.000000 2.050907
 3080.000000 3.016228
 3090.000000 2.727039
 3100.000000 4.672950
 3110.000000 3.657578
 3120.000000 2.821659
 3130.000000 2.795631
 3140.000000 3.503770
 3150.000000 4.303410
 3160.000000 4.758521
 3170.000000 3.861545
 3180.000000 4.412436
 3190.000000 3.785886
 3200.000000 4.897733
 3210.000000 5.457998
 3220.000000 4.861561
 3230.000000 5.841876
 3240.000000 6.186281
 3250.000000 5.263873
 3260.000000 5.778469
 3270.000000 5.355511
 3280.000000 5.920445
 3290.000000 6.965750
 3300.000000 5.718020
 3310.000000 5.495371
 3320.000000 6.027606
 3330.000000 6.039402
 3340.000000 5.713359
 3350.000000 5.313437
 3360.000000 5.043348
 3370.000000 5.232055
 3380.000000 4.911781
 3390.000000 4.165275
 3400.000000 2.024847
 3410.000000 3.213802
 3420.000000 3.091659
 3430.000000 2.800821
 3440.000000 1.699497
 3450.000000 1.703130
 3460.000000 1.771147
 3470.000000 1.376470
 3480.000000 1.233892
 3490.000000 1.396256
 3500.000000 1.902014
 3510.000000 3.062188
 3520.000000 4.137641
 3530.000000 4.436639
 3540.000000 5.076384
 3550.000000 5.037560
 3560.000000 5.595229
 3570.000000 4.708385
 3580.000000 5.320533
 3590.000000 5.805035
 3600.000000 5.556820
 3610.000000 4.651975
 3620.000000 6.304604
 3630.000000 6.645017
 3640.000000 4.998888
 3650.000000 5.484250
 3660.000000 4.930668
 3670.000000 3.985397
 3680.000000 2.980921
 3690.000000 3.563625
 3700.000000 2.926797
 3710.000000 2.405315
 3720.000000 1.035962
 3730.000000 1.209727
 3740.000000 2.430495
 3750.000000 2.997316
 3760.000000 2.882508
 3770.000000 3.830782
 3780.000000 3.323401
 3790.000000 3.451779
 3800.000000 3.474169
 3810.000000 3.392820
 3820.000000 3.298898
 3830.000000 3.081700
 3840.000000 4.659679
 3850.000000 3.145680
 3860.000000 3.497459
 3870.000000 3.809196
 3880.000000 5.321587
 3890.000000 4.379095
 3900.000000 3.687631
 3910.000000 4.287401
 3920.000000 5.085518
 3930.000000 5.113084
 3940.000000 5.226357
 3950.000000 4.803801
 3960.000000 4.231133
 3970.000000 4.325191
 3980.000000 4.104019
 3990.000000 3.292261
 4000.000000 4.499507
 4010.000000 4.295039
 4020.000000 6.373144
 4030.000000 5.652908
 4040.000000 6.212919
 4050.000000 6.015313
 4060.000000 5.641328
 4070.000000 5.568237
 4080.000000 5.699626
 4090.000000 5.859114
 4100.000000 5.156789
 4110.000000 4.340010
 4120.000000 4.737390
 4130.000000 3.989829
 4140.000000 3.885251
 4150.000000 4.507607
 4160.000000 4.417000
 4170.000000 4.629184
 4180.000000 3.410867
 4190.000000 3.817573
 4200.000000 5.443735
 4210.000000 4.832844
 4220.000000 5.701734
 4230.000000 5.453430
 4240.000000 5.390539
 4250.000000 5.020913
 4260.000000 5.922958
 4270.000000 5.934244
 4280.000000 6.064189
 4290.000000 5.781460
 4300.000000 5.514253
 4310.000000 5.286649
 4320.000000 5.462715
 4330.000000 4.173700
 4340.000000 4.890639
 4350.000000 5.402512
 4360.000000 5.128987
 4370.000000 5.062654
 4380.000000 4.962635
 4390.000000 4.990229
 4400.000000 4.861222
 4410.000000 4.605652
 4420.000000 4.784179
 4430.000000 4.451475
 4440.000000 3.928955
 4450.000000 5.634454
 4460.000000 4.057141
 4470.000000 3.286570
 4480.000000 3.086442
 4490.000000 4.964591
 4500.000000 5.216259
 4510.000000 5.736471
 4520.000000 3.708641
 4530.000000 4.048196
 4540.000000 3.302944
 4550.000000 3.932202
 4560.000000 4.985618
 4570.000000 4.998397
 4580.000000 5.101497
 4590.000000 5.236536
 4600.000000 4.439908
 4610.000000 5.429635
 4620.000000 5.319183
 4630.000000 5.597175
 4640.000000 4.227830
 4650.000000 4.295024
 4660.000000 3.214679
 4670.000000 4.514576
 4680.000000 4.046732
 4690.000000 5.181418
 4700.000000 4.016971
 4710.000000 3.575778
 4720.000000 5.144042
 4730.000000 4.757136
 4740.000000 5.050177
 4750.000000 6.091079
 4760.000000 4.783990
 4770.000000 5.367540
 4780.000000 5.540095
 4790.000000 5.118008
 4800.000000 5.361799
 4810.000000 5.256071
 4820.000000 5.324165
 4830.000000 5.731175
 4840.000000 5.071006
 4850.000000 5.022987
 4860.000000 4.859481
 4870.000000 4.266484
 4880.000000 5.072232
 4890.000000 5.519719
 4900.000000 5.533488
 4910.000000 4.461255
 4920.000000 4.092560
 4930.000000 5.246059
 4940.000000 5.674569
 4950.000000 4.588203
 4960.000000 5.150847
 4970.000000 5.262488
 4980.000000 4.867523
 4990.000000 5.130100
 5000.000000 6.004516
 5010.000000 5.989651
 5020.000000 5.448790
 5030.000000 6.229150
 5040.000000 6.863293
 5050.000000 5.264405
 5060.000000 5.685695
 5070.000000 4.999588
 5080.000000 4.936788
 5090.000000 4.847811
 5100.000000 5.096884
 5110.000000 4.610542
 5120.000000 3.844061
 5130.000000 3.444141
 5140.000000 4.926919
 5150.000000 4.696164
 5160.000000 4.324416
 5170.000000 4.078200
 5180.000000 4.304441
 5190.000000 3.701234
 5200.000000 3.479679
 5210.000000 4.295904
 5220.000000 3.457255
 5230.000000 4.138538
 5240.000000 4.348166
 5250.000000 5.038507
 5260.000000 5.471112
 5270.000000 5.158950
 5280.000000 4.913166
 5290.000000 5.950360
 5300.000000 5.657113
 5310.000000 4.886658
 5320.000000 5.229822
 5330.000000 5.272191
 5340.000000 5.802535
 5350.000000 4.784848
 5360.000000 4.030948
 5370.000000 3.278194
 5380.000000 4.160447
 5390.000000 4.233839
 5400.000000 5.386574
 5410.000000 5.344165
 5420.000000 4.007087
 5430.000000 5.124312
 5440.000000 5.726785
 5450.000000 6.263154
 5460.000000 6.144060
 5470.000000 6.622851
 5480.000000 6.313288
 5490.000000 4.865089
 5500.000000 4.800083
 5510.000000 4.627755
 5520.000000 3.935387
 5530.000000 4.526622
 5540.000000 4.471310
 5550.000000 4.086367
 5560.000000 4.591932
 5570.000000 5.774118
 5580.000000 4.353761
 5590.000000 3.657510
 5600.000000 3.743243
 5610.000000 5.782143
 5620.000000 5.430831
 5630.000000 5.337928
 5640.000000 2.779370
 5650.000000 3.087209
 5660.000000 3.291586
 5670.000000 2.459177
 5680.000000 2.099782
 5690.000000 2.349175
 5700.000000 2.209037
 5710.000000 2.614803
 5720.000000 3.585050
 5730.000000 3.859464
 5740.000000 3.701363
 5750.000000 4.332630
 5760.000000 4.868802
 5770.000000 5.079468
 5780.000000 3.596020
 5790.000000 3.476161
 5800.000000 3.899727
 5810.000000 1.576674
 5820.000000 1.535927
 5830.000000 1.625862
 5840.000000 2.301009
 5850.000000 2.676430
 5860.000000 2.269976
 5870.000000 1.950449
 5880.000000 2.149777
 5890.000000 2.194974
 5900.000000 2.713269
 5910.000000 2.293494
 5920.000000 2.741142
 5930.000000 3.664535
 5940.000000 3.561405
 5950.000000 3.265163
 5960.000000 3.209784
 5970.000000 2.664550
 5980.000000 2.997288
 5990.000000 3.162506
 6000.000000 3.169759
 6010.000000 4.328703
 6020.000000 4.090537
 6030.000000 4.276436
 6040.000000 3.183178
 6050.000000 3.030099
 6060.000000 3.384154
 6070.000000 4.251437
 6080.000000 4.204996
 6090.000000 4.042278
 6100.000000 3.886136
 6110.000000 4.079292
 6120.000000 3.501139
 6130.000000 4.033544
 6140.000000 3.094332
 6150.000000 2.807230
 6160.000000 2.011050
 6170.000000 4.484006
 6180.000000 5.074702
 6190.000000 5.003808
 6200.000000 5.188970
 6210.000000 4.831507
 6220.000000 4.965341
 6230.000000 5.128046
 6240.000000 4.502868
 6250.000000 5.448043
 6260.000000 5.280115
 6270.000000 5.799410
 6280.000000 5.048585
 6290.000000 5.901563
 6300.000000 6.046219
 6310.000000 5.965299
 6320.000000 4.887425
 6330.000000 3.128665
 6340.000000 3.660205
 6350.000000 5.250480
 6360.000000 4.565811
 6370.000000 3.244780
 6380.000000 3.624268
 6390.000000 3.164676
 6400.000000 3.993933
 6410.000000 3.989709
 6420.000000 2.368202
 6430.000000 2.584278
 6440.000000 3.769750
 6450.000000 4.760147
 6460.000000 4.549400
 6470.000000 5.315757
 6480.000000 5.935422
 6490.000000 5.525786
 6500.000000 5.190910
 6510.000000 3.951281
 6520.000000 3.607348
 6530.000000 5.140987
 6540.000000 5.059232
 6550.000000 5.101563
 6560.000000 5.402684
 6570.000000 5.212066
 6580.000000 4.571273
 6590.000000 5.105140
 6600.000000 4.778474
 6610.000000 4.743459
 6620.000000 4.620378
 6630.000000 4.640670
 6640.000000 3.970939
 6650.000000 3.153084
 6660.000000 3.191875
 6670.000000 3.855603
 6680.000000 3.634991
 6690.000000 3.394066
 6700.000000 4.462198
 6710.000000 4.903211
 6720.000000 4.829435
 6730.000000 5.876400
 6740.000000 5.191426
 6750.000000 4.628292
 6760.000000 5.478493
 6770.000000 5.334018
 6780.000000 3.789128
 6790.000000 4.925907
 6800.000000 4.537512
 6810.000000 4.441252
 6820.000000 3.983380
 6830.000000 3.670859
 6840.000000 3.661909
 6850.000000 3.177937
 6860.000000 2.915185
 6870.000000 2.922536
 6880.000000 3.324583
 6890.000000 2.590436
 6900.000000 2.764796
 6910.000000 3.209725
 6920.000000 3.284229
 6930.000000 2.917776
 6940.000000 3.066472
 6950.000000 3.003289
 6960.000000 3.679493
 6970.000000 3.380446
 6980.000000 4.257212
 6990.000000 3.698407
 7000.000000 3.883970
 7010.000000 4.100495
 7020.000000 3.473080
 7030.000000 3.007058
 7040.000000 3.400218
 7050.000000 3.246600
 7060.000000 3.305417
 7070.000000 4.327444
 7080.000000 4.176064
 7090.000000 4.509840
 7100.000000 4.757175
 7110.000000 3.499026
 7120.000000 3.471705
 7130.000000 3.367648
 7140.000000 3.620152
 7150.000000 3.866213
 7160.000000 3.108957
 7170.000000 5.019008
 7180.000000 4.258926
 7190.000000 5.757332
 7200.000000 5.020448
 7210.000000 5.184124
 7220.000000 5.751107
 7230.000000 5.618190
 7240.000000 5.853011
 7250.000000 4.803708
 7260.000000 4.155174
 7270.000000 3.920060
 7280.000000 4.007093
 7290.000000 3.419290
 7300.000000 3.682435
 7310.000000 2.439574
 7320.000000 2.908714
 7330.000000 3.831995
 7340.000000 4.368856
 7350.000000 4.857328
 7360.000000 3.976855
 7370.000000 3.848300
 7380.000000 3.770217
 7390.000000 3.320950
 7400.000000 3.141101
 7410.000000 3.483138
 7420.000000 2.687593
 7430.000000 3.638243
 7440.000000 4.679632
 7450.000000 4.916820
 7460.000000 4.087653
 7470.000000 3.966477
 7480.000000 4.510384
 7490.000000 5.117410
 7500.000000 5.454924
 7510.000000 5.538658
 7520.000000 5.462056
 7530.000000 6.375068
 7540.000000 5.168392
 7550.000000 5.861447
 7560.000000 5.974596
 7570.000000 5.765440
 7580.000000 5.691435
 7590.000000 6.271932
 7600.000000 6.071532
 7610.000000 5.270961
 7620.000000 4.921049
 7630.000000 5.702390
 7640.000000 5.216053
 7650.000000 5.509320
 7660.000000 5.504871
 7670.000000 5.746435
 7680.000000 6.373111
 7690.000000 5.553200
 7700.000000 4.277404
 7710.000000 4.210153
 7720.000000 3.547319
 7730.000000 4.232417
 7740.000000 3.620233
 7750.000000 3.748838
 7760.000000 5.803713
 7770.000000 4.998400
 7780.000000 5.427285
 7790.000000 4.893131
 7800.000000 5.321108
 7810.000000 5.130298
 7820.000000 5.811566
 7830.000000 5.054311
 7840.000000 5.482647
 7850.000000 5.395526
 7860.000000 4.627835
 7870.000000 4.923577
 7880.000000 6.544345
 7890.000000 5.706037
 7900.000000 4.885985
 7910.000000 3.887040
 7920.000000 4.553418
 7930.000000 2.504210
 7940.000000 1.905290
 7950.000000 2.098079
 7960.000000 2.223777
 7970.000000 2.356861
 7980.000000 2.418861
 7990.000000 2.093266
 8000.000000 1.847422
 8010.000000 2.919732
 8020.000000 3.851102
 8030.000000 4.127559
 8040.000000 2.869562
 8050.000000 2.205645
 8060.000000 3.415613
 8070.000000 2.544500
 8080.000000 3.586797
 8090.000000 4.473991
 8100.000000 5.349440
 8110.000000 4.739771
 8120.000000 4.153850
 8130.000000 3.987556
 8140.000000 3.930132
 8150.000000 3.917114
 8160.000000 3.872431
 8170.000000 4.029043
 8180.000000 5.567478
 8190.000000 6.356170
 8200.000000 6.072468
 8210.000000 6.233309
 8220.000000 5.561541
 8230.000000 5.247848
 8240.000000 4.444259
 8250.000000 4.591643
 8260.000000 4.546486
 8270.000000 4.518834
 8280.000000 3.240991
 8290.000000 4.857380
 8300.000000 3.975073
 8310.000000 4.047600
 8320.000000 4.400225
 8330.000000 4.924312
 8340.000000 5.027698
 8350.000000 4.372211
 8360.000000 4.025554
 8370.000000 4.338193
 8380.000000 5.078191
 8390.000000 5.140260
 8400.000000 5.004054
 8410.000000 4.184019
 8420.000000 4.322331
 8430.000000 4.028848
 8440.000000 3.139568
 8450.000000 3.613788
 8460.000000 3.567993
 8470.000000 3.366948
 8480.000000 3.362882
 8490.000000 3.305514
 8500.000000 3.122455
 8510.000000 3.726503
 8520.000000 2.816977
 8530.000000 3.638392
 8540.000000 4.296300
 8550.000000 5.210197
 8560.000000 4.482821
 8570.000000 4.356405
 8580.000000 3.549567
 8590.000000 2.932370
 8600.000000 3.378902
 8610.000000 2.563676
 8620.000000 3.884105
 8630.000000 3.305307
 8640.000000 4.266569
 8650.000000 3.927963
 8660.000000 4.360539
 8670.000000 4.559890
 8680.000000 4.642313
 8690.000000 4.362136
 8700.000000 3.587110
 8710.000000 4.007058
 8720.000000 4.590309
 8730.000000 5.987224
 8740.000000 5.621961
 8750.000000 5.650002
 8760.000000 5.139619
 8770.000000 4.077280
 8780.000000 3.246107
 8790.000000 3.024035
 8800.000000 3.528037
 8810.000000 2.914711
 8820.000000 3.963659
 8830.000000 4.660731
 8840.000000 4.472255
 8850.000000 5.098551
 8860.000000 4.398571
 8870.000000 4.812548
 8880.000000 5.039320
 8890.000000 5.325026
 8900.000000 5.299717
 8910.000000 5.791963
 8920.000000 5.099492
 8930.000000 5.403837
 8940.000000 5.664348
 8950.000000 4.650676
 8960.000000 4.468150
 8970.000000 5.780297
 8980.000000 5.319735
 8990.000000 4.653278
 9000.000000 4.085408
 9010.000000 4.831876
 9020.000000 3.891527
 9030.000000 3.436133
 9040.000000 2.674051
 9050.000000 2.508382
 9060.000000 2.233461
 9070.000000 2.911221
 9080.000000 2.948959
 9090.000000 3.200360
 9100.000000 1.915863
 9110.000000 3.002088
 9120.000000 3.405896
 9130.000000 2.946296
 9140.000000 3.418109
 9150.000000 2.578083
 9160.000000 4.242981
 9170.000000 3.709224
 9180.000000 4.128741
 9190.000000 3.295649
 9200.000000 4.350604
 9210.000000 3.402422
 9220.000000 3.480954
 9230.000000 2.774758
 9240.000000 2.569056
 9250.000000 3.165483
 9260.000000 3.228357
 9270.000000 3.518005
 9280.000000 3.477835
 9290.000000 2.579113
 9300.000000 1.560421
 9310.000000 1.630290
 9320.000000 1.938352
 9330.000000 2.160517
 9340.000000 2.023176
 9350.000000 3.580904
 9360.000000 2.367339
 9370.000000 3.018480
 9380.000000 2.527993
 9390.000000 1.359202
 9400.000000 3.589035
 9410.000000 4.360682
 9420.000000 4.330494
 9430.000000 4.005219
 9440.000000 4.289058
 9450.000000 3.708121
 9460.000000 3.666656
 9470.000000 4.947437
 9480.000000 5.064861
 9490.000000 5.395644
 9500.000000 6.206948
 9510.000000 6.899199
 9520.000000 5.906048
 9530.000000 6.554031
 9540.000000 5.531869
 9550.000000 6.516496
 9560.000000 6.041199
 9570.000000 5.032804
 9580.000000 4.994276
 9590.000000 4.902033
 9600.000000 4.493282
 9610.000000 3.907835
 9620.000000 4.312858
 9630.000000 5.536660
 9640.000000 6.118628
 9650.000000 6.397096
 9660.000000 6.433258
 9670.000000 5.403312
 9680.000000 6.429135
 9690.000000 5.779654
 9700.000000 5.986188
 9710.000000 5.039189
 9720.000000 5.692874
 9730.000000 4.988303
 9740.000000 5.319257
 9750.000000 5.029659
 9760.000000 6.838779
 9770.000000 5.895154
 9780.000000 5.756988
 9790.000000 4.699075
 9800.000000 5.187293
 9810.000000 5.389231
 9820.000000 5.825351
 9830.000000 5.991977
 9840.000000 5.568414
 9850.000000 5.051490
 9860.000000 3.881065
 9870.000000 4.613512
 9880.000000 3.924548
 9890.000000 2.594155
 9900.000000 2.483532
 9910.000000 1.926484
 9920.000000 2.922675
 9930.000000 1.450432
 9940.000000 1.825250
 9950.000000 2.207480
 9960.000000 3.561754
 9970.000000 3.164975
 9980.000000 2.913943
 9990.000000 3.876368
 10000.000000 5.289147
 10010.000000 5.943180
 10020.000000 5.190520
 10030.000000 4.046202
 10040.000000 4.829376
 10050.000000 4.005510
 10060.000000 4.480231
 10070.000000 5.160395
 10080.000000 4.216610
 10090.000000 3.181969
 10100.000000 3.532623
 10110.000000 3.369950
 10120.000000 3.521138
 10130.000000 4.222137
 10140.000000 4.235331
 10150.000000 3.449007
 10160.000000 2.272249
 10170.000000 3.408626
 10180.000000 3.315986
 10190.000000 3.189520
 10200.000000 4.237436
 10210.000000 2.882200
 10220.000000 3.692571
 10230.000000 3.085964
 10240.000000 2.356682
 10250.000000 2.432347
 10260.000000 1.589593
 10270.000000 2.396934
 10280.000000 2.177623
 10290.000000 3.076502
 10300.000000 3.584374
 10310.000000 4.530868
 10320.000000 4.108333
 10330.000000 4.134923
 10340.000000 2.496314
 10350.000000 1.836777
 10360.000000 0.920184
 10370.000000 2.688579
 10380.000000 3.435593
 10390.000000 3.552725
 10400.000000 3.552336
 10410.000000 3.437428
 10420.000000 4.073396
 10430.000000 3.023482
 10440.000000 3.268366
 10450.000000 3.048860
 10460.000000 3.094993
 10470.000000 3.022488
 10480.000000 3.656079
 10490.000000 2.365440
 10500.000000 3.377164
 10510.000000 3.279635
 10520.000000 3.184167
 10530.000000 3.647176
 10540.000000 3.964180
 10550.000000 6.404575
 10560.000000 5.312254
 10570.000000 5.623492
 10580.000000 4.906540
 10590.000000 5.033465
 10600.000000 4.500427
 10610.000000 4.817880
 10620.000000 5.519058
 10630.000000 5.669300
 10640.000000 4.061953
 10650.000000 3.494731
 10660.000000 3.855873
 10670.000000 4.289894
 10680.000000 4.370638
 10690.000000 4.446186
 10700.000000 4.944669
 10710.000000 3.766027
 10720.000000 3.011683
 10730.000000 2.483695
 10740.000000 1.587144
 10750.000000 2.079410
 10760.000000 3.391873
 10770.000000 4.400583
 10780.000000 3.704357
 10790.000000 2.908602
 10800.000000 3.108988
 10810.000000 4.454852
 10820.000000 3.341697
 10830.000000 4.071147
 10840.000000 3.116873
 10850.000000 3.977104
 10860.000000 3.018736
 10870.000000 2.563504
 10880.000000 2.143844
 10890.000000 2.535288
 10900.000000 3.736271
 10910.000000 3.616404
 10920.000000 4.769038
 10930.000000 5.217459
 10940.000000 4.795560
 10950.000000 3.485680
 10960.000000 3.981841
 10970.000000 4.791380
 10980.000000 6.284887
 10990.000000 5.489942
 11000.000000 5.888198
 11010.000000 3.660126
 11020.000000 4.858112
 11030.000000 4.181630
 11040.000000 5.073756
 11050.000000 5.436046
 11060.000000 5.651846
 11070.000000 5.998108
 11080.000000 6.095801
 11090.000000 6.244779
 11100.000000 5.785547
 11110.000000 4.548002
 11120.000000 5.567452
 11130.000000 4.982137
 11140.000000 5.745191
 11150.000000 5.787862
 11160.000000 4.822048
 11170.000000 4.463614
 11180.000000 4.412665
 11190.000000 5.205173
 11200.000000 5.568073
 11210.000000 4.913082
 11220.000000 5.107605
 11230.000000 4.095800
 11240.000000 4.906496
 11250.000000 4.910237
 11260.000000 5.145547
 11270.000000 5.610033
 11280.000000 4.712123
 11290.000000 4.163506
 11300.000000 3.974878
 11310.000000 2.966179
 11320.000000 2.896433
 11330.000000 2.848589
 11340.000000 3.205440
 11350.000000 3.852554
 11360.000000 3.042013
 11370.000000 2.593866
 11380.000000 2.859735
 11390.000000 3.322335
 11400.000000 3.603664
 11410.000000 5.601364
 11420.000000 5.854737
 11430.000000 6.203946
 11440.000000 5.897784
 11450.000000 5.190906
 11460.000000 5.658346
 11470.000000 6.378914
 11480.000000 5.519251
 11490.000000 5.564836
 11500.000000 5.844748
 11510.000000 4.582240
 11520.000000 5.022295
 11530.000000 4.564482
 11540.000000 4.544676
 11550.000000 5.368288
 11560.000000 5.728277
 11570.000000 5.725085
 11580.000000 5.065764
 11590.000000 5.738280
 11600.000000 5.739437
 11610.000000 5.014319
 11620.000000 5.086547
 11630.000000 5.418716
 11640.000000 5.842086
 11650.000000 5.413233
 11660.000000 3.567767
 11670.000000 4.082698
 11680.000000 5.154097
 11690.000000 5.601417
 11700.000000 4.491740
 11710.000000 5.320183
 11720.000000 6.324193
 11730.000000 6.551462
 11740.000000 6.700318
 11750.000000 5.225760
 11760.000000 4.755862
 11770.000000 4.583214
 11780.000000 3.535648
 11790.000000 1.580321
 11800.000000 2.265804
 11810.000000 1.784748
 11820.000000 1.831260
 11830.000000 1.566921
 11840.000000 1.928723
 11850.000000 3.037533
 11860.000000 3.984072
 11870.000000 3.263803
 11880.000000 3.939750
 11890.000000 4.402284
 11900.000000 3.737240
 11910.000000 3.661585
 11920.000000 4.088409
 11930.000000 4.835016
 11940.000000 4.040458
 11950.000000 2.887658
 11960.000000 2.270079
 11970.000000 1.049013
 11980.000000 2.283533
 11990.000000 3.159212
 12000.000000 3.508772
 12010.000000 4.112156
 12020.000000 4.715605
 12030.000000 4.944438
 12040.000000 3.858325
 12050.000000 2.629503
 12060.000000 2.523277
 12070.000000 4.235248
 12080.000000 3.714691
 12090.000000 4.678005
 12100.000000 5.005011
 12110.000000 4.474537
 12120.000000 5.315483
 12130.000000 4.953900
 12140.000000 5.330249
 12150.000000 5.528767
 12160.000000 6.284681
 12170.000000 5.713631
 12180.000000 5.271931
 12190.000000 5.720426
 12200.000000 4.235043
 12210.000000 4.208286
 12220.000000 5.227810
 12230.000000 5.656265
 12240.000000 5.070754
 12250.000000 3.955974
 12260.000000 6.201857
 12270.000000 4.526645
 12280.000000 5.493817
 12290.000000 5.010457
 12300.000000 3.868504
 12310.000000 3.900719
 12320.000000 3.708296
 12330.000000 3.794905
 12340.000000 4.312241
 12350.000000 3.855668
 12360.000000 4.266978
 12370.000000 3.533298
 12380.000000 3.824844
 12390.000000 4.782819
 12400.000000 5.543869
 12410.000000 4.364042
 12420.000000 5.147265
 12430.000000 5.109794
 12440.000000 5.459408
 12450.000000 4.870351
 12460.000000 4.990478
 12470.000000 4.362147
 12480.000000 3.272227
 12490.000000 3.840137
 12500.000000 3.927233
 12510.000000 4.603952
 12520.000000 5.348770
 12530.000000 3.866382
 12540.000000 4.231583
 12550.000000 4.101171
 12560.000000 5.084465
 12570.000000 4.886048
 12580.000000 5.295960
 12590.000000 4.145439
 12600.000000 4.303385
 12610.000000 3.806276
 12620.000000 4.370807
 12630.000000 4.866173
 12640.000000 4.346348
 12650.000000 3.117271
 12660.000000 2.821462
 12670.000000 3.026015
 12680.000000 4.128439
 12690.000000 3.695502
 12700.000000 3.880007
 12710.000000 4.571850
 12720.000000 4.628360
 12730.000000 4.433613
 12740.000000 3.214272
 12750.000000 3.130202
 12760.000000 3.522824
 12770.000000 3.543928
 12780.000000 4.028775
 12790.000000 4.302014
 12800.000000 5.290711
 12810.000000 6.189146
 12820.000000 6.241990
 12830.000000 6.297307
 12840.000000 5.327112
 12850.000000 4.683143
 12860.000000 5.511938
 12870.000000 5.544945
 12880.000000 5.203209
 12890.000000 5.013676
 12900.000000 5.860997
 12910.000000 5.154623
 12920.000000 5.763727
 12930.000000 4.388629
 12940.000000 4.904431
 12950.000000 4.219486
 12960.000000 4.599670
 12970.000000 5.358097
 12980.000000 5.201486
 12990.000000 5.825877
 13000.000000 6.249022
 13010.000000 6.568680
 13020.000000 5.626736
 13030.000000 6.803641
 13040.000000 4.834050
 13050.000000 4.940165
 13060.000000 5.864497
 13070.000000 4.118709
 13080.000000 3.974685
 13090.000000 3.073582
 13100.000000 3.722458
 13110.000000 4.459120
 13120.000000 3.838496
 13130.000000 3.821349
 13140.000000 3.878967
 13150.000000 3.075028
 13160.000000 1.955221
 13170.000000 1.293637
 13180.000000 2.085017
 13190.000000 2.879718
 13200.000000 3.665931
 13210.000000 3.752902
 13220.000000 3.318833
 13230.000000 3.762387
 13240.000000 3.302310
 13250.000000 3.142961
 13260.000000 3.218362
 13270.000000 3.114429
 13280.000000 3.703132
 13290.000000 4.705989
 13300.000000 3.748716
 13310.000000 2.048087
 13320.000000 3.210167
 13330.000000 2.592224
 13340.000000 4.466564
 13350.000000 3.284679
 13360.000000 2.739736
 13370.000000 3.183116
 13380.000000 3.809887
 13390.000000 3.938296
 13400.000000 4.188243
 13410.000000 4.511767
 13420.000000 4.017998
 13430.000000 4.877999
 13440.000000 4.734540
 13450.000000 4.636702
 13460.000000 4.806323
 13470.000000 4.826124
 13480.000000 4.195581
 13490.000000 3.945231
 13500.000000 3.001760
 13510.000000 3.458711
 13520.000000 3.682206
 13530.000000 4.268699
 13540.000000 4.128777
 13550.000000 4.116985
 13560.000000 2.669386
 13570.000000 1.966557
 13580.000000 2.990754
 13590.000000 3.143441
 13600.000000 3.556483
 13610.000000 4.276959
 13620.000000 4.676675
 13630.000000 3.730347
 13640.000000 3.785026
 13650.000000 2.991981
 13660.000000 3.018708
 13670.000000 3.786568
 13680.000000 3.377048
 13690.000000 4.224553
 13700.000000 5.525883
 13710.000000 4.460581
 13720.000000 3.045226
 13730.000000 2.589345
 13740.000000 3.574434
 13750.000000 3.515901
 13760.000000 3.446999
 13770.000000 3.188461
 13780.000000 3.057223
 13790.000000 3.414493
 13800.000000 3.577810
 13810.000000 3.300235
 13820.000000 3.500712
 13830.000000 3.162522
 13840.000000 3.551756
 13850.000000 4.757000
 13860.000000 4.271104
 13870.000000 3.701786
 13880.000000 2.600886
 13890.000000 2.502610
 13900.000000 1.114049
 13910.000000 0.881548
 13920.000000 2.646578
 13930.000000 3.364621
 13940.000000 2.979458
 13950.000000 3.524512
 13960.000000 4.078911
 13970.000000 3.378607
 13980.000000 2.694689
 13990.000000 1.597538
 14000.000000 1.377044
 14010.000000 1.181096
 14020.000000 0.884211
 14030.000000 0.965528
 14040.000000 1.909667
 14050.000000 1.908683
 14060.000000 1.876776
 14070.000000 1.771308
 14080.000000 2.400940
 14090.000000 2.693256
 14100.000000 2.240230
 14110.000000 3.206673
 14120.000000 3.398224
 14130.000000 4.604947
 14140.000000 4.878854
 14150.000000 5.610584
 14160.000000 5.108098
 14170.000000 5.550736
 14180.000000 5.821899
 14190.000000 5.204023
 14200.000000 4.242699
 14210.000000 3.753724
 14220.000000 3.532417
 14230.000000 4.439909
 14240.000000 4.222766
 14250.000000 2.544728
 14260.000000 2.590975
 14270.000000 1.867303
 14280.000000 1.614002
 14290.000000 2.107650
 14300.000000 1.986821
 14310.000000 1.799910
 14320.000000 2.201424
 14330.000000 0.790637
 14340.000000 0.483092
 14350.000000 0.448739
 14360.000000 0.671436
 14370.000000 1.279763
 14380.000000 0.865240
 14390.000000 1.504751
 14400.000000 1.206071
 14410.000000 2.017602
 14420.000000 1.590652
 14430.000000 1.426993
 14440.000000 0.852663
