0	15.504085180402853
1	15.504090456610783
2	15.84333578221155
3	15.680166747429677
4	15.599443192050463
5	15.422514359535052
6	15.311794611353596
7	15.464939751925858
8	15.634424655806752
9	15.129226404230238
10	15.045994737281333
11	15.0773179066519
12	14.861080940665085
13	15.243359095911078
14	15.35430196327532
15	15.652232572808956
16	15.425501447498783
17	15.246243618604696
18	15.592341187458036
19	15.906186785749115
20	15.383435094463689
21	15.515548130173384
22	15.59971162996155
23	15.620073612370058
24	15.720338723206797
25	15.644890571223197
26	16.014227597762744
27	15.635459913889827
28	15.658523632450592
29	15.183825003027309
30	15.413963446500171
31	15.40231452085613
32	15.281834400805385
33	15.338171791140317
34	15.326023007837096
35	15.205232947334961
36	14.915636601959847
37	14.803943882605733
38	15.211265929372635
39	15.556039779261548
40	15.414332955402754
41	15.566015819777853
42	15.754072671748634
43	15.24405579643645
44	15.841693980862713
45	15.693151219247337
46	15.66795638746695
47	15.496081112677167
48	15.268857055100115
49	15.451371547717862
50	15.320585858904568
51	15.217512448642845
52	15.522635140705024
53	15.464119745620602
54	15.30859045392144
55	16.215902468295344
56	15.339467657498485
57	15.47574278738854
58	15.593966217016519
59	15.193611841526636
60	15.540519483796906
61	15.68547224958967
62	15.70388868071986
63	15.646054458931486
64	15.575439069002293
65	15.443840097429314
66	15.896288091221237
67	15.321397243252958
68	15.71051448065701
69	15.708071708436686
70	15.861512620323547
71	15.65648417611317
72	16.059925553831974
73	15.643743278816558
74	15.446304204261788
75	15.405066276108169
76	15.983576977386027
77	15.674538004534483
78	15.224551855676623
79	15.433975049289668
80	15.410105356910236
81	15.734602287043135
82	15.703380423004761
83	15.42216642851498
84	15.705516778965858
85	15.308211227687858
86	15.744821450173564
87	15.495050599657832
88	14.986874996948918
89	15.060260655199913
90	15.164961750440694
91	15.25428712431043
92	14.710857605455946
93	15.094200951318351
94	15.257564734477969
95	14.847390461546665
96	14.792507149632565
97	15.584999163904198
98	15.303248052572588
99	15.1859469126285
100	14.702210647089489
101	15.284856815958234
102	15.073294374025297
103	14.756901012949161
104	15.273894533232086
105	14.982253181626888
106	15.029794783288764
107	15.64968580097373
108	14.971091865978728
109	15.299125726385164
110	15.352148928867427
111	15.242595635489769
112	15.27882387657681
113	14.915315664487363
114	15.150656747175356
115	15.11821537692357
116	14.864851512448451
117	15.131102141663678
118	15.021347951003525
119	14.971932456502069
120	14.998426294238884
121	14.89295230151345
122	15.162099275166462
123	15.051802750008203
124	15.105088340345157
125	14.910410423404883
126	15.170357398563723
127	14.828074539274215
128	15.21816683594942
129	14.871200473017849
130	15.404173719600092
131	15.037011004990198
132	15.139401828042477
133	14.867305063209553
134	15.15832485791844
135	15.359592476213471
136	15.111573051587987
137	15.452440653654826
138	14.794164349656072
139	15.059009997500059
140	15.083143703049181
141	15.374671743032415
142	15.187811589135428
143	15.16099334581011
144	15.01486864744678
145	15.046173993000393
146	15.061460527029293
147	15.1283412745193
148	15.11654465572767
149	15.179836404508075
150	15.418508068520469
151	14.873521580607942
152	15.147177379892192
153	14.270764906666706
154	14.234230218877297
155	14.731683450902784
156	14.980682131245953
157	14.538670879721632
158	14.508317518178787
159	14.669338479698768
160	14.481180401684956
161	14.52687379552438
162	14.6426214494002
163	14.772204175818311
164	14.392836578708327
165	14.994460501570426
166	14.988503427524611
167	14.618693256695007
168	14.414582311522913
169	14.271945321439338
170	14.551201650139657
171	14.320315474586199
172	14.148998645241024
173	14.438794793708981
174	14.608928946342552
175	14.668362566035167
176	14.832804163375501
177	14.768148164481742
178	14.711466482410552
179	14.408830227110194
180	14.546412023968863
181	14.173868357357525
182	14.954105105547209
183	14.62150787527478
184	14.47568738191181
185	14.86204940003375
186	14.882307693332526
187	14.528763057857411
188	14.748176427761877
189	14.671423167737126
190	14.761606163771475
191	14.834527867171829
192	14.750228839160641
193	14.901658112037358
194	15.229877254347057
195	14.712010421924113
196	14.734992377595539
197	15.234056789422075
198	14.935143837735957
199	14.809122140590198
200	14.931476361467652
201	14.837556809924155
202	14.811531935750537
203	14.793047550377723
204	14.673662184537909
205	14.35196616688623
206	14.684484408839307
207	14.613288433780928
208	15.114638204109422
209	14.965521231980688
210	14.81591454083834
211	14.901872179529057
212	14.302531827439452
213	14.500390175452305
214	14.881643552763393
215	14.777854781419586
216	14.750480967400259
217	14.807782114170244
218	14.625267274106246
219	14.739795661022631
220	14.82970665832444
221	14.7291436392481
222	14.737096639031508
223	14.465771180633025
224	14.65119899797111
225	14.791151082152824
226	14.873931036525157
227	14.657464727361893
228	14.64298214735459
229	14.146890822336445
230	14.710847882128627
231	14.687776727613075
232	14.815433530168734
233	14.726834281009769
234	15.163518786948623
235	14.9676534012703
236	14.534316403494595
237	14.38585542493138
238	14.404407664494881
239	14.871923124236027
240	15.158891720717177
241	14.796919495111686
242	15.408174367740383
243	15.177310440889098
244	15.263107489703438
245	14.841530881244694
246	14.844138046287993
247	14.90462377442934
248	15.223408542386034
249	14.469130979316683
250	14.88370896478086
251	14.791013128402515
252	14.511211679282736
253	14.770723019507956
254	14.855683689685357
255	14.803037525417208
256	14.88339569353794
257	14.914749359644212
258	14.533462776059162
259	14.983270185783987
260	14.998970718581136
261	14.847015489565901
262	15.165932032266744
263	14.876790761202484
264	14.883826185702116
265	14.773539989219007
266	15.210882672437531
267	14.354461658760933
268	14.948275164163142
269	15.369170687384551
270	14.579199350988105
271	14.885520802623812
272	14.742512917796004
273	15.071544281934171
274	14.63893340739433
275	14.757796901128948
276	14.717329741138634
277	14.833411619019426
278	14.951887795833425
279	14.980918957862123
280	14.911466843927318
281	15.142689420725373
282	14.479860199815787
283	14.84230785758527
284	14.75108025069624
285	14.863082084570468
286	15.041732425048766
287	14.761153467361844
288	14.816748221185904
289	14.940473523075413
290	15.03553084407674
291	15.217216372920195
292	14.638416271920482
293	14.546670801909002
294	14.539169977348614
295	14.697659978593855
296	14.694727113434482
297	14.483304425629255
298	15.252961225340973
299	14.83104934078049
300	14.95734728341747
301	15.250686419760994
302	14.759752586953532
303	14.843425315079731
304	14.561154303754996
305	14.802522005135907
306	14.482454789823182
307	14.84596391813587
308	14.631776046936404
309	14.646002450186556
310	14.920972508902823
311	14.984996980285098
312	14.71533822120154
313	14.271851079652606
314	14.735661306426916
315	14.689185475501597
316	14.982323911928159
317	15.064263151583988
318	14.892872657265764
319	14.97632305274765
320	14.275830246276751
321	14.53782825186206
322	14.894754221858163
323	14.742339972751326
324	14.575215314209116
325	14.523786537256724
326	14.778349316564258
327	15.00557070985228
328	14.87597748913897
329	15.071903761000174
330	14.472677651416477
331	15.080983434605127
332	14.60435208593621
333	14.862790008141237
334	14.602616563636305
335	14.817199831724563
336	14.470797018967536
337	14.747389619024283
338	14.396869815850499
339	14.83549929929999
340	15.060113051500558
341	14.45914600282562
342	14.786978985223124
343	14.745539866887201
344	15.108452106444805
345	15.505279777704052
346	14.855353570959595
347	14.838013927194693
348	14.51477118601276
349	14.603705952850857
350	14.38220843177478
351	14.833563045388765
352	14.626018716370297
353	14.513720729668147
354	14.775268001833592
355	14.794675017891516
356	14.30524500700339
357	14.30123639464146
358	14.533605650742993
359	14.252052918497514
360	14.652833685945675
361	14.85761446094531
362	14.470490798343185
363	14.080120166856181
364	14.047424806164996
365	14.591271539933894
366	14.591129629053315
367	14.548942558213394
368	14.493643862553556
369	14.39933400220385
370	14.843963346647055
371	14.53788075814402
372	14.43297723732181
373	14.528741857015946
374	14.52627907223934
375	14.23436853408454
376	14.783067539972631
377	14.34042895672563
378	14.300557071950903
379	14.61217502509861
380	14.224675178713731
381	14.506581718765831
382	14.669897165709555
383	14.235060507873913
384	15.02828917283573
385	14.617513532881866
386	14.318093160666013
387	14.665245610209976
388	14.300635751876237
389	14.410162139695382
390	14.57358012883576
391	14.339904636764798
392	14.791368463024405
393	14.22319986221249
394	14.438438651395659
395	14.635223143994748
396	14.576212382561527
397	14.607886008063414
398	14.459531276685535
399	14.781721453071576
400	14.653404091590874
401	14.877398953342752
402	14.567456840646512
403	14.655672315161091
404	14.632883036187492
405	14.519340242372628
406	14.892863730989275
407	14.621315613760443
408	14.547569792137807
409	14.934801073205406
410	14.931726049410987
411	14.408338288741252
412	14.669558116884343
413	14.554248610170967
414	14.391329134374958
415	14.772704036944834
416	14.695703204279186
417	14.065629631923894
418	14.138788948692842
419	14.787741840532552
420	14.638326117688099
421	14.921793322635999
422	14.791333229341928
423	14.333194605302191
424	14.800197857323072
425	14.517385223943881
426	14.727048437727133
427	14.573198431712212
428	14.272778104096517
429	14.419713725779875
430	14.730708875354106
431	14.549346271640129
432	14.283956019727981
433	14.487323098175928
434	14.25205298609508
435	14.49197881881751
436	14.596922497549366
437	14.667855031427887
438	14.482340737934441
439	14.145771251378584
440	14.704776204969123
441	14.356580815267284
442	14.809223598399605
443	14.658661811070212
444	14.657501824830304
445	14.764494994219872
446	14.783647825001344
447	14.89765412105271
448	14.266475780629971
449	14.659060417912267
450	14.862209080669617
451	14.908361314108676
452	14.576863693232003
453	14.640822903125693
454	14.489404595089589
455	14.648866654361758
456	14.669458528128569
457	14.498301856163774
458	14.453332216533518
459	14.5883214464523
460	14.608104319583509
461	14.031979304789736
462	14.686230454194924
463	14.831006495813437
464	14.707345377586073
465	14.860415184819852
466	14.522261261213588
467	14.623609444955843
468	14.684683025075136
469	14.688203059168448
470	14.759311520503909
471	14.784148106628061
472	14.699150260195651
473	14.7794602612186
474	14.679961798001647
475	14.592306124771639
476	14.755144882562965
477	14.984872534163342
478	14.613479314733125
479	14.696598338553178
480	14.228667195079069
481	14.817410686130913
482	14.79952207108973
483	15.23303639483426
484	15.066594965878915
485	14.77041184148565
486	14.64670589744027
487	14.54145734509096
488	14.515440171262899
489	14.214398567588416
490	14.512448936942805
491	14.252861459057227
492	14.417400129418985
493	14.504857829786475
494	14.69894744038087
495	14.73673976691068
496	14.703990401527742
497	14.526513716020279
498	14.186140936975141
499	14.976029302190943
500	14.987318538754167
501	14.67580764547568
502	14.807996125893537
503	14.696241961435422
504	14.86740066250603
505	14.708781034206776
506	14.561851295268136
507	14.631682452115696
508	15.152492908077177
509	14.613231971855015
510	15.035031886369255
511	14.745269757888185
512	14.763704576424104
513	14.513490861635606
514	14.489225220828276
515	15.137920240517213
516	15.223230199195218
517	14.75602317046437
518	14.874589625494174
519	14.95367471010767
520	14.532721029316672
521	15.19141538168335
522	14.653904215042923
523	14.65709489416575
524	14.470664382277477
525	14.773419221420534
526	14.458417309068224
527	14.792911122930937
528	14.365358837383686
529	14.930170825110514
530	14.669815001416994
531	14.496195508469519
532	14.6636555558928
533	14.540144552824813
534	14.52561032434214
535	14.425898035280577
536	15.159732950775343
537	14.499576103106763
538	14.661352847146008
539	14.493232494498608
540	14.82816030828787
541	14.702937762917012
542	14.969113830261392
543	14.60850571697066
544	14.657714299763043
545	14.460789655924904
546	14.640422229363631
547	14.934427375922816
548	14.840311319880167
549	14.80729831450151
550	14.454445783522708
551	14.757889476904916
552	14.752520018844855
553	14.423249982972179
554	14.624371361978966
555	14.968228461970474
556	14.597155888235426
557	14.870983961341851
558	14.849560274204219
559	14.83233660308209
560	14.94507714162925
561	14.52789601465652
562	14.6701446112917
563	14.548008830712915
564	14.704876232284768
565	14.369168292658964
566	14.737607252265391
567	14.596154490478922
568	14.595080955305857
569	14.51621541899827
570	14.43235520756837
571	14.494489452437035
572	14.59569967383393
573	14.377305515562794
574	14.413801379583438
575	14.482304855490339
576	14.678196965909956
577	14.72219483328674
578	14.864566302616902
579	14.42575885743677
580	14.579635570556098
581	14.32914144923409
582	14.512922073804063
583	14.399562297390673
584	14.571487974307852
585	14.645225174995648
586	14.429420789495818
587	14.5357292764385
588	14.391662880142748
589	14.564006798744968
590	14.673768315838835
591	14.698332208641382
592	14.436715552642776
593	14.51253347241867
594	14.737586275722775
595	14.660455609132852
596	14.467883485996705
597	14.693792212937087
598	14.279585606307927
599	14.114922265174041
600	14.37228660355206
601	14.810189090564265
602	14.838309238219214
603	14.523475003422417
604	14.319802438550155
605	14.325284120671897
606	14.289560919435873
607	14.429585265563968
608	14.464087558171661
609	14.576689393744108
610	14.413851809150067
611	14.822808875638836
612	14.38470532163004
613	14.36174038191262
614	14.209301407543695
615	14.32996284412782
616	14.3820520750604
617	14.022123987113757
618	14.283763884142697
619	14.336064874765066
620	14.129312300546701
621	14.020022231166632
622	14.418607566886918
623	14.661920885757675
624	14.85902283090538
625	14.309943879643923
626	14.502940880548916
627	14.554180718520936
628	14.986570680707578
629	14.698136153259272
630	14.588797342980047
631	14.51245159208107
632	14.45692424991116
633	14.480550179850566
634	14.470519402484827
635	14.41997933609687
636	14.306162796935425
637	14.537614000231226
638	14.214625208559108
639	14.701006047069598
640	14.780598741848015
641	15.01908901194739
642	14.855837450450425
643	14.662800742648022
644	14.574952335055244
645	14.515643835664672
646	14.1621142872505
647	14.584696818188002
648	14.447484637462182
649	15.052413185454299
650	13.825536733914744
651	14.731089631605796
652	14.367560941653283
653	14.75312590587578
654	14.445377217557445
655	14.270353353664996
656	14.497247632922175
657	14.177179086726538
658	14.507952840392827
659	14.322981401653987
660	14.15520377748819
661	14.625094970395416
662	14.607630745877104
663	14.617761502016366
664	14.1129184491548
665	14.611521532868592
666	14.63822168224113
667	14.227216703838476
668	14.174047302726674
669	14.684805638583963
670	14.410803523797906
671	14.951412740635629
672	14.589018762294787
673	14.40060786719992
674	14.521284718404111
675	14.376811768724943
676	14.262418098276905
677	14.890499539987804
678	14.870395792198384
679	14.867963669552303
680	14.784466856010456
681	14.878394189989441
682	14.619199141001323
683	15.22326864895137
684	14.982312736723046
685	14.35656297455056
686	14.95711132878642
687	14.515923536883077
688	14.878952444563717
689	14.578481944310575
690	14.790963955831959
691	14.90976185387126
692	14.820519217067332
693	14.688616068727903
694	14.50790811151792
695	15.026123213711253
696	14.95836286364267
697	14.879242434390866
698	14.70249127318437
699	14.663753050708792
700	14.424585173500661
701	14.49746568029083
702	14.410752027166644
703	14.389689081897401
704	14.750031698197798
705	14.790172656183882
706	14.43143209348051
707	14.865083520642159
708	14.98730367900645
709	14.763644411548896
710	14.738932459711242
711	14.788560278047116
712	14.69735066257148
713	14.95344372533602
714	14.921042955709039
715	14.995212243071993
716	14.604995494372698
717	14.692528728945197
718	14.512394096602323
719	15.023509871873804
720	14.891150171419492
721	14.58489303151666
722	14.747234940025397
723	14.228100658993448
724	14.26873035051056
725	14.575516120022447
726	14.798429634476005
727	14.332508974737822
728	14.842872781706872
729	14.9523680485863
730	14.354423611714397
731	14.804220131804039
732	14.606493644246207
733	14.67006751341076
734	15.08450362202547
735	14.554817082661872
736	14.864286249845001
737	14.570255952668644
738	15.053846010956036
739	14.745932552492949
740	15.129055124058954
741	15.225320400145382
742	14.997393151468641
743	14.859172243277355
744	15.076187688076843
745	14.3206707872209
746	15.040395592825613
747	14.702228804764776
748	14.535940404046203
749	14.58860048022595
750	14.285407444731177
751	14.764368045480325
752	14.202855414557753
753	14.965355217377718
754	14.82896282799193
755	14.835110995737587
756	14.742499983958357
757	14.229564628570854
758	14.363899738850819
759	14.624012074337742
760	14.05575109953206
761	14.242698924365694
762	14.264323946586751
763	14.453548666040735
764	14.12495524727911
765	14.38676869647506
766	14.4886595733193
767	14.330040386837656
768	13.986173492279312
769	14.271011022887228
770	14.300256699576325
771	14.47681379168652
772	14.584309752224762
773	14.333041257057843
774	14.243202861927841
775	13.94395053371657
776	14.896935231508674
777	14.218204417402546
778	14.599452957232323
779	14.19553521751192
780	14.276238607499758
781	14.123936052581929
782	14.335194462081295
783	14.64029541092602
784	14.621536912855843
785	14.878754028317402
786	14.870966818021131
787	14.67596216522006
788	14.435301643896858
789	14.561728895482105
790	14.587411701040404
791	14.781253209530695
792	14.57238912676171
793	14.56333002648805
794	14.699792081307782
795	14.681820941746587
796	14.459822953278127
797	14.990161829096966
798	14.606978162738956
799	14.85527565801381
800	14.73546853206315
801	14.858264943745112
802	15.019643012425348
803	14.818277967841048
804	14.840211356728888
805	15.116908699001494
806	14.917081915294277
807	14.862966020498117
808	15.082936296486135
809	15.11526463555443
810	14.795295523792525
811	14.831651762587361
812	14.603515237273854
813	14.745374581995442
814	14.83273381430929
815	14.581819591986715
816	14.177705171782911
817	14.276748320167506
818	14.370079577342711
819	14.740236483797121
820	14.459172860933057
821	13.973193889920402
822	14.388372996014887
823	14.319911788315771
824	14.02092722820627
825	14.555644673638627
826	14.647957470477166
827	14.604317058069139
828	14.451278978686569
829	14.505242673787567
830	14.69135207433417
831	14.57200697790486
832	14.33833874930045
833	14.229107207503471
834	14.147348477563783
835	14.59219686248124
836	14.797017439547828
837	14.394518844935162
838	14.559718340550942
839	14.868056992912042
840	14.819785609781357
841	14.523511458725903
842	14.432826287374281
843	14.637970232949295
844	14.754957510050334
845	14.946530243219735
846	14.425958142160008
847	14.303246977041574
848	14.339913168313243
849	14.626171408941737
850	14.452684983891604
851	14.053977595437113
852	14.408713305484111
853	14.416900948365745
854	14.689109843416443
855	14.487744876466502
856	14.325071673946576
857	14.828866735733474
858	14.36606884889483
859	14.308005655983909
860	14.313854671592123
861	14.977863179559918
862	14.566926583705868
863	14.370637891005861
864	14.320061777392894
865	14.72555609446453
866	14.204470399994124
867	14.318643370503533
868	14.478997253988302
869	14.382219594315737
870	14.507241431210687
871	14.587886323183984
872	14.781803926847632
873	14.884718174827412
874	14.762749994484897
875	14.669315341643955
876	14.331761350791437
877	14.576338883335273
878	14.772225711598692
879	14.545070123430525
880	14.616563279620069
881	14.633677774087083
882	14.75303026383926
883	14.736524822642547
884	14.733867136575757
885	14.377318329614463
886	14.610226571567582
887	14.60770656757342
888	14.844325467639578
889	14.83774923616673
890	14.73254848695828
891	14.265371184915926
892	14.365562525898623
893	14.610044680562305
894	14.940088271786937
895	14.66096189793734
896	14.311939303042807
897	14.456294286366342
898	14.193633805046195
899	14.51232395412344
900	14.68762601381305
901	14.470703498490893
902	14.231723441247865
903	14.54667029936538
904	14.697269709599796
905	14.471585926472224
906	14.67353404410618
907	14.932244165060059
908	14.377327078538741
909	14.300834034353983
910	14.429952355812512
911	14.57441321252673
912	14.232219615242753
913	14.189166936432999
914	14.183041290938474
915	14.142976983163699
916	15.019809015601
917	14.163173961280103
918	14.550319616064767
919	14.09718984425237
920	14.212645940831106
921	14.310098349501805
922	14.129120469915447
923	13.932112146729157
924	14.127881286064792
925	14.596589881162759
926	14.801686161283168
927	14.260098714963465
928	14.400480622094303
929	14.342728475634082
930	14.453757985174557
931	14.71538895029156
932	14.462537866016657
933	14.713190112838397
934	14.474565732137561
935	14.361091356518621
936	14.02046684407281
937	14.504677939384724
938	14.51031161994715
939	14.355423366358725
940	14.50623421583344
941	14.23457080956457
942	14.159935580733887
943	14.168730630154451
944	14.45609207189114
945	14.264996953115453
946	13.959326865986393
947	14.411340280703431
948	14.328705366696711
949	14.639854005221297
950	14.889937198172039
951	14.805053549800196
952	14.86912578320667
953	14.75836384373867
954	14.496518684379275
955	14.996323762296749
956	14.484614848960467
957	14.75176683003875
958	15.26903681627607
959	14.509713614162354
960	14.809358664775091
961	14.65884160190181
962	14.866124218618046
963	14.51530228264746
964	14.854835822711742
965	14.683540871509988
966	14.466145400191321
967	14.71296741641165
968	14.674892949372207
969	14.441115312008973
970	14.42974365850696
971	14.605141280700208
972	14.646117661994293
973	14.618833953107375
974	14.393521575533518
975	14.437983177158294
976	14.685755696137598
977	14.473975480691221
978	14.544955923307588
979	14.380853647506944
980	14.262684476050076
981	14.397207871270489
982	14.872312612488896
983	14.569041762855878
984	14.578377672162027
985	14.696036299095413
986	14.226332105565918
987	14.696992213927146
988	14.290586965572183
989	14.36089092840756
990	14.775991595380443
991	14.833700573502297
992	14.728027216732212
993	14.434834003024946
994	15.057445315548364
995	14.384884777975888
996	14.327937311996218
997	14.42783452812451
998	14.489518429555332
999	14.409548656054133
1000	14.492506293677877
1001	14.490637441647737
1002	14.597897016330139
1003	14.830837385900818
1004	14.597876049796144
1005	15.078330957903194
1006	15.317875329816069
1007	14.565429571028668
1008	14.995984157996956
1009	14.736880895066568
1010	14.423364429536345
1011	14.554004146900937
1012	14.850309793953192
1013	14.469950216235114
1014	14.496876705770601
1015	14.477218404905
1016	14.14670920488998
1017	14.57190503475263
1018	14.356087341201215
1019	14.302285539225275
1020	14.816633267957526
1021	14.30029578346495
1022	14.878042069447254
1023	14.402082104852141
1024	14.710930129630619
1025	14.313951245028342
1026	14.427678721443101
1027	14.633764682357855
1028	14.349454664398792
1029	13.967258525540803
1030	14.566211290630562
1031	14.510727669682694
1032	14.38818186449421
1033	14.498821995219226
1034	14.00993172733706
1035	13.905834930769498
1036	14.50767688189503
1037	14.142730930869586
1038	14.403114311279896
1039	14.528475855916513
1040	14.619743105690521
1041	14.312268821415145
1042	14.396900854988223
1043	14.155858776138956
1044	14.62362640830312
1045	14.109760442957313
1046	14.67679465800991
1047	14.646066372157813
1048	14.669132273982333
1049	14.530305770635323
1050	14.869041701131879
1051	14.864614810614636
1052	14.313497148351063
1053	14.901602161172654
1054	15.013479243442035
1055	14.562867031781254
1056	14.856210757597824
1057	14.751061120656761
1058	14.294926778018812
1059	14.474124598021943
1060	14.282374939686385
1061	14.498653972018078
1062	14.203105586659362
1063	15.242670798225486
1064	14.929284257709588
1065	14.774332911511618
1066	15.324001324059585
1067	14.747583690258729
1068	14.763025955334825
1069	14.918794717159795
1070	14.89668270293293
1071	14.193338207946384
1072	14.84467677604561
1073	14.713232436432564
1074	14.800240757625707
1075	14.519584504145866
1076	14.423432302584615
1077	15.232335443956867
1078	14.047341789527911
1079	14.502480588662836
1080	14.551229019729659
1081	14.554936408046123
1082	14.865982487910102
1083	14.520055031199462
1084	14.564110587584954
1085	14.702714951497
1086	14.618090522071743
1087	14.72813353491143
1088	14.641147723894607
1089	14.848494377901478
1090	14.489424866546901
1091	14.839593290162918
1092	14.611915812461469
1093	14.56640701481499
1094	14.790987952707713
1095	14.221689359640223
1096	14.820421658399582
1097	14.630793990642402
1098	14.80821567064
1099	14.25316834079973
1100	14.755376359310246
1101	14.56838709794075
1102	14.539854605436112
1103	14.229216753394363
1104	14.3641948927922
1105	14.172320793300814
1106	14.81432555125688
1107	14.960996517921592
1108	14.728794787077412
1109	14.760141823406633
1110	14.371793900242064
1111	14.47107204848343
1112	14.596541741195733
1113	14.934160970759592
1114	14.995052154866647
1115	14.480871187157458
1116	14.53213052679179
1117	14.982334383221632
1118	14.495552568957642
1119	14.753125198554953
1120	14.887574442103032
1121	14.607317650567156
1122	14.836824415845964
1123	14.623215016926574
1124	14.807147035650676
1125	14.476092284164416
1126	14.625746549703827
1127	14.508923065530402
1128	14.395543350569152
1129	14.061673396257703
1130	14.502634501545685
1131	14.443114568642518
1132	14.675500099834656
1133	14.20602401896381
1134	14.78656142694362
1135	14.462210609336697
1136	14.516580897106358
1137	14.654704875210797
1138	14.57100024144402
1139	14.580376426597793
1140	14.791556686992692
1141	14.43099493241841
1142	14.797886181071753
1143	14.657779617240056
1144	14.674026864665107
1145	14.873781583115498
1146	14.765175498763867
1147	14.484065756024034
1148	14.658804647699078
1149	14.15698647222792
1150	14.060533463583193
1151	14.744233763426532
1152	14.905833371362725
1153	14.839880325833835
1154	15.141001025537916
1155	14.851919596153667
1156	14.433122718193752
1157	14.599119949415135
1158	14.447627027826464
1159	14.64111762280616
1160	14.68123979510997
1161	14.616849518971458
1162	14.845465382972476
1163	14.823555213809883
1164	14.604684410819935
1165	15.111670482409583
1166	14.763380877528299
1167	15.328957243371045
1168	14.838781242938339
1169	14.864723873611714
1170	14.95997456213207
1171	14.937381370704328
1172	14.763002640557387
1173	14.438259111481305
1174	14.950888409808744
1175	14.643217182352798
1176	14.6138285009055
1177	14.438323521286764
1178	14.785935428834582
1179	14.813729923311458
1180	14.22977401871147
1181	14.058791761570873
1182	14.374190790278112
1183	14.731694341697303
1184	14.780964617740626
1185	14.897550016831948
1186	15.218036256607334
1187	15.04901326628876
1188	14.856843056425891
1189	14.588287162871259
1190	14.867219994267193
1191	14.982011995993064
1192	15.151039675164379
1193	14.801088333863815
1194	14.863006887151275
1195	15.030127690770264
1196	14.415958229087272
1197	14.284004423974068
1198	14.452173032097475
1199	14.840427559700343
1200	14.880695967619559
1201	14.539802098143353
1202	14.483994533103656
1203	14.596866341950816
1204	14.974270480611377
1205	15.134618261241156
1206	15.011029681386624
1207	14.788140440288426
1208	15.093908462745455
1209	14.948804468763244
1210	15.148816923590688
1211	15.293603350591042
1212	14.731094894594493
1213	15.210756795915195
1214	15.563000359033266
1215	14.74700006301168
1216	15.359879843781076
1217	14.468810642759314
1218	14.962138949046263
1219	14.533107739545565
1220	14.434296003548411
1221	14.353504750005794
1222	15.13395897204248
1223	14.504094237567786
1224	14.81406452341357
1225	14.745329145508007
1226	14.872797646241787
1227	15.040266878044077
1228	14.720958126361504
1229	14.570113444655084
1230	14.812103260116139
1231	14.521123923731382
1232	14.649009734756563
1233	14.697700709200342
1234	14.999557451789158
1235	14.759608571961728
1236	14.963737962060224
1237	15.119216494350136
1238	14.66677168495738
1239	14.66945182306192
1240	14.493888048649293
1241	14.81960745185724
1242	15.066917449705258
1243	14.364156749584177
1244	14.625682167191721
1245	14.223563469230005
1246	14.473577596914657
1247	14.368539914100076
1248	14.786275212495834
1249	14.611319942279426
1250	14.873517403694837
1251	14.829516652956482
1252	15.039463584122236
1253	14.549606857248907
1254	15.23910602338548
1255	14.780718444313576
1256	15.037958702025211
1257	14.823764083304992
1258	14.714680992094976
1259	14.665307687652042
1260	14.81778469189044
1261	14.569320515002373
1262	14.505702965086344
1263	14.504061740216114
1264	14.57762721767369
1265	14.845944991310134
1266	14.765246880819806
1267	14.382525036745015
1268	14.454013178053506
1269	14.051764047372316
1270	14.46340083470555
1271	14.435126635745382
1272	14.381171027127591
1273	14.857390664308799
1274	14.441112243862817
1275	14.607605054075185
1276	14.198996030363764
1277	14.167036022276907
1278	14.235255213760436
1279	14.523028111506965
1280	14.121150605583088
1281	14.705723459862941
1282	14.109868473310938
1283	14.375357849738682
1284	14.685771174528561
1285	14.384774087178286
1286	14.510120973762652
1287	14.545537553950812
1288	14.81641144473815
1289	14.6013346057447
1290	14.936115291802722
1291	14.113513853558686
1292	14.641709564272412
1293	14.423091812958127
1294	14.235364008005826
1295	14.46603158373508
1296	15.011510847927854
1297	14.990632979071268
1298	14.378477686624741
1299	14.435336761899595
1300	14.316576230011506
1301	14.495455998237288
1302	15.350837406299473
1303	14.170739674384839
1304	14.552575626407265
1305	14.409466726568137
1306	14.449324753057303
1307	14.37015353847334
1308	14.108619076652888
1309	14.494721393329188
1310	14.52248637815026
1311	14.229083113257975
1312	14.37828297975306
1313	14.13736301894655
1314	14.477506258267727
1315	14.46987282382237
1316	14.394901573855034
1317	14.588539820994791
1318	14.132416923334103
1319	14.602953652916066
1320	14.708017844383162
1321	14.221683088211153
1322	14.123941406696533
1323	13.875913874604354
1324	14.087910817915136
1325	14.179830952568064
1326	14.444917236536375
1327	14.563523462712851
1328	14.19728074541433
1329	14.476832247571373
1330	14.429778651515889
1331	14.623099037336752
1332	14.985793796145016
1333	14.810836488369528
1334	14.041299402338112
1335	14.08419051808397
1336	14.329104761159364
1337	15.067640732333544
1338	14.33037811741264
1339	14.245725173082205
1340	14.839357841041664
1341	14.191520128389431
1342	14.819101084966993
1343	14.93245781033417
1344	14.158190463781493
1345	14.457228422060941
1346	14.764247668635676
1347	14.532230931258876
1348	14.912712139105187
1349	14.846490191724497
1350	14.900716482127661
1351	14.79878603654595
1352	14.115362810037952
1353	14.621611392345129
1354	14.522356050087119
1355	14.927082555748125
1356	14.454381651896979
1357	14.637149898324806
1358	15.240773379069985
1359	15.110784790956018
1360	14.796778971235069
1361	15.106942501761738
1362	14.885184636197492
1363	14.435471391094742
1364	14.656477486947425
1365	14.30129861432178
1366	14.873403362249784
1367	14.533171175897651
1368	15.06013633102746
1369	14.501252425410389
1370	14.826514528231646
1371	14.663252248612924
1372	14.642465646546203
1373	14.625633831922821
1374	14.162835020051004
1375	14.35182507490368
1376	14.252138758610407
1377	14.721004426978894
1378	14.084088449570924
1379	14.472510950085042
1380	14.306466564722744
1381	14.440469193738677
1382	14.710125912689879
1383	14.972428481282325
1384	14.754856091338581
1385	14.414127114072976
1386	14.37441258246188
1387	14.033281203023428
1388	14.106404368947688
1389	14.30135251382134
1390	14.096990384595331
1391	14.185430912185232
1392	14.586524293738039
1393	15.127189773336925
1394	14.86704742487249
1395	15.004196933534274
1396	14.690475511710632
1397	14.912229436536764
1398	15.284391309630033
1399	14.954681685112751
1400	14.976932571343745
1401	15.16340653043271
1402	15.071794703926496
1403	15.244665510830014
1404	15.248974536140143
1405	14.026218684053015
1406	14.4320145370192
1407	14.62045813095515
1408	14.342034593304511
1409	14.635858153954967
1410	14.89785194449853
1411	15.365734072472872
1412	15.27378840561065
1413	14.722280244410651
1414	14.434624955947298
1415	14.607473158608691
1416	14.623558618438235
1417	14.867378498500164
1418	14.556858482230147
1419	14.104062277892611
1420	14.70513810519947
1421	14.404179810425115
1422	14.624975559767437
1423	14.607341971761063
1424	14.392396499570708
1425	15.079957805204431
1426	14.71907291454471
1427	14.652677488565642
1428	14.77316310093838
1429	14.77862144930801
1430	15.174539967421364
1431	15.090616279277633
1432	14.607007412598009
1433	14.92809077724148
1434	14.817239163579574
1435	14.66365368521264
1436	14.434230576259612
1437	14.779331275451934
1438	14.634661420050724
1439	14.945441087623527
1440	15.097486359475605
1441	14.81331084514264
1442	14.827684456204313
1443	14.574159327164866
1444	14.583734500945868
1445	14.358559416774971
1446	14.68107539544332
1447	14.712197546255727
1448	14.844601726558585
1449	15.305498576742627
1450	14.97111756519314
1451	14.46653961853722
1452	14.33683567087176
1453	14.971608498663251
1454	14.670957754054442
1455	14.613184226587377
1456	14.70656984612636
1457	14.336418159463129
1458	15.13064724583046
1459	14.973549868908947
1460	14.663703243349731
1461	14.38711433771924
1462	14.811129874273254
1463	14.48096323786393
1464	14.431889871157736
1465	15.038001342603568
1466	14.604143086443605
1467	14.864719074461675
1468	15.030258097827327
1469	14.6238578491546
1470	15.29185853639534
1471	14.51304289937171
1472	14.784035371520156
1473	14.833914561715524
1474	14.399947632146377
1475	14.804914048903365
1476	14.693000682942628
1477	14.581148654415713
1478	14.335935112618712
1479	14.317805374710757
1480	14.836632250836905
1481	14.857421778377027
1482	14.62913668420979
1483	14.690072867674182
1484	14.7614772643146
1485	14.614073075001608
1486	14.498925052017068
1487	14.558589273682317
1488	14.913929617177699
1489	14.876882766759614
1490	14.29797534952288
1491	14.571047933996006
1492	14.470517624662508
1493	14.65978634010279
1494	14.630040225038794
1495	14.96535708657743
1496	14.575156979583827
1497	14.652223777970494
1498	14.671713657405975
1499	14.622858839308446
1500	14.873858076040646
1501	14.763553700761252
1502	14.71042136795529
1503	14.4390694524675
1504	14.387980898523889
1505	14.35776881354798
1506	14.794764952411649
1507	14.437684140499172
1508	14.797594399759598
1509	14.766522766790711
1510	14.81424388826007
1511	14.809311561161206
1512	14.41790831008275
1513	14.525116537097773
1514	14.710284311670447
1515	14.511209913443855
1516	14.167048624190016
1517	14.45419902817954
1518	13.86510165031445
1519	14.368073157497784
1520	14.287477434460655
1521	14.669621838914512
1522	14.447237685623099
1523	14.366198351835074
1524	14.41778787758635
1525	14.917560531096361
1526	14.544475706091452
1527	14.464948734146237
1528	14.527568543550437
1529	14.944473073620493
1530	14.920602854397236
1531	15.262158790536754
1532	14.71031897501013
1533	14.724147463411748
1534	14.744311578360053
1535	14.526691579212612
1536	14.421753661258277
1537	14.759526230123562
1538	14.891367845159218
1539	14.365305880712759
1540	14.673654639315082
1541	14.956611563566625
1542	15.005031973952764
1543	14.777411933458797
1544	14.87126909071773
1545	14.79082992983744
1546	15.105252499096848
1547	15.267813390597848
1548	14.993899186737279
1549	14.659961925380413
1550	15.261139034646003
1551	15.115803595866398
1552	15.057691263776745
1553	14.924508064793057
1554	15.097240509566792
1555	14.942773190536185
1556	14.894969337497137
1557	15.071895699985783
1558	14.952150746134068
1559	14.536845281223219
1560	14.690134059049228
1561	14.741785220893744
1562	14.185687823735684
1563	14.46250255182136
1564	14.75437901554706
1565	14.308447984784376
1566	14.555332561047937
1567	14.46911502469082
1568	14.377136809526768
1569	14.804658359388393
1570	14.757212768088975
1571	14.597268963253917
1572	14.842461437184747
1573	14.724717305868035
1574	14.680660912988131
1575	14.328684660279038
1576	14.93066634414401
1577	14.84427953561891
1578	14.263811793984237
1579	14.752752268367493
1580	14.487939652747134
1581	14.888572489670132
1582	14.454503230430408
1583	14.825926619722853
1584	14.796783499695993
1585	14.672989821282973
1586	15.027992559576328
1587	14.523055863000202
1588	15.205128660184371
1589	14.500354342379726
1590	14.596847651635143
1591	14.80334430178841
1592	14.870413883312317
1593	14.484142498035464
1594	15.159253622987663
1595	14.870476868936317
1596	14.857736972409581
1597	15.010781985485718
1598	14.603306576586629
1599	14.489525280009614
1600	14.937820607083403
1601	14.803072371836453
1602	15.031575735579922
1603	14.832180050497492
1604	14.683777781937682
1605	14.33681198211055
1606	14.900785237417953
1607	14.607867337081808
1608	14.702310049596894
1609	14.900249953085627
1610	14.608632925870554
1611	14.795341652968485
1612	14.916218216132833
1613	14.822708004797002
1614	14.589877600413457
1615	14.607945972145057
1616	14.338859017196977
1617	14.538702967770396
1618	14.843416051829973
1619	14.695979403004898
1620	14.11205248129857
1621	14.514965294744277
1622	14.429473642743458
1623	14.803980826962283
1624	14.44337144760443
1625	14.970956145133464
1626	15.069616179305799
1627	14.53533221606511
1628	14.65082507296319
1629	14.74445150086609
1630	14.408446477540721
1631	14.829605675963071
1632	14.623024168864442
1633	14.641186024430915
1634	14.30544120405349
1635	14.677550527720262
1636	14.315505948344688
1637	15.10480748216999
1638	14.9318602826739
1639	15.035500335961721
1640	14.584067916095425
1641	14.953522036919363
1642	14.94355596209592
1643	14.690870851908011
1644	15.065597643105242
1645	14.785751373596636
1646	14.399183371883845
1647	15.112140289045294
1648	14.351982404145527
1649	14.683708228342647
1650	14.917342570982767
1651	15.077025385471543
1652	14.933861492906576
1653	14.850193146564475
1654	14.872250110191171
1655	14.72911321200007
1656	14.867161562207128
1657	14.724270018077434
1658	14.448967718046434
1659	14.342153647270576
1660	14.773716586426616
1661	14.88317061066539
1662	14.649511546982351
1663	14.508001364858718
1664	14.809321584965412
1665	14.858417696568592
1666	14.988531468809676
1667	14.860050983058807
1668	15.106259562760508
1669	14.887460906343414
1670	14.649351737073804
1671	14.412736880680738
1672	14.928276673986506
1673	14.603435365947565
1674	14.560895348085126
1675	14.847036572426932
1676	15.025465390355446
1677	14.903908586192905
1678	15.209917095466258
1679	14.764664286818531
1680	14.965633092987062
1681	14.950667005666467
1682	14.288847629300403
1683	14.736421241490351
1684	14.329347929173558
1685	14.877784439425232
1686	14.172852265123796
1687	14.702097070876293
1688	15.012567550170392
1689	14.963473473066708
1690	14.441186800417519
1691	14.480829308343248
1692	14.935722826437615
1693	14.792789866131152
1694	14.701511889391053
1695	15.01916967375722
1696	14.485685580838002
1697	14.705294128709728
1698	14.538692817965572
1699	14.97370951034363
1700	15.008367160289897
1701	15.366527814389459
1702	14.691366823060005
1703	14.49611378390924
1704	14.604625182166526
1705	14.946106090123957
1706	14.189525843478274
1707	14.87654964419296
1708	14.54227173276358
1709	14.80242008735498
1710	14.461040832262924
1711	14.731654373635529
1712	14.5574476035384
1713	15.028191664117346
1714	14.629377713921906
1715	14.400796626497183
1716	14.455261746653873
1717	14.727736642040567
1718	14.292705431830738
1719	14.365580283857781
1720	14.690277079532766
1721	14.677080130935309
1722	14.861504876956584
1723	14.278173384992689
1724	14.8218827794416
1725	14.534132099576743
1726	14.599751315731616
1727	14.358561577728699
1728	14.32353997933728
1729	14.462793519997515
1730	14.676021537988426
1731	15.065817853033023
1732	14.794319332881784
1733	14.670621968794224
1734	14.211762562460049
1735	14.58061329353088
1736	14.741470824662704
1737	14.786073156278093
1738	14.80463213969857
1739	14.466909144588652
1740	14.718739230722237
1741	14.511939192478854
1742	14.662749827712975
1743	14.449816269059417
1744	14.236201287788715
1745	14.489986143649535
1746	14.535704695008683
1747	14.091209968597791
1748	14.882021859134616
1749	14.787100427623002
1750	15.029276100306165
1751	14.843248725208829
1752	14.962205441313804
1753	14.212949918278902
1754	14.39176480046252
1755	14.736397375621003
1756	14.636117999927391
1757	14.668219853892495
1758	14.45349824396119
1759	14.447743857505506
1760	14.855207076538443
1761	14.537286585091483
1762	15.017044351846504
1763	14.934186268212141
1764	15.282076300776268
1765	15.463778954065862
1766	15.615553938038568
1767	15.873666032089902
1768	15.458689829981598
1769	15.421285357492685
1770	15.35297791117777
1771	14.921851793479618
1772	15.156539289089823
1773	14.904629859108928
1774	14.785957152565354
1775	14.80589013721299
1776	14.573774742963886
1777	14.660886098026786
1778	14.69436618119125
1779	14.521703438313137
1780	14.476124520066298
1781	14.80468232816936
1782	14.655712638977063
1783	14.49746509795085
1784	14.939965030408796
1785	14.834649971053581
1786	15.366490163908773
1787	14.58842124737799
1788	14.904053129496198
1789	15.042123914024991
1790	15.178977687858046
1791	14.866745340048736
1792	14.753640250271879
1793	14.984664545598925
1794	14.577352327262647
1795	14.635233159257536
1796	14.532821716211895
1797	14.87526060314457
1798	14.545359362787897
1799	14.875626654577625
1800	14.226525614581
1801	14.89321319816064
1802	14.34567179254317
1803	15.167615435746454
1804	14.939472702771829
1805	14.675742456239224
1806	14.744980258165107
1807	14.599155505407316
1808	14.59524312530661
1809	14.839972916095965
1810	15.224885848052377
1811	14.533800788410256
1812	14.973730278571216
1813	14.68425553512387
1814	15.085997643907758
1815	15.025784742181997
1816	15.529245223847045
1817	14.851558119001746
1818	14.578641696776591
1819	14.491219622924364
1820	14.207789539797165
1821	14.514645202757613
1822	14.525061919854094
1823	15.075072369206273
1824	14.82273613792542
1825	14.85367394413123
1826	14.229246786757326
1827	14.755711244718334
1828	14.688419286119215
1829	14.68811867733965
1830	14.084763767116987
1831	14.836243029616224
1832	14.978124395320343
1833	14.844374920328441
1834	15.04919880722701
1835	14.996060410286733
1836	14.86080787577249
1837	14.656598823242025
1838	14.88864298640959
1839	14.946496885443418
1840	14.859090376673729
1841	14.666263781547173
1842	14.807006834716898
1843	15.180174261399664
1844	15.311961633861957
1845	14.91102578830778
1846	14.824959755473012
1847	14.86654082580409
1848	14.887988110263398
1849	15.313712297738403
1850	14.410603346638645
1851	15.090496785618672
1852	14.970250918024949
1853	15.011345590043907
1854	14.603116980952908
1855	14.716804122309595
1856	14.584881818936983
1857	14.679478155094321
1858	14.934357924456359
1859	14.840282389702443
1860	14.365211853236135
1861	14.484478498050965
1862	14.854657116399867
1863	14.959599438984768
1864	14.547029031677612
1865	14.50254790732324
1866	14.695806485242786
1867	14.952718781766979
1868	14.92572549093084
1869	14.502890308680344
1870	15.005883766057302
1871	15.152226073191727
1872	15.135504048844373
1873	15.16824692710165
1874	15.095592743392377
1875	14.512929994143036
1876	14.656972946042963
1877	14.715730719741318
1878	14.556483347278482
1879	14.745269867289666
1880	15.012949078051708
1881	14.689957662371201
1882	14.415828138509447
1883	14.649359957829065
1884	14.584784650452605
1885	14.994541336727792
1886	14.883372862255682
1887	14.522217429644881
1888	14.852260536423149
1889	14.89107353747818
1890	14.935102591794001
1891	14.690367245047948
1892	14.750213153750451
1893	14.719353032157656
1894	14.763986670453724
1895	14.56936421562272
1896	14.388672175192557
1897	14.613064388140549
1898	14.547602929054795
1899	14.65994397399518
1900	14.75679307165224
1901	14.954470751011591
1902	14.347962327990855
1903	14.422542934305461
1904	14.638016690258144
1905	14.548491678154376
1906	14.90148567620391
1907	14.472305555238284
1908	14.274383116983424
1909	14.981697454678539
1910	14.330896948970668
1911	14.751997138181261
1912	14.87467763360775
1913	14.739156477933427
1914	14.344436926951078
1915	14.445593984013922
1916	14.566776644009062
1917	14.578014897963653
1918	14.371565817846438
1919	14.496975811774178
1920	14.292656610223567
1921	14.916545910557542
1922	14.837570028538618
1923	14.897250277627732
1924	14.808891775589347
1925	14.42252624530456
1926	14.765291317220445
1927	14.620151063949326
1928	14.843569735965032
1929	14.654355252589392
1930	14.770665240198198
1931	14.41732932697106
1932	14.756489926888584
1933	14.593763640571325
1934	14.276579418477311
1935	14.107449830236138
1936	14.314720973563004
1937	14.476662887901997
1938	14.609288092466542
1939	14.781833994260165
1940	14.523805286712511
1941	14.81742536694876
1942	14.296865725241993
1943	14.659495393768346
1944	14.050033831489873
1945	14.39642908993481
1946	14.088201605692758
1947	14.08652272703294
1948	14.70733084041102
1949	14.259568252092507
1950	14.219200361514519
1951	14.40215754954878
1952	14.626629145603326
1953	14.491533616896778
1954	14.133567553050078
1955	14.495129564456754
1956	14.495114788402434
1957	15.15895645936681
1958	14.50333670023159
1959	14.43501184047091
1960	13.667656385752194
1961	14.331026195605636
1962	14.358599243161525
1963	14.694601765370876
1964	14.629446805851007
1965	14.567347215446558
1966	14.765494413793814
1967	14.913124606698902
1968	14.631445159349825
1969	14.376383346673181
1970	14.389751460411361
1971	14.096632046856655
1972	14.809095461895
1973	14.552974142020915
1974	14.488135077545753
1975	14.753053948090814
1976	14.779709562090448
1977	14.865894634797526
1978	14.451968382649113
1979	15.043416352305801
1980	14.608039818755637
1981	14.729525102468678
1982	14.481606558268387
1983	14.49373145336715
1984	14.499429999839666
1985	14.89325911315931
1986	14.416920281260136
1987	14.461830048736882
1988	14.363580174115874
1989	14.734792442591017
1990	14.21836760580093
1991	14.44490192973074
1992	14.344026456141727
1993	14.52672906392055
1994	14.29993987345838
1995	15.119267778816974
1996	14.393350354413094
1997	14.83105607118625
1998	14.46790294255387
1999	14.733866271464644
2000	14.617587810658533
2001	14.504311069712372
