#! FIELDS d1 file.free der_d1
#! SET min_d1 -0.0243436
#! SET max_d1 1.47127
#! SET nbins_d1  606
#! SET periodic_d1 false
   -0.024343600  103.395257783   -0.463021942
   -0.021871511  103.377451243  -19.804016500
   -0.019399423  103.267942343  -76.896412980
   -0.016927334  102.933911145 -210.157908069
   -0.014455246  102.115923288 -481.484521446
   -0.011983157  100.383525674 -958.509461514
   -0.009511068   97.172434396 -1677.367594532
   -0.007038980   91.947365054 -2567.454160338
   -0.004566891   84.495633637 -3438.151613104
   -0.002094803   75.175017478 -4033.994771126
    0.000377286   64.958866485 -4140.703250525
    0.002849375   55.131269307 -3732.242733155
    0.005321463   46.780814811 -2988.475646734
    0.007793552   40.393335591 -2192.544540998
    0.010265640   35.779918813 -1581.856806360
    0.012737729   32.341320944 -1246.421675496
    0.015209818   29.437343390 -1130.143986597
    0.017681906   26.663312195 -1122.954749018
    0.020153995   23.881740248 -1122.811567222
    0.022626083   21.157857671 -1070.625609624
    0.025098172   18.638386038 -957.751160673
    0.027570260   16.455382634 -803.218719511
    0.030042349   14.693993463 -619.221698752
    0.032514438   13.401611068 -425.606508666
    0.034986526   12.574976735 -244.566826539
    0.037458615   12.167193340  -90.055876884
    0.039930703   12.097889990   29.018845418
    0.042402792   12.285224300  117.594126035
    0.044874881   12.671804839  191.184904464
    0.047346969   13.214535977  247.862436815
    0.049819058   13.873909046  279.680892398
    0.052291146   14.552135695  259.831323111
    0.054763235   15.097892259  170.819427613
    0.057235324   15.330401771    6.696428795
    0.059707412   15.087107144 -209.973922686
    0.062179501   14.284449831 -440.546096172
    0.064651589   12.943602650 -635.651896407
    0.067123678   11.200300563 -757.892501684
    0.069595767    9.271725569 -786.685560964
    0.072067855    7.390619283 -722.679479212
    0.074539944    5.735575753 -611.680301797
    0.077012032    4.367655237 -497.561033943
    0.079484121    3.244388502 -417.312152919
    0.081956210    2.290733087 -357.415205132
    0.084428298    1.465179780 -305.811262331
    0.086900387    0.783944484 -240.496205492
    0.089372475    0.292765135 -154.306585284
    0.091844564    0.027534977  -59.028755352
    0.094316653    0.000000000   33.901259417
    0.096788741    0.187776920  115.262318982
    0.099260830    0.551240042  174.175536177
    0.101732918    1.026541703  203.919141130
    0.104205007    1.535173610  199.339621423
    0.106677096    1.980924096  155.981741275
    0.109149184    2.283956389   82.022320147
    0.111621273    2.372995671  -15.099288917
    0.114093361    2.211136726 -115.161981325
    0.116565450    1.826253702 -186.481355403
    0.119037539    1.333474348 -199.575249590
    0.121509627    0.909994432 -129.257080956
    0.123981716    0.737101638   -3.161701874
    0.126453804    0.907349839  139.148590529
    0.128925893    1.398334642  250.610687188
    0.131397981    2.111445910  319.750349088
    0.133870070    2.963245454  372.549699522
    0.136342159    3.972758192  451.646542764
    0.138814247    5.226912890  567.061226375
    0.141286336    6.788847985  694.136274436
    0.143758424    8.619441844  777.564943252
    0.146230513   10.593854621  809.663829706
    0.148702602   12.609313271  820.929130296
    0.151174690   14.677576136  855.958781138
    0.153646779   16.873364078  921.001832938
    0.156118867   19.212562917  963.330210846
    0.158590956   21.568421732  925.373134147
    0.161063045   23.710530591  794.619114027
    0.163535133   25.465873714  623.615835373
    0.166007222   26.803844652  468.390622750
    0.168479310   27.824926980  365.510473882
    0.170951399   28.646499419  301.186448101
    0.173423488   29.306323723  230.451324695
    0.175895576   29.771822973  144.287008661
    0.178367665   30.019330072   59.056459496
    0.180839753   30.090515893    5.909539805
    0.183311842   30.099222541   12.139121302
    0.185783931   30.176647091   54.203901010
    0.188256019   30.364567202   94.655918765
    0.190728108   30.610178691   96.470339023
    0.193200196   30.796546479   49.414125679
    0.195672285   30.834000122  -20.936782827
    0.198144374   30.708553649  -76.196760355
    0.200616462   30.485908275  -99.167072554
    0.203088551   30.247227828  -90.299444108
    0.205560639   30.045784587  -72.603049852
    0.208032728   29.885391972  -59.827287525
    0.210504817   29.735002163  -62.394311139
    0.212976905   29.567784017  -76.308572115
    0.215448994   29.363738478  -88.835192576
    0.217921082   29.135094845  -94.001214928
    0.220393171   28.911421615  -86.453666769
    0.222865260   28.713316235  -72.232561039
    0.225337348   28.556950481  -55.750634509
    0.227809437   28.433102475  -44.485250692
    0.230281525   28.328877607  -38.079452257
    0.232753614   28.250815018  -21.780885417
    0.235225702   28.224969206    4.378455451
    0.237697791   28.276800898   38.018631527
    0.240169880   28.393500408   52.516776929
    0.242641968   28.517172008   43.855204749
    0.245114057   28.591640060   15.244469060
    0.247586145   28.586835341  -19.368880386
    0.250058234   28.498824396  -48.545911960
    0.252530323   28.353684202  -66.259208342
    0.255002411   28.182701332  -70.826351933
    0.257474500   28.015033438  -64.422267715
    0.259946588   27.864668357  -56.270797000
    0.262418677   27.733453349  -49.449758831
    0.264890766   27.635928824  -29.574062612
    0.267362854   27.593771720   -3.332385028
    0.269834943   27.624415247   26.179197730
    0.272307031   27.716788908   45.042090828
    0.274779120   27.828955526   41.271119144
    0.277251209   27.900858231   13.917756969
    0.279723297   27.887387629  -22.621637461
    0.282195386   27.805825086  -39.646356922
    0.284667474   27.717814399  -28.668405780
    0.287139563   27.673307483   -8.599669659
    0.289611652   27.661342012   -6.181190880
    0.292083740   27.624646659  -26.044128935
    0.294555829   27.520565096  -59.009186946
    0.297027917   27.338566968  -87.079808822
    0.299500006   27.107229302  -97.040914005
    0.301972095   26.869928839  -91.553906490
    0.304444183   26.664534383  -75.157721571
    0.306916272   26.497186316  -62.078163867
    0.309388360   26.344921603  -63.277770015
    0.311860449   26.186949555  -62.386794672
    0.314332538   26.031714827  -57.465855770
    0.316804626   25.918633653  -31.775483738
    0.319276715   25.888125756    6.828949138
    0.321748803   25.950048380   39.989670267
    0.324220892   26.061112403   43.964466961
    0.326692980   26.147277845   22.505452396
    0.329165069   26.162429562   -7.932710754
    0.331637158   26.122661280  -24.536240119
    0.334109246   26.055754075  -28.714007110
    0.336581335   25.985057225  -32.341988900
    0.339053423   25.888895189  -46.646838650
    0.341525512   25.750391478  -64.542973809
    0.343997601   25.581404350  -70.628059603
    0.346469689   25.409025275  -66.421690615
    0.348941778   25.263826553  -52.236633970
    0.351413866   25.139190294  -50.340625944
    0.353885955   25.017218364  -52.054784181
    0.356358044   24.886223910  -53.140710870
    0.358830132   24.767203436  -40.997696083
    0.361302221   24.696421166  -15.369450905
    0.363774309   24.671196183   -1.783478279
    0.366246398   24.673307499    0.727917183
    0.368718487   24.669460281   -7.773954684
    0.371190575   24.633570148  -20.942643207
    0.373662664   24.553058963  -44.450482658
    0.376134752   24.413737342  -70.996587943
    0.378606841   24.203051828  -98.111339464
    0.381078930   23.939667198 -114.696751647
    0.383551018   23.655147143 -114.015519521
    0.386023107   23.385373444 -105.382163960
    0.388495195   23.139735882  -95.046277422
    0.390967284   22.909288273  -93.597927449
    0.393439373   22.681217465  -90.663293545
    0.395911461   22.471116916  -75.938834933
    0.398383550   22.322179727  -43.552627474
    0.400855638   22.253243497  -13.497265336
    0.403327727   22.248860729    3.474770076
    0.405799816   22.245616557   -7.970832220
    0.408271904   22.206419678  -24.600202843
    0.410743993   22.131223721  -32.893400608
    0.413216081   22.042707983  -36.620927304
    0.415688170   21.954707698  -34.647211789
    0.418160259   21.867763032  -41.072837463
    0.420632347   21.756393314  -48.709691304
    0.423104436   21.629937973  -51.891556887
    0.425576524   21.507681920  -47.705988317
    0.428048613   21.400356415  -41.074756878
    0.430520701   21.300706474  -43.216413439
    0.432992790   21.174800134  -61.312669049
    0.435464879   20.998105684  -79.111598858
    0.437936967   20.794223054  -82.501628176
    0.440409056   20.612026183  -60.174810208
    0.442881144   20.510505170  -22.940385276
    0.445353233   20.496281543    5.386006271
    0.447825322   20.515769964    3.412021077
    0.450297410   20.490809816  -24.658293186
    0.452769499   20.389691426  -57.035073991
    0.455241587   20.232712749  -60.732744307
    0.457713676   20.122871025  -21.560474606
    0.460185765   20.143183963   37.757560641
    0.462657853   20.283195175   68.060878404
    0.465129942   20.434135917   41.883112936
    0.467602030   20.460286506  -26.267730510
    0.470074119   20.301215564  -95.064718978
    0.472546208   20.027343219 -113.860812123
    0.475018296   19.790089070  -68.774947610
    0.477490385   19.712194402    4.324037690
    0.479962473   19.798166117   57.498996496
    0.482434562   19.944786874   51.417958691
    0.484906651   20.020092513    3.897285789
    0.487378739   19.951300688  -55.338139416
    0.489850828   19.770154942  -83.854536088
    0.492322916   19.568881395  -74.924479777
    0.494795005   19.425352032  -38.638507551
    0.497267094   19.377787139   -4.540470711
    0.499739182   19.390112721   11.186779597
    0.502211271   19.409929121    1.627423777
    0.504683359   19.385308046  -21.927922669
    0.507155448   19.302009977  -43.317511130
    0.509627537   19.183075468  -51.000937983
    0.512099625   19.068709343  -38.460273052
    0.514571714   19.008523993   -9.711333114
    0.517043802   19.029623828   22.421367941
    0.519515891   19.102036222   31.450802220
    0.521987980   19.159698447   11.627546451
    0.524460068   19.136918203  -32.420684036
    0.526932157   19.003750638  -74.953640272
    0.529404245   18.805942164  -76.267396032
    0.531876334   18.662142706  -32.290383090
    0.534348422   18.663746961   32.510687127
    0.536820511   18.798493968   72.058425986
    0.539292600   18.982816653   65.984174814
    0.541764688   19.102859468   29.039535936
    0.544236777   19.126449059   -7.170577012
    0.546708865   19.082214408  -26.882795966
    0.549180954   19.020714608  -20.680063016
    0.551653043   18.981896493  -13.488164625
    0.554125131   18.942932750  -19.214820899
    0.556597220   18.895755383  -17.799008856
    0.559069308   18.877994271    7.509771904
    0.561541397   18.954028063   57.816056085
    0.564013486   19.145230496   92.689447336
    0.566485574   19.371412800   77.686261031
    0.568957663   19.509353713   27.143453685
    0.571429751   19.502682704  -29.851725608
    0.573901840   19.386343342  -58.037596673
    0.576373929   19.251446929  -48.291310635
    0.578846017   19.175725189  -13.335127315
    0.581318106   19.181025062   15.156059623
    0.583790194   19.236728567   29.162192594
    0.586262283   19.311377334   34.017231162
    0.588734372   19.408856537   41.747517052
    0.591206460   19.516681249   45.712891967
    0.593678549   19.624671232   39.013954227
    0.596150637   19.696274817   15.689598831
    0.598622726   19.701392898  -11.357385031
    0.601094815   19.645962452  -31.355770268
    0.603566903   19.566915794  -29.438853379
    0.606038992   19.516173794  -10.110325257
    0.608511080   19.507745786    3.327338511
    0.610983169   19.523807597    8.243996774
    0.613455258   19.535986295    1.156515547
    0.615927346   19.519581370  -14.232083387
    0.618399435   19.483735705  -14.948749438
    0.620871523   19.452543999   -9.539439302
    0.623343612   19.432928339   -8.467259317
    0.625815700   19.396428112  -20.864872294
    0.628287789   19.329477835  -35.633417913
    0.630759878   19.232210468  -40.112174647
    0.633231966   19.149808183  -23.324774136
    0.635704055   19.118530551    1.149202986
    0.638176143   19.142593529   11.056209365
    0.640648232   19.149152171   -8.677724982
    0.643120321   19.084381530  -45.352991167
    0.645592409   18.932526253  -73.296929491
    0.648064498   18.756247921  -63.132675876
    0.650536586   18.653946292  -13.043659275
    0.653008675   18.696628630   46.353427337
    0.655480764   18.859372466   76.962355587
    0.657952852   19.030775770   53.839385813
    0.660424941   19.098539573   -2.481184442
    0.662897029   19.027229902  -51.234276861
    0.665369118   18.875462213  -61.899244355
    0.667841207   18.746352954  -35.868759624
    0.670313295   18.707989915    3.929611778
    0.672785384   18.750256742   26.471007368
    0.675257472   18.826754561   33.294983428
    0.677729561   18.904229397   27.373045191
    0.680201650   18.957091107   13.846335896
    0.682673738   18.969324550   -4.557517258
    0.685145827   18.936740490  -22.095133096
    0.687617915   18.852448012  -42.984362182
    0.690090004   18.739933544  -43.447409703
    0.692562093   18.647272868  -27.281720139
    0.695034181   18.615207760    1.703540690
    0.697506270   18.641101410   17.758390118
    0.699978358   18.699017500   26.558580209
    0.702450447   18.770051029   31.488507756
    0.704922536   18.859541208   42.069265851
    0.707394624   18.978982721   52.244398080
    0.709866713   19.114394489   54.740332058
    0.712338801   19.228874441   34.884128081
    0.714810890   19.274583386    3.149437019
    0.717282979   19.252226610  -17.430846010
    0.719755067   19.200343962  -23.020979692
    0.722227156   19.151411655  -17.665202245
    0.724699244   19.118016670  -13.756801277
    0.727171333   19.071826521  -25.693443379
    0.729643421   18.988593298  -40.693344251
    0.732115510   18.882089820  -42.317913350
    0.734587599   18.793836841  -30.327460674
    0.737059687   18.732194987  -19.437342117
    0.739531776   18.687443247  -17.040265561
    0.742003864   18.643693186  -16.551201904
    0.744475953   18.607521593   -8.603281595
    0.746948042   18.611062332   13.707731839
    0.749420130   18.680079083   40.917362534
    0.751892219   18.792297214   46.270638087
    0.754364307   18.893632831   29.266022940
    0.756836396   18.927538501   -2.314933534
    0.759308485   18.896909589  -20.209250537
    0.761780573   18.841554462  -21.220024939
    0.764252662   18.801686993  -11.954360486
    0.766724750   18.767621685  -19.150239802
    0.769196839   18.696391266  -39.030368992
    0.771668928   18.577408252  -57.744239848
    0.774141016   18.428575917  -60.056896340
    0.776613105   18.294009265  -47.851886110
    0.779085193   18.201988646  -28.429278067
    0.781557282   18.145524117  -20.814939707
    0.784029371   18.086432455  -27.975667292
    0.786501459   18.006807147  -36.713505913
    0.788973548   17.914459265  -36.617602246
    0.791445636   17.827718901  -32.100503567
    0.793917725   17.747471408  -33.270683387
    0.796389814   17.667666888  -30.345663095
    0.798861902   17.612826394  -13.140431870
    0.801333991   17.607583869    9.515802627
    0.803806079   17.653147450   20.108480459
    0.806278168   17.692746232    8.369851829
    0.808750257   17.680018668  -18.376536761
    0.811222345   17.607719392  -35.611280298
    0.813694434   17.519762836  -34.555613890
    0.816166522   17.439900915  -29.446744559
    0.818638611   17.361077664  -39.288658054
    0.821110700   17.231331081  -66.537341316
    0.823582788   17.036980085  -84.376331013
    0.826054877   16.850582317  -59.829426524
    0.828526965   16.771062180   -0.769398140
    0.830999054   16.833723953   45.849453454
    0.833471142   16.970046741   56.089176720
    0.835943231   17.072995828   20.124412986
    0.838415320   17.064399376  -27.176063584
    0.840887408   16.955391719  -55.283139131
    0.843359497   16.812186340  -57.851989246
    0.845831585   16.687417589  -42.436214859
    0.848303674   16.583636261  -43.344377688
    0.850775763   16.463290110  -54.809794007
    0.853247851   16.326420271  -52.111911190
    0.855719940   16.228391894  -20.797741590
    0.858192028   16.238347836   30.714417191
    0.860664117   16.365357367   68.469482442
    0.863136206   16.528654684   58.850133488
    0.865608294   16.624045178   15.281931199
    0.868080383   16.600396301  -32.481613279
    0.870552471   16.487931368  -52.072257864
    0.873024560   16.369417466  -41.341144497
    0.875496649   16.289489362  -23.137150916
    0.877968737   16.243779865  -15.626618846
    0.880440826   16.195203393  -22.204842190
    0.882912914   16.129443018  -28.320483188
    0.885385003   16.060266272  -27.359532726
    0.887857092   15.997913487  -23.677633024
    0.890329180   15.929751619  -33.916130741
    0.892801269   15.825457540  -52.664815900
    0.895273357   15.681829252  -61.606010111
    0.897745446   15.529250677  -56.528112796
    0.900217535   15.406845777  -37.377770771
    0.902689623   15.335185740  -22.314642184
    0.905161712   15.295012461  -12.265610334
    0.907633800   15.265831097  -13.552627345
    0.910105889   15.218970261  -23.639370902
    0.912577978   15.142326108  -32.538909894
    0.915050066   15.065306159  -28.640822154
    0.917522155   15.011612048  -14.262355288
    0.919994243   14.994623448    0.836905154
    0.922466332   15.006856482    5.244996637
    0.924938420   15.009459800   -1.042618730
    0.927410509   14.991037290  -11.300499316
    0.929882598   14.952329132  -16.767879946
    0.932354686   14.915183164  -11.781469053
    0.934826775   14.898122117   -2.224080781
    0.937298863   14.887904050   -6.520068387
    0.939770952   14.850800544  -22.192545748
    0.942243041   14.780162235  -34.359803780
    0.944715129   14.698890083  -30.891442487
    0.947187218   14.630599109  -22.170909478
    0.949659306   14.590082882   -8.797104313
    0.952131395   14.564601052  -10.981633675
    0.954603484   14.539513819  -12.006266501
    0.957075572   14.504476255  -15.877677982
    0.959547661   14.456054876  -20.216421359
    0.962019749   14.411750507  -13.122896476
    0.964491838   14.392591561   -3.784726717
    0.966963927   14.391580350    2.768594593
    0.969436015   14.402046106    5.729028727
    0.971908104   14.416123816    5.924978235
    0.974380192   14.434192820   10.951870340
    0.976852281   14.465339314   16.975356009
    0.979324370   14.515522256   24.764299141
    0.981796458   14.583670755   27.518784265
    0.984268547   14.642563463   18.565327379
    0.986740635   14.662921659   -2.698362696
    0.989212724   14.630617729  -21.758546444
    0.991684813   14.562172152  -31.286927247
    0.994156901   14.490006921  -25.493058682
    0.996628990   14.452271504   -3.515296140
    0.999101078   14.473683414   21.176121355
    1.001573167   14.541705127   33.266064433
    1.004045256   14.617789150   24.730203894
    1.006517344   14.659704040    6.510074872
    1.008989433   14.651407156  -11.071464919
    1.011461521   14.617069618  -12.175933735
    1.013933610   14.605030154    3.744009012
    1.016405699   14.640704657   25.234478985
    1.018877787   14.727247886   41.936522312
    1.021349876   14.827786846   36.528033633
    1.023821964   14.901272167   22.600492856
    1.026294053   14.929717169    0.699585360
    1.028766141   14.913404394  -12.410843003
    1.031238230   14.874476604  -17.972160541
    1.033710319   14.830947640  -15.987207610
    1.036182407   14.814320539    4.443303567
    1.038654496   14.861336012   34.118000107
    1.041126584   14.981957056   60.136193271
    1.043598673   15.136201665   60.644111989
    1.046070762   15.261017127   34.274517538
    1.048542850   15.302079344    1.497252199
    1.051014939   15.278880201  -15.707525571
    1.053487027   15.241998022   -6.566654071
    1.055959116   15.259823234   21.446829152
    1.058431205   15.341251048   42.080742204
    1.060903293   15.456689251   49.522661017
    1.063375382   15.569714622   41.169928386
    1.065847470   15.651661181   26.729055540
    1.068319559   15.702870990   15.445550271
    1.070791648   15.724433890    3.143838104
    1.073263736   15.725453704   -2.141093986
    1.075735825   15.721213510    0.555392498
    1.078207913   15.736804584   13.308045632
    1.080680002   15.783807789   20.183919917
    1.083152091   15.819179202    2.669222593
    1.085624179   15.788032603  -30.773757165
    1.088096268   15.673403443  -56.958617391
    1.090568356   15.541226048  -42.102812566
    1.093040445   15.500911168   14.057049581
    1.095512534   15.613428638   72.982203212
    1.097984622   15.842487305  103.855813026
    1.100456711   16.077136848   78.184210781
    1.102928799   16.198103175   20.043201527
    1.105400888   16.172285718  -39.147463191
    1.107872977   16.029327890  -67.894680205
    1.110345065   15.868495681  -58.217127163
    1.112817154   15.763352212  -24.555214349
    1.115289242   15.748824362   10.907030795
    1.117761331   15.806388721   31.398474418
    1.120233420   15.882723445   26.108587760
    1.122705508   15.927272087    8.912151772
    1.125177597   15.931975422   -3.550385169
    1.127649685   15.918560303   -2.308508804
    1.130121774   15.933078032   14.334967987
    1.132593862   15.999948873   36.919437284
    1.135065951   16.090997070   30.699032692
    1.137538040   16.137250671    6.102853507
    1.140010128   16.118983526  -19.404708860
    1.142482217   16.061444285  -22.906004332
    1.144954305   16.032297151    4.039061774
    1.147426394   16.083092778   32.792151823
    1.149898483   16.175497374   34.608656318
    1.152370571   16.233755292    8.828116633
    1.154842660   16.213434884  -24.951849781
    1.157314748   16.130554506  -37.918716489
    1.159786837   16.043859912  -29.956894791
    1.162258926   15.998335441   -8.411647840
    1.164731014   15.992875035    2.365807332
    1.167203103   15.991592011   -4.430702122
    1.169675191   15.957279701  -22.007455404
    1.172147280   15.898006366  -26.485100068
    1.174619369   15.836505198  -21.616720690
    1.177091457   15.789773571  -17.663544802
    1.179563546   15.756844868   -8.551368328
    1.182035634   15.746828624   -1.881522677
    1.184507723   15.748192818    3.188834906
    1.186979812   15.764788037   10.563382817
    1.189451900   15.793134987    8.585867775
    1.191923989   15.805687311    1.357630913
    1.194396077   15.801815532   -2.481654106
    1.196868166   15.797824437   -0.167567876
    1.199340255   15.807782269    6.751713249
    1.201812343   15.821921578    3.246270717
    1.204284432   15.822797434   -2.915149258
    1.206756520   15.805440840  -12.174918330
    1.209228609   15.772108933  -13.176152354
    1.211700698   15.744356382   -9.594298094
    1.214172786   15.716401413  -14.050771138
    1.216644875   15.658570720  -33.234028421
    1.219116963   15.559860848  -43.133548925
    1.221589052   15.462961397  -32.115732693
    1.224061140   15.414435084   -5.207356366
    1.226533229   15.432906302   15.095584892
    1.229005318   15.485024126   22.077798300
    1.231477406   15.521640781    7.667848016
    1.233949495   15.539270372    8.338147601
    1.236421583   15.578291701   24.838032957
    1.238893672   15.660545400   38.317916527
    1.241365761   15.754188134   33.497062935
    1.243837849   15.800947544    2.949005959
    1.246309938   15.768446915  -26.561030634
    1.248782026   15.689790777  -35.096075997
    1.251254115   15.610712484  -24.635144451
    1.253726204   15.571959643   -8.770937566
    1.256198292   15.550959817  -10.526627744
    1.258670381   15.501443290  -29.383037995
    1.261142469   15.404981845  -46.083040128
    1.263614558   15.284211946  -49.673182816
    1.266086647   15.173549662  -39.967630762
    1.268558735   15.088811330  -31.100373761
    1.271030824   15.009286947  -32.597239653
    1.273502912   14.909753457  -45.535847749
    1.275975001   14.796383209  -48.155535590
    1.278447090   14.689364631  -37.853406261
    1.280919178   14.613961275  -20.611365710
    1.283391267   14.582658906   -7.627114844
    1.285863355   14.577751029    1.667030791
    1.288335444   14.579433412   -1.343459067
    1.290807533   14.575761427    0.390700351
    1.293279621   14.578601056    4.291974292
    1.295751710   14.598618573   12.119671995
    1.298223798   14.625261447    8.530172290
    1.300695887   14.640748068    4.355125961
    1.303167976   14.647669026    2.854369330
    1.305640064   14.661439223   11.704688920
    1.308112153   14.698775062   19.904776164
    1.310584241   14.762056453   32.810538661
    1.313056330   14.870562046   55.089842313
    1.315528419   15.047038506   87.324143746
    1.318000507   15.295815800  115.392803857
    1.320472596   15.608057785  135.443043429
    1.322944684   15.943845675  136.488465978
    1.325416773   16.281707537  136.389278018
    1.327888861   16.632586223  151.245315125
    1.330360950   17.043750027  186.133828499
    1.332833039   17.557064956  229.119959882
    1.335305127   18.164101198  259.868622754
    1.337777216   18.815404601  265.925596871
    1.340249304   19.480028520  273.656451654
    1.342721393   20.174748895  294.522062341
    1.345193482   20.946223415  331.715659110
    1.347665570   21.808345560  365.528683332
    1.350137659   22.737290883  381.244108307
    1.352609747   23.674781657  377.320848154
    1.355081836   24.600308124  371.339890244
    1.357553925   25.518212187  375.266694131
    1.360026013   26.470499163  398.510663869
    1.362498102   27.508286607  441.126849170
    1.364970190   28.664491710  493.590813906
    1.367442279   29.942490730  539.370164049
    1.369914368   31.318087660  572.221722718
    1.372386456   32.763411922  596.785969344
    1.374858545   34.258489430  611.818785198
    1.377330633   35.780100475  619.706230178
    1.379802722   37.302147546  613.260146533
    1.382274811   38.807818825  604.498092809
    1.384746899   40.293074054  599.852574123
    1.387218988   41.781265141  605.956511031
    1.389691076   43.304183356  628.423004061
    1.392163165   44.894666057  659.558891104
    1.394635254   46.568717282  690.246834450
    1.397107342   48.306682436  713.974477208
    1.399579431   50.091368984  728.046610036
    1.402051519   51.912116458  748.629067690
    1.404523608   53.796988480  777.078938824
    1.406995697   55.768123027  816.828905931
    1.409467785   57.829903687  850.389981183
    1.411939874   59.963963028  874.888393472
    1.414411962   62.155625584  899.869031850
    1.416884051   64.427210575  940.991989988
    1.419356140   66.827390888 1003.198500042
    1.421828228   69.383523234 1057.736233932
    1.424300317   72.016855718 1062.558726440
    1.426772405   74.579825155 1001.753123835
    1.429244494   76.938457013  908.990738212
    1.431716582   79.105901833  856.221770345
    1.434188671   81.249248048  894.509864179
    1.436660760   83.589046669 1008.175427071
    1.439132848   86.250503085 1141.290180766
    1.441604937   89.181756157 1216.001436506
    1.444077025   92.186156513 1195.114699818
    1.446549114   95.025539637 1087.891610658
    1.449021203   97.511922365  915.616843633
    1.451493291   99.529043195  715.354240932
    1.453965380  101.045200591  513.971205326
    1.456437468  102.089447720  335.499048626
    1.458909557  102.739820442  198.334405929
    1.461381646  103.101611733  102.474443159
    1.463853734  103.278346461   46.868803414
    1.466325823  103.356220294   18.970764844
    1.468797911  103.385878280    6.683833913
    1.471270000  103.395254519    0.982896089
