#! FIELDS Ox_rho file.free der_Ox_rho
#! SET min_Ox_rho -0.0245458
#! SET max_Ox_rho 4.57995
#! SET nbins_Ox_rho  1862
#! SET periodic_Ox_rho false
   -0.024545800  303.636179812   -0.034599989
   -0.022071595  303.507681538 -154.767793274
   -0.019597390  302.665887846 -571.803754285
   -0.017123185  300.285047231 -1463.677011111
   -0.014648979  294.700444873 -3225.294664416
   -0.012174774  283.318500434 -6187.268469214
   -0.009700569  263.116742071 -10295.539111331
   -0.007226364  232.022636345 -14795.480841313
   -0.004752159  190.777916731 -18221.174335796
   -0.002277954  144.067761957 -18999.097985491
    0.000196252   99.533061797 -16477.898953074
    0.002670457   64.585385663 -11513.364680165
    0.005144662   42.907755118 -6124.086235416
    0.007618867   32.987615838 -2257.706550383
    0.010093072   29.844801620 -638.243917918
    0.012567277   28.452272178 -665.940094366
    0.015041483   26.155724987 -1183.285704645
    0.017515688   22.850470985 -1408.317624992
    0.019989893   19.543590674 -1216.900795357
    0.022464098   16.915486577 -915.848869657
    0.024938303   14.886081657 -756.465570734
    0.027412508   12.967773250 -821.554231510
    0.029886713   10.871252004 -850.994925220
    0.032360919    8.814213893 -800.467779090
    0.034835124    6.962267773 -687.921056546
    0.037309329    5.390364435 -584.219497178
    0.039783534    4.048798826 -503.866226699
    0.042257739    2.874843850 -443.515571027
    0.044731944    1.847475459 -383.233403843
    0.047206150    0.999292361 -299.649750980
    0.049680355    0.381521231 -200.483936602
    0.052154560    0.038564939  -75.593612666
    0.054628765    0.000000000   43.490314951
    0.057102970    0.240018812  147.661161912
    0.059577175    0.718599033  238.791219756
    0.062051381    1.404819254  315.487140170
    0.064525586    2.279412184  389.075182280
    0.066999791    3.318621742  452.024950163
    0.069473996    4.515841397  510.736177603
    0.071948201    5.825473678  545.478081675
    0.074422406    7.195774042  562.572957042
    0.076896611    8.584433587  555.259878235
    0.079370817    9.930041460  530.450553992
    0.081845022   11.201843509  497.846984811
    0.084319227   12.401989257  473.082837214
    0.086793432   13.554773303  465.550543079
    0.089267637   14.729257304  489.600851893
    0.091741842   15.978428788  519.364661642
    0.094216048   17.280242607  530.001489759
    0.096690253   18.590292872  524.726520774
    0.099164458   19.862005061  498.461567232
    0.101638663   21.039269653  449.238224232
    0.104112868   22.066969360  377.816382260
    0.106587073   22.878507434  272.982041240
    0.109061279   23.399203303  145.910976877
    0.111535484   23.611456422   28.101269693
    0.114009689   23.569860345  -59.902036700
    0.116483894   23.359005201 -103.832402495
    0.118958099   23.078702946 -118.595180365
    0.121432304   22.777884603 -124.111956398
    0.123906510   22.459415445 -131.712656160
    0.126380715   22.114239989 -145.941798018
    0.128854920   21.751382716 -145.465922222
    0.131329125   21.408673010 -130.285158338
    0.133803330   21.115169818 -103.530536764
    0.136277535   20.904899781  -67.659855296
    0.138751740   20.764912900  -47.553101133
    0.141225946   20.656203510  -45.931251363
    0.143700151   20.540365786  -46.185414168
    0.146174356   20.439062103  -35.235457443
    0.148648561   20.368055469  -18.152411204
    0.151122766   20.334812396   -8.145274872
    0.153596971   20.329701773    3.211838632
    0.156071177   20.327240088   -2.973649598
    0.158545382   20.326032238    4.058681252
    0.161019587   20.365453091   24.155005310
    0.163493792   20.448528350   40.235204196
    0.165967997   20.552426010   40.146982090
    0.168442202   20.624458457   15.347691544
    0.170916408   20.609328432  -26.413293653
    0.173390613   20.499271692  -60.435765051
    0.175864818   20.321903696  -79.189481697
    0.178339023   20.106946814  -91.183212220
    0.180813228   19.874951222  -92.392530696
    0.183287433   19.649639699  -85.541464415
    0.185761638   19.449380715  -73.445514155
    0.188235844   19.283838877  -60.120170937
    0.190710049   19.151210128  -47.579760143
    0.193184254   19.049788421  -34.908938464
    0.195658459   18.987084383  -11.756156254
    0.198132664   18.993213369   23.810377322
    0.200606869   19.094581696   60.040616356
    0.203081075   19.279523648   85.308772772
    0.205555280   19.483444802   74.725775285
    0.208029485   19.648548153   60.784267481
    0.210503690   19.798513764   64.781829909
    0.212977895   19.995287858  102.496870975
    0.215452100   20.316395100  155.782065875
    0.217926306   20.749972389  188.511362923
    0.220400511   21.223288545  189.549187432
    0.222874716   21.683506965  182.385531993
    0.225348921   22.138869298  186.686855379
    0.227823126   22.619855773  202.795589200
    0.230297331   23.151878183  229.207857414
    0.232771536   23.726192890  233.502997843
    0.235245742   24.297974424  231.010461635
    0.237719947   24.870393170  234.047528433
    0.240194152   25.451013708  237.527407068
    0.242668357   26.049745238  246.781255403
    0.245142562   26.672201910  257.505548480
    0.247616767   27.285791465  240.812686229
    0.250090973   27.854124738  220.042199842
    0.252565178   28.377032978  203.872771929
    0.255039383   28.873975565  196.262683422
    0.257513588   29.354774472  190.256189403
    0.259987793   29.806401109  176.677690016
    0.262461998   30.220503667  159.633926290
    0.264936204   30.609531798  157.091165828
    0.267410409   31.005684199  167.090010510
    0.269884614   31.432209021  178.509764297
    0.272358819   31.899689968  196.548398590
    0.274833024   32.386492597  193.276503659
    0.277307229   32.854608539  180.867580945
    0.279781434   33.292107542  177.379088072
    0.282255640   33.734983629  187.618429944
    0.284729845   34.238078296  220.163022257
    0.287204050   34.819426454  246.224035293
    0.289678255   35.430508850  242.074518987
    0.292152460   36.025569422  233.886010974
    0.294626665   36.600698227  234.510657014
    0.297100871   37.197714084  256.724055066
    0.299575076   37.874072579  291.761291511
    0.302049281   38.624018321  311.399578248
    0.304523486   39.396412910  311.481410244
    0.306997691   40.159160802  309.450388630
    0.309471896   40.953731989  339.597908688
    0.311946102   41.835325949  373.404974061
    0.314420307   42.784921181  389.520374026
    0.316894512   43.736458911  373.337953868
    0.319368717   44.610122787  336.813871538
    0.321842922   45.404083320  309.220960627
    0.324317127   46.159476889  306.578897052
    0.326791333   46.922618165  305.513482890
    0.329265538   47.657631714  283.667088588
    0.331739743   48.307608462  237.880512115
    0.334213948   48.844576243  197.844816189
    0.336688153   49.301863542  173.265479551
    0.339162358   49.711240120  158.540575936
    0.341636563   50.084807499  137.595366178
    0.344110769   50.400757336  116.876496930
    0.346584974   50.672301176  105.252489930
    0.349059179   50.916649154   94.939537318
    0.351533384   51.155346923  100.106132944
    0.354007589   51.407619251  103.847736192
    0.356481794   51.659266980   99.797918692
    0.358956000   51.900764961   94.720626686
    0.361430205   52.116958074   82.746455474
    0.363904410   52.315719722   83.416708503
    0.366378615   52.537223837   94.996394960
    0.368852820   52.777762000  102.861449089
    0.371327025   53.035098643  103.383742331
    0.373801231   53.293593708  105.123927715
    0.376275436   53.538642714   94.865356519
    0.378749641   53.761962532   90.483884529
    0.381223846   53.991943658   99.639125198
    0.383698051   54.261961149  118.384022588
    0.386172256   54.565114003  123.246882088
    0.388646461   54.867793374  119.981109969
    0.391120667   55.159458771  119.247842987
    0.393594872   55.482348996  143.874862651
    0.396069077   55.868065886  172.414588969
    0.398543282   56.321398560  190.860195676
    0.401017487   56.799563317  190.791625561
    0.403491692   57.254150022  176.878828256
    0.405965898   57.672043942  166.584495850
    0.408440103   58.093749992  174.183696519
    0.410914308   58.542499714  189.404094057
    0.413388513   59.027025565  202.625338206
    0.415862718   59.526666000  203.010362003
    0.418336923   60.027121943  203.091403037
    0.420811129   60.539229070  209.002737591
    0.423285334   61.080040223  228.595043047
    0.425759539   61.645721033  232.652907327
    0.428233744   62.233935971  241.841262690
    0.430707949   62.835813551  248.969940960
    0.433182154   63.455830589  250.425248572
    0.435656359   64.074154583  246.847922148
    0.438130565   64.691224581  255.039506070
    0.440604770   65.348289287  280.009490590
    0.443078975   66.077858935  310.475026879
    0.445553180   66.876620016  335.956603670
    0.448027385   67.712189239  334.385132567
    0.450501590   68.531540514  326.967275670
    0.452975796   69.340136759  327.374986596
    0.455450001   70.167175471  346.236209665
    0.457924206   71.056286432  372.070889718
    0.460398411   72.017067957  404.380240717
    0.462872616   73.031176922  413.842459521
    0.465346821   74.043643589  404.613843604
    0.467821027   75.023812079  388.246645018
    0.470295232   75.972072275  378.143453836
    0.472769437   76.901994178  371.667570692
    0.475243642   77.787736032  343.962050532
    0.477717847   78.593458462  302.309514353
    0.480192052   79.287473203  260.594656669
    0.482666257   79.890966648  227.759748621
    0.485140463   80.426518002  204.739629518
    0.487614668   80.914780939  187.308295958
    0.490088873   81.335364938  150.087346688
    0.492563078   81.641047629   99.659165290
    0.495037283   81.830932222   55.895001913
    0.497511488   81.937925694   40.761962597
    0.499985694   82.060459760   59.159898648
    0.502459899   82.235721862   74.441366383
    0.504934104   82.430043753   77.552772196
    0.507408309   82.594893228   56.276172266
    0.509882514   82.725111065   54.161918795
    0.512356719   82.872635862   71.603952063
    0.514830925   83.093108563  103.543568259
    0.517305130   83.393823846  134.601956104
    0.519779335   83.732381021  133.127686612
    0.522253540   84.043735716  113.455605761
    0.524727745   84.288940283   83.548401448
    0.527201950   84.468201345   64.455134547
    0.529676156   84.620826518   62.518512334
    0.532150361   84.804545417   89.004132029
    0.534624566   85.069883887  127.758448082
    0.537098771   85.464245133  190.931755386
    0.539572976   85.999107682  232.885004792
    0.542047181   86.575523366  227.592434218
    0.544521386   87.080242948  176.030957428
    0.546995592   87.448338918  126.919181797
    0.549469797   87.723826902   96.507797583
    0.551944002   87.963149019   98.687461038
    0.554418207   88.230330633  111.800181455
    0.556892412   88.497897251  100.964891468
    0.559366617   88.711513296   70.913206277
    0.561840823   88.848185246   46.052449887
    0.564315028   88.958756570   46.896389557
    0.566789233   89.094283950   61.189367286
    0.569263438   89.259180952   69.192331898
    0.571737643   89.426072354   60.289164825
    0.574211848   89.572089794   58.234926322
    0.576686054   89.715786388   60.663561782
    0.579160259   89.861002025   56.962906967
    0.581634464   89.998016168   52.083702398
    0.584108669   90.093989147   23.698792300
    0.586582874   90.135336946    7.238010276
    0.589057079   90.121626305  -14.979583782
    0.591531284   90.081957625  -13.666097255
    0.594005490   90.061652728   -2.712165267
    0.596479695   90.076968856   13.674495558
    0.598953900   90.117839077   13.766346101
    0.601428105   90.154094195    9.676619857
    0.603902310   90.159405378   -9.346408037
    0.606376515   90.118319064  -23.131068680
    0.608850721   90.052168109  -25.156137647
    0.611324926   90.024893029    6.186865736
    0.613799131   90.089536958   46.953197775
    0.616273336   90.252346707   82.294312350
    0.618747541   90.465380332   84.950605064
    0.621221746   90.647922114   59.099253852
    0.623695952   90.756156417   26.046551242
    0.626170157   90.795444538    8.354131168
    0.628644362   90.808864284   11.163120361
    0.631118567   90.868527677   35.110638338
    0.633592772   90.980914115   55.592538017
    0.636066977   91.133466676   64.989189943
    0.638541182   91.303381775   74.257551944
    0.641015388   91.499647822   86.258512069
    0.643489593   91.724070799   97.117906021
    0.645963798   91.983100619  108.860001503
    0.648438003   92.242953959   94.068816282
    0.650912208   92.441585902   60.102421842
    0.653386413   92.553663986   33.575012792
    0.655860619   92.638790469   41.053601086
    0.658334824   92.773148316   73.196007624
    0.660809029   93.016928277  118.466932321
    0.663283234   93.329435261  125.042755518
    0.665757439   93.612544760   98.874087887
    0.668231644   93.806780261   61.943526701
    0.670705850   93.938751585   51.358302983
    0.673180055   94.073882233   63.432110230
    0.675654260   94.272422437   89.304959210
    0.678128465   94.498888463   86.096919234
    0.680602670   94.670040696   42.749243693
    0.683076875   94.706452985  -13.002015347
    0.685551080   94.626505522  -44.117107455
    0.688025286   94.526818399  -33.030461023
    0.690499491   94.497775699   12.528634322
    0.692973696   94.563710326   42.280827732
    0.695447901   94.680089079   48.327543333
    0.697922106   94.779904593   30.235092572
    0.700396311   94.847087734   24.927513343
    0.702870517   94.905197007   25.843558350
    0.705344722   94.977295408   32.558868191
    0.707818927   95.030242425   14.352368627
    0.710293132   95.049406847    1.494489965
    0.712767337   95.035990625  -12.578789561
    0.715241542   95.022306754    5.544111504
    0.717715748   95.063338937   27.876610940
    0.720189953   95.144962367   32.140152747
    0.722664158   95.198988243   13.608873232
    0.725138363   95.220863501    3.626859108
    0.727612568   95.239678024   12.800588912
    0.730086773   95.300055950   33.248135364
    0.732560979   95.392099595   37.018818619
    0.735035184   95.468517663   20.874102880
    0.737509389   95.494840526   -0.764013394
    0.739983594   95.496677496    1.461993384
    0.742457799   95.519283909   21.075993941
    0.744932004   95.597998338   41.016593824
    0.747406209   95.714717432   51.036898346
    0.749880415   95.855018270   58.689483044
    0.752354620   96.005685046   65.719870269
    0.754828825   96.160850270   59.252130578
    0.757303030   96.275894028   36.210556422
    0.759777235   96.341509323   18.545144739
    0.762251440   96.365882340   -1.200232796
    0.764725646   96.372121363    5.833413119
    0.767199851   96.396670092   14.610802962
    0.769674056   96.437613809   14.033630236
    0.772148261   96.467766018   11.004941841
    0.774622466   96.512068354   25.321290436
    0.777096671   96.591578525   41.949976709
    0.779570877   96.712292646   49.265049313
    0.782045082   96.809717746   26.319341208
    0.784519287   96.821657579  -15.597565682
    0.786993492   96.758613244  -31.234904429
    0.789467697   96.718115058    2.265529958
    0.791941902   96.794359529   58.830243815
    0.794416107   96.952245388   61.865984974
    0.796890313   97.070609060   29.295213151
    0.799364518   97.093410847  -10.398217261
    0.801838723   97.062771303   -8.365493358
    0.804312928   97.071257445   22.252354826
    0.806787133   97.181376619   65.212537958
    0.809261338   97.375157648   87.060554361
    0.811735544   97.574315708   70.557203757
    0.814209749   97.724727413   48.407655598
    0.816683954   97.820999582   28.141625408
    0.819158159   97.873770192   15.515332386
    0.821632364   97.902065152    3.607239469
    0.824106569   97.899174267   -8.207268921
    0.826580775   97.873248113   -8.558979120
    0.829054980   97.857063206   -4.385720328
    0.831529185   97.875491157   17.650427012
    0.834003390   97.940289596   35.074228739
    0.836477595   98.034587581   41.389729638
    0.838951800   98.162982654   60.133465036
    0.841426005   98.335671451   74.596813479
    0.843900211   98.520763177   72.438278378
    0.846374416   98.703624264   73.488605770
    0.848848621   98.876205736   68.503629065
    0.851322826   99.051007480   70.468099348
    0.853797031   99.225535295   67.472556861
    0.856271236   99.383952102   57.180692810
    0.858745442   99.507450068   45.040081188
    0.861219647   99.611308466   45.329134777
    0.863693852   99.742260877   64.106707525
    0.866168057   99.921284824   79.564394120
    0.868642262  100.126227043   82.904058692
    0.871116467  100.305824159   55.295155849
    0.873590673  100.401503412   24.062468302
    0.876064878  100.448759861   16.056572483
    0.878539083  100.504319547   36.276020616
    0.881013288  100.645844586   74.462918190
    0.883487493  100.864184995   96.681204035
    0.885961698  101.094439004   87.154959436
    0.888435903  101.291178229   68.555604172
    0.890910109  101.434005617   47.882854540
    0.893384314  101.536943332   36.783015542
    0.895858519  101.621606068   33.302120673
    0.898332724  101.700424633   32.552695547
    0.900806929  101.772090857   21.875464673
    0.903281134  101.825935624   15.456624746
    0.905755340  101.853592978    9.941932010
    0.908229545  101.873545837    6.993902246
    0.910703750  101.902943758   18.284713937
    0.913177955  101.965152309   30.779170106
    0.915652160  102.052581838   40.468274950
    0.918126365  102.144165871   34.807742406
    0.920600571  102.198391095    9.784728057
    0.923074776  102.198575728   -4.498708111
    0.925548981  102.190097586   -1.645963970
    0.928023186  102.201622842   12.502056684
    0.930497391  102.242305777   19.156295035
    0.932971596  102.284318816   14.656086957
    0.935445802  102.315102231   10.572649255
    0.937920007  102.356199556   20.809961671
    0.940394212  102.422977086   34.432092507
    0.942868417  102.504975429   33.554606006
    0.945342622  102.577110471   23.690478270
    0.947816827  102.608592216    1.034439320
    0.950291032  102.586256554  -18.711973950
    0.952765238  102.540235003  -21.239728951
    0.955239443  102.499633700   -6.566447965
    0.957713648  102.502467791   10.359382608
    0.960187853  102.548396499   21.299936198
    0.962662058  102.601327265   20.113414595
    0.965136263  102.647709621   19.323100872
    0.967610469  102.694041795   20.379383663
    0.970084674  102.738550015   17.327213638
    0.972558879  102.791549133   25.138064834
    0.975033084  102.846751717   17.821033372
    0.977507289  102.876171976    8.087486276
    0.979981494  102.873748842   -5.534553607
    0.982455700  102.867160127    5.125829437
    0.984929905  102.922172125   39.507001473
    0.987404110  103.065477242   72.807420734
    0.989878315  103.248074810   72.661180215
    0.992352520  103.398569731   45.089970480
    0.994826725  103.461780681    1.536574219
    0.997300930  103.418453288  -36.196596147
    0.999775136  103.304209976  -53.569546086
    1.002249341  103.169939059  -51.737371057
    1.004723546  103.064971871  -30.150811060
    1.007197751  103.025562632   -0.890718555
    1.009671956  103.052423463   18.362434056
    1.012146161  103.110321874   27.172396499
    1.014620367  103.158014905   16.113582171
    1.017094572  103.186322915    7.833104112
    1.019568777  103.220781602   25.053653761
    1.022042982  103.326825120   59.442574003
    1.024517187  103.498008709   73.760695512
    1.026991392  103.653023105   43.422391057
    1.029465598  103.678309425  -22.435941391
    1.031939803  103.567398561  -59.667747196
    1.034414008  103.417606873  -52.255191150
    1.036888213  103.338008510   -8.069538266
    1.039362418  103.354413731   14.882810714
    1.041836623  103.384814746    2.735855846
    1.044310828  103.348130570  -35.769309019
    1.046785034  103.216121178  -64.611746516
    1.049259239  103.053180982  -60.400907459
    1.051733444  102.929120521  -39.451119545
    1.054207649  102.862552630  -17.785209879
    1.056681854  102.807648675  -27.422954358
    1.059156059  102.721385205  -42.626854543
    1.061630265  102.595477166  -56.616580453
    1.064104470  102.444873936  -64.543041166
    1.066578675  102.279294724  -68.570244526
    1.069052880  102.088859848  -84.450056173
    1.071527085  101.852940326 -104.151730048
    1.074001290  101.576486646 -117.792781584
    1.076475496  101.286327907 -114.368452798
    1.078949701  101.032284021  -92.448972218
    1.081423906  100.830308707  -70.714985738
    1.083898111  100.652258238  -78.873242889
    1.086372316  100.422308749 -112.429279138
    1.088846521  100.072556647 -170.314292953
    1.091320726   99.604942846 -205.051107175
    1.093794932   99.093348634 -203.890118538
    1.096269137   98.609245494 -183.298818259
    1.098743342   98.185898705 -160.029519236
    1.101217547   97.807653601 -148.464916715
    1.103691752   97.451786367 -142.635494685
    1.106165957   97.095448212 -139.133496034
    1.108640163   96.770023898 -123.177637857
    1.111114368   96.470391202 -122.702355095
    1.113588573   96.132873989 -155.392192074
    1.116062778   95.709667932 -187.947316139
    1.118536983   95.208979011 -204.839967851
    1.121011188   94.709890123 -188.864818362
    1.123485394   94.302134600 -133.710306592
    1.125959599   94.036977929  -84.931031035
    1.128433804   93.842451318  -82.342577754
    1.130908009   93.593491986 -122.614657937
    1.133382214   93.217309540 -177.572823815
    1.135856419   92.750494745 -193.176525396
    1.138330625   92.298303949 -163.655026416
    1.140804830   91.968978338 -106.367315139
    1.143279035   91.756568410  -71.962474052
    1.145753240   91.564479197  -85.762399608
    1.148227445   91.309707813 -123.012919212
    1.150701650   90.984238381 -135.187602578
    1.153175855   90.656876416 -123.830940818
    1.155650061   90.391269351  -87.978898233
    1.158124266   90.202605764  -68.981583847
    1.160598471   90.017459563  -83.776544277
    1.163072676   89.764900343 -118.509186674
    1.165546881   89.460127477 -122.968411301
    1.168021086   89.168393613 -105.016461678
    1.170495292   88.931469942  -83.895202856
    1.172969497   88.735354131  -76.385656936
    1.175443702   88.519322728 -103.286256229
    1.177917907   88.232383116 -123.388154262
    1.180392112   87.931053106 -113.127174509
    1.182866317   87.697591883  -73.023474230
    1.185340523   87.581191752  -24.290766065
    1.187814728   87.543603913  -10.959871647
    1.190288933   87.496450035  -35.346078706
    1.192763138   87.366194651  -66.386966619
    1.195237343   87.180866173  -75.312218536
    1.197711548   87.012797617  -54.978984819
    1.200185753   86.919524340  -23.003035592
    1.202659959   86.872139425  -20.023319053
    1.205134164   86.809096045  -34.075788372
    1.207608369   86.700921330  -52.086553257
    1.210082574   86.567884473  -52.810901716
    1.212556779   86.450136803  -43.956861973
    1.215030984   86.355941012  -38.122034769
    1.217505190   86.223412291  -70.595987895
    1.219979395   85.993653737 -115.628413317
    1.222453600   85.673954880 -135.640835304
    1.224927805   85.352861224 -118.083366905
    1.227402010   85.133307318  -58.425410592
    1.229876215   85.050126230  -12.724206016
    1.232350421   85.054649876    8.368459340
    1.234824626   85.089488652   17.603721523
    1.237298831   85.105715528   -1.705580354
    1.239773036   85.083298282  -19.706687082
    1.242247241   85.022094816  -31.800878636
    1.244721446   84.930864037  -41.702976545
    1.247195651   84.830381099  -37.700111811
    1.249669857   84.741589745  -34.210420435
    1.252144062   84.652711632  -40.924180669
    1.254618267   84.530387136  -60.239520050
    1.257092472   84.349987090  -85.069858389
    1.259566677   84.130449481  -89.599738596
    1.262040882   83.936074452  -64.000889331
    1.264515088   83.824972679  -28.858474515
    1.266989293   83.779753671  -11.917924590
    1.269463498   83.736350877  -29.083011711
    1.271937703   83.637133347  -48.313790510
    1.274411908   83.511744516  -47.371323348
    1.276886113   83.425907136  -21.734781445
    1.279360319   83.393466927   -7.675167082
    1.281834524   83.366091002  -17.766356431
    1.284308729   83.289340131  -46.998860629
    1.286782934   83.145602007  -60.539829329
    1.289257139   83.017265517  -40.729946473
    1.291731344   82.958251754   -9.997647807
    1.294205549   82.955240637    1.044999684
    1.296679755   82.934303088  -22.138443992
    1.299153960   82.831973674  -58.167952843
    1.301628165   82.673905538  -63.122139791
    1.304102370   82.558951220  -23.200591348
    1.306576575   82.570153839   31.310434841
    1.309050780   82.697754306   59.155317413
    1.311524986   82.809962251   25.470783381
    1.313999191   82.802973124  -32.621784303
    1.316473396   82.663098450  -75.790956231
    1.318947601   82.461659263  -80.742971753
    1.321421806   82.294410091  -49.601015586
    1.323896011   82.216090739  -14.668755085
    1.326370217   82.203596829    1.915527661
    1.328844422   82.207359409    4.434717768
    1.331318627   82.226951867   13.455343498
    1.333792832   82.281481004   31.242551548
    1.336267037   82.387962055   52.186953470
    1.338741242   82.529885810   63.294385155
    1.341215448   82.684319089   59.698076652
    1.343689653   82.815070104   45.063917157
    1.346163858   82.904874128   29.279302891
    1.348638063   82.949986280    8.340003294
    1.351112268   82.956791155    0.407558324
    1.353586473   82.950845467    0.477371843
    1.356060678   82.973530744   19.181225864
    1.358534884   83.032584563   26.526238276
    1.361009089   83.104117160   27.965858771
    1.363483294   83.157968513   12.518085660
    1.365957499   83.140034419  -26.499300438
    1.368431704   83.032670684  -56.894390600
    1.370905909   82.888065849  -55.379784479
    1.373380115   82.785468171  -21.213075099
    1.375854320   82.781837340   15.449834244
    1.378328525   82.870571666   54.369447661
    1.380802730   83.020928214   62.671585422
    1.383276935   83.185540225   66.256035441
    1.385751140   83.329159871   46.457612086
    1.388225346   83.419594026   27.266827241
    1.390699551   83.472908402   15.762605269
    1.393173756   83.499538244   10.013913793
    1.395647961   83.528251826   13.979404517
    1.398122166   83.563912809   17.241371728
    1.400596371   83.624183078   30.495940589
    1.403070576   83.696657751   28.620837197
    1.405544782   83.758125645   19.916877635
    1.408018987   83.794072705   10.996612273
    1.410493192   83.822713822   11.476345100
    1.412967397   83.862100641   21.698666595
    1.415441602   83.922216018   27.001354581
    1.417915807   84.001173962   36.687411487
    1.420390013   84.105882432   42.587864852
    1.422864218   84.213948932   46.619469173
    1.425338423   84.320748134   37.449689428
    1.427812628   84.413960805   35.522185360
    1.430286833   84.500228307   35.290022986
    1.432761038   84.582124890   31.884982392
    1.435235244   84.649502172   22.837267301
    1.437709449   84.724433572   37.995396006
    1.440183654   84.839803077   55.222582648
    1.442657859   84.976806043   57.528368694
    1.445132064   85.114373549   52.329385185
    1.447606269   85.238674618   49.051439670
    1.450080474   85.359625163   50.374513742
    1.452554680   85.479035665   50.981092984
    1.455028885   85.611260431   51.906092352
    1.457503090   85.732639057   43.520480536
    1.459977295   85.820805723   24.420444693
    1.462451500   85.869029630   18.061041028
    1.464925705   85.925631778   30.560032683
    1.467399911   86.029589988   53.431830384
    1.469874116   86.165806292   51.885402517
    1.472348321   86.277547688   37.469632750
    1.474822526   86.356778623   31.051389726
    1.477296731   86.449862915   44.898434820
    1.479770936   86.593824995   67.465838748
    1.482245142   86.774159474   76.116499584
    1.484719347   86.931476374   49.567237373
    1.487193552   87.014664333   17.883107623
    1.489667757   87.027787016   -2.018074907
    1.492141962   87.022340987    5.166075785
    1.494616167   87.066490376   32.309111406
    1.497090372   87.182023293   58.516805449
    1.499564578   87.341486261   67.318187308
    1.502038783   87.503726232   65.880493626
    1.504512988   87.662525199   60.769203043
    1.506987193   87.807479524   51.737039694
    1.509461398   87.891457644   12.494351346
    1.511935603   87.873914944  -25.504973653
    1.514409809   87.780916495  -42.426085330
    1.516884014   87.688393648  -25.539690703
    1.519358219   87.662475746    3.078712465
    1.521832424   87.706288143   29.445902602
    1.524306629   87.791996641   35.253084354
    1.526780834   87.864023941   19.501240618
    1.529255040   87.903694997   13.992533492
    1.531729245   87.941476912   18.224468200
    1.534203450   87.993308433   27.764752332
    1.536677655   88.071631744   36.374129462
    1.539151860   88.171625498   43.475396356
    1.541626065   88.288783082   53.524015500
    1.544100270   88.418466771   50.397579284
    1.546574476   88.543213636   47.300310995
    1.549048681   88.652241682   43.720873081
    1.551522886   88.765443072   46.653157314
    1.553997091   88.890942323   55.269841541
    1.556471296   89.025085545   48.937723761
    1.558945501   89.121854552   30.723175934
    1.561419707   89.184937531   23.345465420
    1.563893912   89.248134160   30.824955105
    1.566368117   89.357340659   57.062601863
    1.568842322   89.515010678   64.622562831
    1.571316527   89.677040440   62.555708559
    1.573790732   89.823935605   54.135734958
    1.576264938   89.956608283   57.181844662
    1.578739143   90.112820420   70.095152560
    1.581213348   90.284666625   67.865759488
    1.583687553   90.432389600   49.097958071
    1.586161758   90.515137387   22.975585770
    1.588635963   90.580237481   33.795897170
    1.591110169   90.713277840   77.859951919
    1.593584374   90.939657393  106.631343887
    1.596058579   91.219071598  109.255398149
    1.598532784   91.458346472   82.555588491
    1.601006989   91.617801954   49.543152533
    1.603481194   91.734311027   49.755634348
    1.605955399   91.880521172   67.684048709
    1.608429605   92.063356362   78.092320297
    1.610903810   92.263463286   78.529168001
    1.613378015   92.448838464   71.799914092
    1.615852220   92.641567063   86.564061762
    1.618326425   92.876380715  104.241443332
    1.620800630   93.154354980  112.228362999
    1.623274836   93.411821712   89.451721399
    1.625749041   93.601180894   64.834523771
    1.628223246   93.738718357   51.684937674
    1.630697451   93.897430764   81.952048263
    1.633171656   94.143954072  117.715547845
    1.635645861   94.460314643  133.656918077
    1.638120067   94.770870726  111.769493786
    1.640594272   95.026094461   96.732437225
    1.643068477   95.265426184  102.269057478
    1.645542682   95.537600728  117.486058841
    1.648016887   95.831197228  116.810212691
    1.650491092   96.099999326   99.262840799
    1.652965297   96.326005772   86.410528727
    1.655439503   96.548390030  101.060831625
    1.657913708   96.849086868  145.259646951
    1.660387913   97.267871947  185.935578938
    1.662862118   97.732236039  185.902209696
    1.665336323   98.147902830  149.636409746
    1.667810528   98.478661851  121.808449513
    1.670284734   98.775805686  123.394164938
    1.672758939   99.117852040  152.344447570
    1.675233144   99.521467680  169.369716364
    1.677707349   99.929118919  152.295900525
    1.680181554  100.275507220  125.527338838
    1.682655759  100.554066806  107.879325090
    1.685129965  100.838444897  128.240289024
    1.687604170  101.210110278  172.295514398
    1.690078375  101.701560620  219.061668723
    1.692552580  102.273538440  235.640383075
    1.695026785  102.852242586  228.976230773
    1.697500990  103.404968079  219.309716608
    1.699975195  103.936608181  212.464806476
    1.702449401  104.450901649  203.623916055
    1.704923606  104.941056870  199.603535508
    1.707397811  105.447538449  215.185519775
    1.709872016  106.022822357  250.642074183
    1.712346221  106.709720231  304.480932528
    1.714820426  107.491286396  322.622710884
    1.717294632  108.272762321  305.795046986
    1.719768837  108.986967551  272.244322215
    1.722243042  109.639079886  258.521346111
    1.724717247  110.303682127  281.986738841
    1.727191452  111.045630626  314.865663549
    1.729665657  111.845523613  325.989376095
    1.732139863  112.641084668  318.284663706
    1.734614068  113.431618599  325.411131419
    1.737088273  114.254885935  340.604004753
    1.739562478  115.125748669  358.307897844
    1.742036683  116.005429453  344.687618421
    1.744510888  116.802823211  297.729968804
    1.746985093  117.473704575  244.766880520
    1.749459299  118.028378218  212.894749031
    1.751933504  118.553892586  212.451423318
    1.754407709  119.086732670  214.244582051
    1.756881914  119.591952658  184.395958530
    1.759356119  119.972121822  118.983695497
    1.761830324  120.191788253   62.085735200
    1.764304530  120.298281556   31.200603003
    1.766778735  120.378245674   40.577383681
    1.769252940  120.476515706   36.858527011
    1.771727145  120.541761585   13.002865565
    1.774201350  120.528979899  -21.590428275
    1.776675555  120.474354778  -16.028035223
    1.779149761  120.481214581   29.914637651
    1.781623966  120.634612002   96.233944305
    1.784098171  120.930592796  131.164261935
    1.786572376  121.213460804   89.112063373
    1.789046581  121.329437652    3.687368608
    1.791520786  121.261638811  -50.234619759
    1.793994992  121.135799173  -35.259535559
    1.796469197  121.121372256   25.099715205
    1.798943402  121.257165783   82.410307952
    1.801417607  121.478633435   86.257598893
    1.803891812  121.645666776   40.333661530
    1.806366017  121.679254640  -15.594606290
    1.808840222  121.587069125  -51.696806599
    1.811314428  121.450602651  -48.920994880
    1.813788633  121.352715444  -23.084407768
    1.816262838  121.346266012   16.245056101
    1.818737043  121.401844746   29.347343897
    1.821211248  121.464449997   19.482160777
    1.823685453  121.475678015  -14.541413044
    1.826159659  121.408324066  -39.680578788
    1.828633864  121.302428924  -38.715653934
    1.831108069  121.236974299   -7.493750941
    1.833582274  121.275452080   30.228985631
    1.836056479  121.375488653   42.078705806
    1.838530684  121.431524995    0.004639252
    1.841004890  121.377740276  -43.148649650
    1.843479095  121.225732420  -70.694165152
    1.845953300  121.069763620  -53.336162744
    1.848427505  120.979550094  -13.861011116
    1.850901710  120.995993666   28.037445900
    1.853375915  121.103343252   55.342252013
    1.855850120  121.272174585   79.898996586
    1.858324326  121.485843159   87.735141892
    1.860798531  121.675384013   62.958202767
    1.863272736  121.762760885   10.581936323
    1.865746941  121.715261175  -46.524502584
    1.868221146  121.550877683  -77.922718248
    1.870695351  121.353483968  -76.515989051
    1.873169557  121.195080289  -48.422189938
    1.875643762  121.121081765  -15.179512719
    1.878117967  121.106134198   -0.029322141
    1.880592172  121.098133762   -7.566239539
    1.883066377  121.070111879  -17.828974562
    1.885540582  121.025182114  -18.020175801
    1.888014788  120.998146036   -0.286851401
    1.890488993  121.038835390   33.183678615
    1.892963198  121.150099099   58.289755604
    1.895437403  121.309682575   65.282536928
    1.897911608  121.447112487   46.907704750
    1.900385813  121.524347114   16.526512485
    1.902860018  121.511258234  -23.309104112
    1.905334224  121.435404496  -33.636249846
    1.907808429  121.362682640  -21.726655803
    1.910282634  121.321096921   -6.985624381
    1.912756839  121.324208415   13.360063431
    1.915231044  121.393699552   39.929051430
    1.917705249  121.513298868   54.939584152
    1.920179455  121.646183840   47.115487014
    1.922653660  121.735721818   23.022342454
    1.925127865  121.747832708  -16.811393310
    1.927602070  121.668608048  -45.709103282
    1.930076275  121.538333747  -53.187402090
    1.932550480  121.433017292  -28.765738875
    1.935024686  121.403559761    3.310218004
    1.937498891  121.445441955   23.530220862
    1.939973096  121.490949033    7.540473107
    1.942447301  121.455493664  -32.487902640
    1.944921506  121.326532640  -61.767460893
    1.947395711  121.174450120  -51.650929978
    1.949869916  121.097657562   -5.554675406
    1.952344122  121.148425769   46.861756909
    1.954818327  121.296598469   66.731249107
    1.957292532  121.458155860   60.253795202
    1.959766737  121.567220011   30.444740699
    1.962240942  121.608610981    6.205450432
    1.964715147  121.617026296   -3.138403071
    1.967189353  121.612855041   -2.032091299
    1.969663558  121.598948623  -11.695686448
    1.972137763  121.558320087  -21.291317528
    1.974611968  121.502593192  -24.162588559
    1.977086173  121.465528142   -6.161431853
    1.979560378  121.484472355   20.779817103
    1.982034584  121.556715541   31.913849773
    1.984508789  121.625644256   18.784024083
    1.986982994  121.645406762   -1.826007346
    1.989457199  121.631912746   -8.267317786
    1.991931404  121.624291503    9.807380923
    1.994405609  121.681294070   35.352768790
    1.996879815  121.781413937   42.153399650
    1.999354020  121.864524211   19.293931434
    2.001828225  121.871879595  -14.779441041
    2.004302430  121.793447370  -42.464799040
    2.006776635  121.701629868  -25.097306062
    2.009250840  121.676221688    3.602306985
    2.011725045  121.699824053   13.043158269
    2.014199251  121.720084829    1.704679239
    2.016673456  121.709060669  -13.866994315
    2.019147661  121.665730085  -18.018639619
    2.021621866  121.637828211   -9.499949186
    2.024096071  121.633730823    7.991542004
    2.026570276  121.675713634   26.023571396
    2.029044482  121.768957807   47.137607413
    2.031518687  121.893223069   51.229268825
    2.033992892  122.017356573   45.589310183
    2.036467097  122.102031085   19.116896822
    2.038941302  122.102032565  -25.684302405
    2.041415507  121.995983330  -58.705880448
    2.043889713  121.822862997  -78.226529987
    2.046363918  121.642283830  -59.695704523
    2.048838123  121.539684999  -22.489567774
    2.051312328  121.539386850   20.194011843
    2.053786533  121.604892737   26.893795709
    2.056260738  121.653887393   10.273622649
    2.058734943  121.644040272  -18.011561449
    2.061209149  121.584558881  -24.899868464
    2.063683354  121.531787358  -11.708874917
    2.066157559  121.528817260    7.253089212
    2.068631764  121.565702555   17.680115959
    2.071105969  121.605147038    9.585829188
    2.073580174  121.630386648   16.181166831
    2.076054380  121.685327577   33.267405721
    2.078528585  121.783202606   39.574082045
    2.081002790  121.859870873   17.943651783
    2.083476995  121.853554590  -29.522881243
    2.085951200  121.722335992  -77.301019494
    2.088425405  121.519080661  -81.342551028
    2.090899611  121.357842464  -42.771233154
    2.093373816  121.329332086   23.004083017
    2.095848021  121.460111172   79.137239727
    2.098322226  121.674934112   81.403403541
    2.100796431  121.835972088   39.938412076
    2.103270636  121.862082808  -20.424812667
    2.105744841  121.766000586  -50.968238998
    2.108219047  121.645686699  -38.359816501
    2.110693252  121.596520179   -0.294120114
    2.113167457  121.627812226   26.573622854
    2.115641662  121.696427523   26.378885915
    2.118115867  121.752593665   17.048910184
    2.120590072  121.779732986    5.639470580
    2.123064278  121.792528642    6.590433801
    2.125538483  121.821118153   15.846743960
    2.128012688  121.852290507    6.861309871
    2.130486893  121.850272716   -7.453714427
    2.132961098  121.830719162   -7.752830842
    2.135435303  121.841653364   14.659188136
    2.137909509  121.923038665   45.701075228
    2.140383714  122.045380235   51.084027567
    2.142857919  122.150616472   33.371741812
    2.145332124  122.201510414    5.401731977
    2.147806329  122.182436290  -21.953022393
    2.150280534  122.107333278  -38.759137048
    2.152754739  122.004877930  -45.010892783
    2.155228945  121.902872641  -36.471946030
    2.157703150  121.842100567   -8.718656918
    2.160177355  121.856831661   21.013223501
    2.162651560  121.929121758   37.031892514
    2.165125765  122.023044583   36.879773468
    2.167599970  122.095780538   19.271187446
    2.170074176  122.110416101   -3.947953179
    2.172548381  122.093927582   -5.523525460
    2.175022586  122.110357832   18.641237769
    2.177496791  122.167833537   25.980286567
    2.179970996  122.215303854   10.002291201
    2.182445201  122.196767291  -27.702646708
    2.184919407  122.088660434  -58.627306200
    2.187393612  121.942231416  -58.071345675
    2.189867817  121.824121466  -29.279326121
    2.192342022  121.788033476    1.766540389
    2.194816227  121.813451716   14.138017818
    2.197290432  121.844903789    6.644984532
    2.199764638  121.840073122   -8.335274911
    2.202238843  121.812374290   -7.344086103
    2.204713048  121.810912834   11.173941128
    2.207187253  121.878540856   43.628930966
    2.209661458  122.005803629   58.430999356
    2.212135663  122.154346795   54.063933830
    2.214609868  122.256349764   24.567756689
    2.217084074  122.253471052  -27.413506676
    2.219558279  122.126589415  -71.578758476
    2.222032484  121.943402480  -67.515345381
    2.224506689  121.825295895  -26.591236652
    2.226980894  121.824568880   21.432498754
    2.229455099  121.922589077   52.801442263
    2.231929305  122.041123699   37.668188325
    2.234403510  122.090191675   -1.933895093
    2.236877715  122.053191039  -26.999850834
    2.239351920  121.975417031  -29.817949903
    2.241826125  121.931984850   -1.136842825
    2.244300330  121.964082657   25.675156712
    2.246774536  122.043722632   36.319577904
    2.249248741  122.126707361   24.915605477
    2.251722946  122.161206777    4.695600535
    2.254197151  122.152731603   -5.565197974
    2.256671356  122.137079327   -4.751172789
    2.259145561  122.127194980    0.425134964
    2.261619766  122.144879760    8.941294615
    2.264093972  122.169900410   10.828920649
    2.266568177  122.188092951    8.073261511
    2.269042382  122.190435985   -6.802350686
    2.271516587  122.161605407  -15.342211562
    2.273990792  122.104354283  -29.807887247
    2.276464997  122.029963829  -31.712416308
    2.278939203  121.998332060    7.633469120
    2.281413408  122.075613266   53.897016848
    2.283887613  122.243661352   73.621645349
    2.286361818  122.411507156   47.447943305
    2.288836023  122.447983194  -24.783161680
    2.291310228  122.317471819  -77.715735571
    2.293784434  122.108876766  -83.407479468
    2.296258639  121.948040132  -42.707854562
    2.298732844  121.890641946  -10.970390438
    2.301207049  121.878750778   -2.413844016
    2.303681254  121.859906252  -14.937856463
    2.306155459  121.811283932  -19.686011348
    2.308629664  121.787514148    6.904311180
    2.311103870  121.857571739   49.878086872
    2.313578075  122.000106571   56.819909485
    2.316052280  122.118241412   35.886226521
    2.318526485  122.134175084  -17.340464645
    2.321000690  122.045336060  -49.949530602
    2.323474895  121.915179928  -54.134116656
    2.325949101  121.796670190  -40.313897856
    2.328423306  121.736086094  -11.812089910
    2.330897511  121.748972126   22.246152665
    2.333371716  121.836023126   47.767509092
    2.335845921  121.972361365   53.364902173
    2.338320126  122.081063565   26.835566324
    2.340794332  122.095931417  -13.337465690
    2.343268537  122.027051806  -37.055765970
    2.345742742  121.932359506  -37.674014375
    2.348216947  121.861638221  -19.902724062
    2.350691152  121.832981546   -3.908645587
    2.353165357  121.821447621   -7.951025509
    2.355639562  121.798135787  -11.411864599
    2.358113768  121.788856662    7.595529625
    2.360587973  121.844538785   42.280860844
    2.363062178  121.991213677   72.403537129
    2.365536383  122.189105562   80.152087119
    2.368010588  122.352520039   48.809873912
    2.370484793  122.407875453   -9.357593302
    2.372958999  122.330357970  -51.975034219
    2.375433204  122.176567200  -66.618983982
    2.377907409  122.032539056  -47.507748097
    2.380381614  121.956010445  -16.627363959
    2.382855819  121.934435704    1.872415924
    2.385330024  121.951316079    8.156845906
    2.387804230  121.979894090   18.794803228
    2.390278435  122.055405017   43.069289747
    2.392752640  122.189767074   63.494997425
    2.395226845  122.334668088   46.156574491
    2.397701050  122.388722209   -4.866527857
    2.400175255  122.301616426  -61.792333096
    2.402649461  122.113203891  -82.730323743
    2.405123666  121.939192236  -52.005531134
    2.407597871  121.886316052    6.896286691
    2.410072076  121.955574250   44.921211326
    2.412546281  122.053938471   27.311637372
    2.415020486  122.074259352  -14.701639241
    2.417494691  122.007029263  -37.703788621
    2.419968897  121.908602713  -40.640947794
    2.422443102  121.831702036  -24.596020772
    2.424917307  121.780754039  -18.027962623
    2.427391512  121.736516999  -20.799130010
    2.429865717  121.677748754  -29.073761252
    2.432339922  121.622907756   -9.919117812
    2.434814128  121.633322024   18.297885068
    2.437288333  121.698825349   30.618121346
    2.439762538  121.768989734   24.179023131
    2.442236743  121.813129539   16.237346592
    2.444710948  121.858069712   24.098894433
    2.447185153  121.952017411   57.596630581
    2.449659359  122.130725544   81.566016871
    2.452133564  122.325902892   66.381695540
    2.454607769  122.424036787    5.582474645
    2.457081974  122.350239866  -62.176717602
    2.459556179  122.161912170  -80.243109046
    2.462030384  121.987772033  -48.473827706
    2.464504589  121.933136616   -1.380317438
    2.466978795  121.967566861   20.441997267
    2.469453000  122.000465115    1.005552226
    2.471927205  121.986939892  -11.007020973
    2.474401410  121.978965176    9.093847537
    2.476875615  122.032967179   33.378011344
    2.479349820  122.137291119   46.863734253
    2.481824026  122.252310350   44.225811143
    2.484298231  122.338886998   27.716460328
    2.486772436  122.391182834   19.251586622
    2.489246641  122.452264541   33.756277855
    2.491720846  122.548852202   44.656802426
    2.494195051  122.651171041   35.736077868
    2.496669257  122.720093788   15.025859601
    2.499143462  122.713306343  -21.265163840
    2.501617667  122.618748355  -55.845833280
    2.504091872  122.443591717  -83.480438727
    2.506566077  122.233193573  -78.356779205
    2.509040282  122.086315681  -35.702724055
    2.511514487  122.079945194   30.346294068
    2.513988693  122.204673285   62.525556267
    2.516462898  122.365569027   59.073606717
    2.518937103  122.467608558   21.554973741
    2.521411308  122.485806509    0.074651328
    2.523885513  122.486513515    3.843710423
    2.526359718  122.501975853    6.430462012
    2.528833924  122.489995300  -21.003546480
    2.531308129  122.369175802  -75.627192484
    2.533782334  122.128551510 -109.193709877
    2.536256539  121.885705317  -77.619619160
    2.538730744  121.788822037    7.100401620
    2.541204949  121.889768186   71.722918241
    2.543679155  122.110286700   96.804121868
    2.546153360  122.325515957   68.253819261
    2.548627565  122.464820128   47.638222611
    2.551101770  122.574871182   43.443202443
    2.553575975  122.684733684   40.171780696
    2.556050180  122.759957831   15.279909324
    2.558524385  122.738723026  -31.591136669
    2.560998591  122.619716194  -61.030138477
    2.563472796  122.476696255  -46.806134139
    2.565947001  122.417958248   -1.483007102
    2.568421206  122.461173496   27.352822752
    2.570895411  122.529819401   23.568161939
    2.573369616  122.553759502   -1.818895576
    2.575843822  122.531399664  -11.254785678
    2.578318027  122.514726820    4.631142893
    2.580792232  122.550836387   22.213201661
    2.583266437  122.597374233   12.367846358
    2.585740642  122.591419896  -16.991579038
    2.588214847  122.526425582  -31.946743097
    2.590689053  122.441155475  -27.219435249
    2.593163258  122.412973510    0.074910868
    2.595637463  122.431093234   12.226454403
    2.598111668  122.450628739   -2.915177000
    2.600585873  122.416794909  -25.484397725
    2.603060078  122.329258594  -38.548518903
    2.605534284  122.248725805  -20.127725896
    2.608008489  122.233458362    9.038968401
    2.610482694  122.272383848   19.867003049
    2.612956899  122.306166649    6.431293194
    2.615431104  122.296245083  -12.085499689
    2.617905309  122.261003525  -12.821829105
    2.620379514  122.266327544   21.440104897
    2.622853720  122.364507693   59.135381176
    2.625327925  122.532416624   70.365124535
    2.627802130  122.672009767   33.297257600
    2.630276335  122.676175936  -32.971617303
    2.632750540  122.525619876  -81.040715431
    2.635224745  122.320831272  -74.468026263
    2.637698951  122.188365045  -31.925884796
    2.640173156  122.163559789   10.430458096
    2.642647361  122.206735376   13.704169839
    2.645121566  122.217962554   -7.753946989
    2.647595771  122.169706446  -25.455938140
    2.650069976  122.116003289  -15.480546189
    2.652544182  122.114865346   20.451201102
    2.655018387  122.209334776   54.727984470
    2.657492592  122.352184261   53.395714125
    2.659966797  122.452808052   24.897688677
    2.662441002  122.459880068  -16.783607597
    2.664915207  122.372435934  -46.832070453
    2.667389412  122.247051669  -46.474093173
    2.669863618  122.167419670  -11.298456617
    2.672337823  122.184693602   23.489074677
    2.674812028  122.275601247   41.914680930
    2.677286233  122.357752028   20.573919033
    2.679760438  122.371604320  -14.523621727
    2.682234643  122.303619992  -36.638978755
    2.684708849  122.223751532  -23.612881244
    2.687183054  122.202854219   10.349607045
    2.689657259  122.263009552   38.474959182
    2.692131464  122.356749176   29.294753809
    2.694605669  122.398627872   -0.862588249
    2.697079874  122.355049202  -33.044690250
    2.699554080  122.247519863  -49.043094220
    2.702028285  122.138104553  -36.746601193
    2.704502490  122.075218505  -19.232692754
    2.706976695  122.051138184   -4.877282113
    2.709450900  122.055816058    5.626269655
    2.711925105  122.067273253    4.355569618
    2.714399310  122.068555395    1.332363827
    2.716873516  122.093808685   18.740449914
    2.719347721  122.157460689   33.515087001
    2.721821926  122.236636200   28.443839929
    2.724296131  122.288417901    9.618463237
    2.726770336  122.286320281   -8.120984842
    2.729244541  122.241194200  -30.117971353
    2.731718747  122.166139908  -29.742406139
    2.734192952  122.092872032  -33.224075928
    2.736667157  122.019381327  -23.558564847
    2.739141362  121.971708442  -11.461037907
    2.741615567  121.968476221    8.438038997
    2.744089772  122.020093647   32.198484221
    2.746563978  122.134789787   60.370892752
    2.749038183  122.307482021   72.673324386
    2.751512388  122.471114555   56.310598173
    2.753986593  122.571941182   17.431230440
    2.756460798  122.581665556  -12.460396446
    2.758935003  122.533474891  -24.228740354
    2.761409208  122.484403938  -13.514131317
    2.763883414  122.473432225    2.223681334
    2.766357619  122.494098022   11.163344702
    2.768831824  122.519225932    6.281914787
    2.771306029  122.520099819   -4.533847508
    2.773780234  122.493966708  -18.140682437
    2.776254439  122.459006132  -10.098403272
    2.778728645  122.442406295   -5.265261367
    2.781202850  122.434208266   -4.212657621
    2.783677055  122.410392764  -15.895950358
    2.786151260  122.374109287  -18.333160730
    2.788625465  122.319249779  -25.225333571
    2.791099670  122.247783229  -33.055708782
    2.793573876  122.153278340  -39.852744353
    2.796048081  122.050573889  -39.286639241
    2.798522286  121.973545299  -20.222700858
    2.800996491  121.975263802   21.805978220
    2.803470696  122.082961783   62.974427636
    2.805944901  122.263211729   76.250476007
    2.808419107  122.420411253   44.592772408
    2.810893312  122.466756511  -11.758061954
    2.813367517  122.377943839  -57.508417738
    2.815841722  122.217263305  -65.126246793
    2.818315927  122.083548799  -38.751365841
    2.820790132  122.025295883   -6.298096354
    2.823264337  122.039695377   11.592225548
    2.825738543  122.072785818   12.503228755
    2.828212748  122.107418199   14.049953219
    2.830686953  122.157094161   25.343250560
    2.833161158  122.241674228   39.840757095
    2.835635363  122.344280172   35.700274155
    2.838109568  122.399888200    7.223221419
    2.840583774  122.370933259  -26.869094071
    2.843057979  122.281078780  -39.509149471
    2.845532184  122.202930858  -15.717448239
    2.848006389  122.218018675   25.680425383
    2.850480594  122.315666413   50.879370140
    2.852954799  122.452772216   57.567527018
    2.855429005  122.565641673   35.938174570
    2.857903210  122.620801848   12.564716852
    2.860377415  122.645124327    6.859921717
    2.862851620  122.694334997   35.104050577
    2.865325825  122.816807532   61.069220222
    2.867800030  122.979777279   65.158639511
    2.870274235  123.093070472   23.613717848
    2.872748441  123.069434278  -47.272980412
    2.875222646  122.871525121 -103.489502596
    2.877696851  122.606342457 -106.583448686
    2.880171056  122.388781778  -67.287846394
    2.882645261  122.274785379  -27.833422980
    2.885119466  122.246011758    0.895639169
    2.887593672  122.266580160   15.913272262
    2.890067877  122.318957768   28.738261573
    2.892542082  122.407245133   40.873663766
    2.895016287  122.523885848   49.215265561
    2.897490492  122.625063782   31.794284146
    2.899964697  122.675422020   13.141733714
    2.902438903  122.706909659   15.616800343
    2.904913108  122.759634474   29.152552417
    2.907387313  122.832270368   24.203475507
    2.909861518  122.862197002   -4.729343205
    2.912335723  122.807515238  -36.519514363
    2.914809928  122.702601372  -44.659036907
    2.917284133  122.617669099  -18.131334075
    2.919758339  122.628301493   25.952602869
    2.922232544  122.715307364   39.958031810
    2.924706749  122.798704121   24.651496555
    2.927180954  122.817661883  -11.143926588
    2.929655159  122.761964804  -33.782006791
    2.932129364  122.666209174  -42.593427715
    2.934603570  122.562738551  -39.390605231
    2.937077775  122.475077281  -31.336716812
    2.939551980  122.415620193  -18.683403258
    2.942026185  122.391658222   -0.126710648
    2.944500390  122.396123056   -2.082145862
    2.946974595  122.362526980  -27.303670766
    2.949448801  122.259669712  -51.588910714
    2.951923006  122.132098145  -45.312216099
    2.954397211  122.065629041   -6.109507615
    2.956871416  122.105298226   36.655526131
    2.959345621  122.234456556   61.881321003
    2.961819826  122.378978275   54.805478052
    2.964294031  122.488745587   31.719726846
    2.966768237  122.553054028   23.481081310
    2.969242442  122.610539531   23.931846377
    2.971716647  122.657705425   14.682241455
    2.974190852  122.668530827   -6.284366251
    2.976665057  122.630829590  -21.058061926
    2.979139262  122.588064179  -10.433082758
    2.981613468  122.595926658   12.765123038
    2.984087673  122.640087979   19.579780532
    2.986561878  122.663777092   -3.452337181
    2.989036083  122.613951256  -39.186966164
    2.991510288  122.502314750  -51.001959837
    2.993984493  122.387344979  -38.342430563
    2.996458699  122.319142681  -14.633285066
    2.998932904  122.327213572   14.449819097
    3.001407109  122.371916179   20.699968011
    3.003881314  122.415818716   13.685709963
    3.006355519  122.433879249    1.842305416
    3.008829724  122.431727707   -0.551653922
    3.011303930  122.442188464    9.050022682
    3.013778135  122.479897166   21.604915636
    3.016252340  122.531861534   17.316773431
    3.018726545  122.554626507   -4.298542460
    3.021200750  122.514273730  -26.685654460
    3.023674955  122.439091919  -32.226011033
    3.026149160  122.379155229  -15.278583915
    3.028623366  122.372701336    5.872490374
    3.031097571  122.381830822    0.077847573
    3.033571776  122.356744801  -17.217062549
    3.036045981  122.315270496  -10.110248946
    3.038520186  122.334197059   29.452985475
    3.040994391  122.469810918   73.006148316
    3.043468597  122.670174754   78.406115406
    3.045942802  122.801890345   21.297106072
    3.048417007  122.761783104  -54.413020028
    3.050891212  122.576909747  -83.470966109
    3.053365417  122.388960685  -61.623367524
    3.055839622  122.287970878  -18.650085636
    3.058313828  122.288673933   10.383413081
    3.060788033  122.319365303    6.749578253
    3.063262238  122.336539839    9.315151495
    3.065736443  122.371708865   20.655326766
    3.068210648  122.463367078   48.609342611
    3.070684853  122.606742274   57.531473880
    3.073159058  122.732684551   35.217499126
    3.075633264  122.781201446    2.381724326
    3.078107469  122.749264587  -27.019079468
    3.080581674  122.658595773  -41.295230554
    3.083055879  122.556959328  -39.688860397
    3.085530084  122.470198454  -31.546409026
    3.088004289  122.403640449  -20.210444733
    3.090478495  122.384242353    4.882434680
    3.092952700  122.424766574   27.377952363
    3.095426905  122.512280511   40.562013481
    3.097901110  122.611974869   36.426080562
    3.100375315  122.675754158   12.325815924
    3.102849520  122.662460755  -24.759571082
    3.105323726  122.571394422  -47.399317471
    3.107797931  122.457991055  -47.209855788
    3.110272136  122.350184726  -40.551784499
    3.112746341  122.278259970  -20.081233551
    3.115220546  122.252865924   -2.734182398
    3.117694751  122.264401907    5.266564336
    3.120168956  122.265334021   -9.160715876
    3.122643162  122.221418006  -28.640171944
    3.125117367  122.133084464  -40.978793635
    3.127591572  122.043264176  -27.577299990
    3.130065777  122.014545600    8.569527006
    3.132539982  122.103116425   61.966004035
    3.135014187  122.304074593   89.768474332
    3.137488393  122.511839701   69.867113761
    3.139962598  122.629998398   21.344347003
    3.142436803  122.621511522  -22.650867180
    3.144911008  122.542344100  -34.679321904
    3.147385213  122.463320164  -27.399808167
    3.149859418  122.415771370  -10.491256953
    3.152333624  122.407006799    0.103726104
    3.154807829  122.414382622    1.406317132
    3.157282034  122.418134424   -0.976213923
    3.159756239  122.397004104  -15.934940411
    3.162230444  122.341020823  -30.087014257
    3.164704649  122.257146629  -34.838708873
    3.167178854  122.184972725  -19.284922621
    3.169653060  122.180121008   17.058422197
    3.172127265  122.263158518   44.686717741
    3.174601470  122.377719076   41.409950299
    3.177075675  122.423822845   -6.152655943
    3.179549880  122.341580313  -56.586860617
    3.182024085  122.178113888  -70.001697386
    3.184498291  122.032605390  -43.750725137
    3.186972496  121.975326349   -0.950297006
    3.189446701  122.022124693   32.020361989
    3.191920906  122.117040943   39.486325002
    3.194395111  122.197595580   24.351108985
    3.196869316  122.230035359    4.428263523
    3.199343522  122.237849979    1.600607120
    3.201817727  122.252506253   12.646340232
    3.204291932  122.286769835   17.303450297
    3.206766137  122.322638398   10.584859947
    3.209240342  122.322394910  -12.672696999
    3.211714547  122.256452186  -39.701881927
    3.214188752  122.132779982  -54.878776976
    3.216662958  122.004212102  -47.381452350
    3.219137163  121.907291799  -29.803659762
    3.221611368  121.853719975  -19.709939948
    3.224085573  121.818858400   -7.120037392
    3.226559778  121.800581696   -7.995671368
    3.229033983  121.789866989   -0.682936779
    3.231508189  121.786273845   -2.044433698
    3.233982394  121.775862630   -6.449920292
    3.236456599  121.763644012   -4.406918014
    3.238930804  121.758947024    2.284532072
    3.241405009  121.776752666   10.969503320
    3.243879214  121.812623645   14.107297218
    3.246353420  121.853685742   16.119380507
    3.248827625  121.891247952   13.483845866
    3.251301830  121.921011436   12.652423350
    3.253776035  121.950055626   13.889977776
    3.256250240  121.991901538   21.194591286
    3.258724445  122.048294556   22.287699139
    3.261198651  122.095749928   16.653017313
    3.263672856  122.126245636    9.107392554
    3.266147061  122.151739586   10.380581906
    3.268621266  122.191258466   22.128488429
    3.271095471  122.245112096   17.848492865
    3.273569676  122.283489869   14.794126576
    3.276043881  122.300507850   -1.334482396
    3.278518087  122.282864223  -15.816066037
    3.280992292  122.219392630  -32.836635165
    3.283466497  122.139814454  -26.138364381
    3.285940702  122.119063694   11.730645028
    3.288414907  122.210170355   60.321960527
    3.290889112  122.389874535   77.816886529
    3.293363318  122.555338786   46.936277643
    3.295837523  122.593333926  -21.933151750
    3.298311728  122.449427084  -88.442326554
    3.300785933  122.192973441 -106.783978723
    3.303260138  121.965499866  -70.432552013
    3.305734343  121.870804839  -10.465835915
    3.308208549  121.885868355   15.772401511
    3.310682754  121.911925350    3.969920857
    3.313156959  121.884494641  -23.198252486
    3.315631164  121.836681286  -12.349453929
    3.318105369  121.864936783   38.803084750
    3.320579574  122.013671696   76.333692017
    3.323053779  122.219758691   78.120595885
    3.325527985  122.360364881   29.829002947
    3.328002190  122.341119787  -44.008338108
    3.330476395  122.166718379  -92.735258275
    3.332950600  121.928908430  -91.244832228
    3.335424805  121.749938204  -47.476966622
    3.337899010  121.703392600   10.982741058
    3.340373216  121.791482480   61.397781871
    3.342847421  121.980236873   88.098997324
    3.345321626  122.186297053   75.049833271
    3.347795831  122.322455174   33.114026685
    3.350270036  122.348416364  -13.212461980
    3.352744241  122.276731695  -39.418215487
    3.355218447  122.175475519  -41.964622899
    3.357692652  122.075984250  -35.948679421
    3.360166857  121.997017919  -24.509309708
    3.362641062  121.945774520  -15.465691317
    3.365115267  121.934198571    2.894941059
    3.367589472  121.970616709   21.590829101
    3.370063677  122.020864219   19.290576304
    3.372537883  122.062952397   12.318578572
    3.375012088  122.074380015   -0.182298023
    3.377486293  122.069609631    1.005212299
    3.379960498  122.086714667   13.438027864
    3.382434703  122.138375560   26.051786861
    3.384908908  122.195512075   16.654912214
    3.387383114  122.200805683  -12.768511770
    3.389857319  122.129028526  -36.556623745
    3.392331524  122.033955884  -31.590364015
    3.394805729  121.988254816   -1.782468332
    3.397279934  122.029398937   32.295150497
    3.399754139  122.127031816   39.197170777
    3.402228345  122.220964574   31.191577633
    3.404702550  122.265617955    4.864667742
    3.407176755  122.252371083  -14.761010877
    3.409650960  122.194014980  -27.853279980
    3.412125165  122.122670938  -29.464422233
    3.414599370  122.053173002  -28.159114393
    3.417073575  121.982677290  -27.885313644
    3.419547781  121.919373227  -18.970906461
    3.422021986  121.893335515   -2.345489200
    3.424496191  121.886966109   -0.895849781
    3.426970396  121.868170675  -12.717702100
    3.429444601  121.816574395  -26.540109581
    3.431918806  121.747148785  -27.518402652
    3.434393012  121.710187315    2.824558094
    3.436867217  121.762742958   40.089186730
    3.439341422  121.893026236   66.389625315
    3.441815627  122.051306215   57.333966706
    3.444289832  122.149955298   20.527355384
    3.446764037  122.151147540  -19.309195687
    3.449238243  122.075152784  -40.167253533
    3.451712448  121.990274137  -26.656289346
    3.454186653  121.964380080    7.834298758
    3.456660858  122.018131220   28.388468048
    3.459135063  122.085269551   25.556126275
    3.461609268  122.123303944    2.677724473
    3.464083474  122.107639298   -9.223178299
    3.466557679  122.087442279    1.335176562
    3.469031884  122.123506847   29.919617951
    3.471506089  122.227511953   47.694756443
    3.473980294  122.335343526   31.535390836
    3.476454499  122.355207823  -14.139994367
    3.478928704  122.277830308  -45.456569198
    3.481402910  122.165824420  -37.304930485
    3.483877115  122.134560936   16.560069527
    3.486351320  122.238387563   61.402911273
    3.488825525  122.388675420   57.285437079
    3.491299730  122.469871947    3.657581613
    3.493773935  122.413694149  -47.192531098
    3.496248141  122.254465720  -73.320327768
    3.498722346  122.069885454  -73.711254383
    3.501196551  121.909609165  -58.152235606
    3.503670756  121.777744012  -48.101376783
    3.506144961  121.648891970  -56.936499759
    3.508619166  121.515528512  -47.562215774
    3.511093372  121.412830401  -33.137897630
    3.513567577  121.364744811   -5.596240820
    3.516041782  121.381599345   17.265641847
    3.518515987  121.449695111   37.844909514
    3.520990192  121.550739313   41.424421884
    3.523464397  121.652618434   34.172135927
    3.525938602  121.729468678   28.922386000
    3.528412808  121.804097186   29.471620045
    3.530887013  121.893821436   41.631979938
    3.533361218  122.021800900   60.849164433
    3.535835423  122.183765983   63.832546649
    3.538309628  122.309042863   37.937975634
    3.540783833  122.362291746    4.733738597
    3.543258039  122.351167913  -14.687409223
    3.545732244  122.321751882   -1.258489881
    3.548206449  122.348359098   26.728203624
    3.550680654  122.448247113   50.573617021
    3.553154859  122.564683696   36.772582719
    3.555629064  122.594551647  -15.235456483
    3.558103270  122.492962788  -62.731495441
    3.560577475  122.311635764  -81.208030608
    3.563051680  122.129034239  -64.090566336
    3.565525885  122.004870477  -42.076223937
    3.568000090  121.919756919  -31.173878001
    3.570474295  121.834672013  -38.778520645
    3.572948500  121.734215292  -44.239817407
    3.575422706  121.655521384  -17.362435564
    3.577896911  121.655668501   20.154258654
    3.580371116  121.761009922   58.121064934
    3.582845321  121.922456670   63.764176639
    3.585319526  122.052768355   36.209619963
    3.587793731  122.088097865   -3.780248311
    3.590267937  122.067204126   -8.929426041
    3.592742142  122.071165054   13.718022320
    3.595216347  122.136737532   36.374658739
    3.597690552  122.221825332   27.610205017
    3.600164757  122.241258480  -10.773799925
    3.602638962  122.162869965  -52.529748232
    3.605113168  121.993756863  -79.266527486
    3.607587373  121.799949694  -77.747013823
    3.610061578  121.622988924  -66.276131314
    3.612535783  121.470411241  -56.151333226
    3.615009988  121.338590598  -51.339570555
    3.617484193  121.238842577  -31.689120441
    3.619958398  121.193299762   -2.421444074
    3.622432604  121.218039383   23.249578061
    3.624906809  121.327635788   64.019858874
    3.627381014  121.504994182   78.056500467
    3.629855219  121.698954113   70.137096727
    3.632329424  121.813362111   16.191717061
    3.634803629  121.770421182  -48.520682218
    3.637277835  121.599109267  -81.446869799
    3.639752040  121.416545405  -52.693187791
    3.642226245  121.385624257   32.949972999
    3.644700450  121.553923298   98.127622819
    3.647174655  121.817083866   96.408083254
    3.649648860  121.983231134   31.477412567
    3.652123066  121.962181202  -45.330787175
    3.654597271  121.780586270  -90.669331397
    3.657071476  121.556175137  -86.367178594
    3.659545681  121.380757465  -53.713007169
    3.662019886  121.304673870   -8.554282754
    3.664494091  121.323668889   24.722085202
    3.666968297  121.421149600   49.459284030
    3.669442502  121.547910042   50.349626890
    3.671916707  121.635395513   18.623884878
    3.674390912  121.645339773  -12.976744088
    3.676865117  121.577201651  -36.454042660
    3.679339322  121.487186414  -31.879063009
    3.681813527  121.427126164  -17.402091025
    3.684287733  121.371695425  -27.294004888
    3.686761938  121.283124126  -45.933684052
    3.689236143  121.145912992  -58.113041370
    3.691710348  121.005751421  -51.662183788
    3.694184553  120.919511799  -15.194694872
    3.696658758  120.932280501   23.165534847
    3.699132964  121.042123180   59.207337568
    3.701607169  121.207491591   69.140719838
    3.704081374  121.356207294   46.011561252
    3.706555579  121.426332948    6.061894882
    3.709029784  121.390941828  -29.725659055
    3.711503989  121.301370477  -41.647331077
    3.713978195  121.211552126  -25.889874385
    3.716452400  121.200100944   15.982054580
    3.718926605  121.278799065   43.708827971
    3.721400810  121.387626303   35.163505094
    3.723875015  121.439132047    3.857078970
    3.726349220  121.418504756  -20.048270758
    3.728823425  121.359865315  -23.226382836
    3.731297631  121.314518230  -16.409130369
    3.733771836  121.255274997  -34.554152746
    3.736246041  121.120632547  -77.060471701
    3.738720246  120.875510811 -114.671891078
    3.741194451  120.586411586 -105.979480326
    3.743668656  120.407780624  -34.036305832
    3.746142862  120.436556405   53.385508787
    3.748617067  120.638977350   99.157741976
    3.751091272  120.871110807   80.292097317
    3.753565477  121.018261553   37.582992629
    3.756039682  121.066213931    5.893264546
    3.758513887  121.084122248   12.365187424
    3.760988093  121.123671341   18.510803220
    3.763462298  121.165632041   13.279770947
    3.765936503  121.175813631   -8.421647486
    3.768410708  121.128330585  -26.351846082
    3.770884913  121.061498368  -23.506331019
    3.773359118  121.042817559   12.273799640
    3.775833323  121.095898381   24.627741788
    3.778307529  121.162920675   24.149562920
    3.780781734  121.196171853   -0.319360051
    3.783255939  121.158023014  -32.141745031
    3.785730144  121.060312847  -41.306260130
    3.788204349  120.968664737  -28.790127958
    3.790678554  120.935437149    2.769785213
    3.793152760  120.983882846   35.260317687
    3.795626965  121.082762012   43.768151707
    3.798101170  121.168597178   25.196409441
    3.800575375  121.195775409   -1.214910633
    3.803049580  121.185881255    2.578132909
    3.805523785  121.216971965   28.308045990
    3.807997991  121.336538950   63.233655501
    3.810472196  121.507793864   73.540058902
    3.812946401  121.663744223   50.493584476
    3.815420606  121.743478021   13.422905959
    3.817894811  121.736372376  -16.295588792
    3.820369016  121.670449295  -35.482904291
    3.822843221  121.573761176  -42.033996735
    3.825317427  121.469286976  -42.041886720
    3.827791632  121.390750074  -19.637037435
    3.830265837  121.355317669  -11.691431575
    3.832740042  121.331538717   -6.691865362
    3.835214247  121.324862831    2.478847907
    3.837688452  121.343038251   16.271037555
    3.840162658  121.409143431   31.534393475
    3.842636863  121.499254972   35.311379178
    3.845111068  121.562529849   16.918004070
    3.847585273  121.562766892  -13.653205206
    3.850059478  121.499452165  -34.028872829
    3.852533683  121.420586065  -27.205030791
    3.855007889  121.369680585  -13.651928286
    3.857482094  121.366237287    6.173264920
    3.859956299  121.382953612    5.383803965
    3.862430504  121.386717843   -3.096079220
    3.864904709  121.380039638   -0.735443449
    3.867378914  121.384169885    0.466494363
    3.869853120  121.373536839  -10.025532669
    3.872327325  121.318178972  -35.931756533
    3.874801530  121.213995879  -54.826187665
    3.877275735  121.081781611  -46.444549791
    3.879749940  120.995372354  -21.396622885
    3.882224145  121.009319992   35.105888920
    3.884698350  121.144474418   70.889580377
    3.887172556  121.330755610   69.247115086
    3.889646761  121.454560588   21.538436498
    3.892120966  121.441283523  -32.433287483
    3.894595171  121.326182284  -47.898919346
    3.897069376  121.247692178   -3.519185363
    3.899543581  121.317101501   59.721310871
    3.902017787  121.510042727   81.614670419
    3.904491992  121.683663995   49.870798470
    3.906966197  121.732388378  -14.362385069
    3.909440402  121.632010817  -55.540638904
    3.911914607  121.514236001  -31.212748194
    3.914388812  121.492930911   12.134566454
    3.916863018  121.552756741   25.660844998
    3.919337223  121.592570143   -0.728901942
    3.921811428  121.521783353  -54.831792934
    3.924285633  121.351257396  -82.923377067
    3.926759838  121.164497566  -60.382023334
    3.929234043  121.048528788  -33.017213470
    3.931708248  121.004173261   -7.232242032
    3.934182454  120.991670140   -4.382388959
    3.936656659  120.972732078  -11.515981669
    3.939130864  120.950354772   -5.306356109
    3.941605069  120.955943624    7.921511498
    3.944079274  120.981057845   11.554240376
    3.946553479  120.992756055   -2.090786921
    3.949027685  120.955513925  -26.255527569
    3.951501890  120.878931594  -31.375212962
    3.953976095  120.822544622   -8.657963481
    3.956450300  120.837661894   21.088238137
    3.958924505  120.932423654   53.240953043
    3.961398710  121.072326358   56.599093072
    3.963872916  121.188247492   38.787527223
    3.966347121  121.254064944   16.178964535
    3.968821326  121.280572559    3.401796140
    3.971295531  121.288083613    3.538005717
    3.973769736  121.298824016    7.314654835
    3.976243941  121.307738229   -2.385017662
    3.978718146  121.269552962  -28.404861922
    3.981192352  121.181424331  -45.067923968
    3.983666557  121.070606106  -43.756154937
    3.986140762  120.985196691  -20.246140759
    3.988614967  120.964508951    3.644580687
    3.991089172  120.973625246    0.719857188
    3.993563377  120.936947811  -34.229178532
    3.996037583  120.816538858  -54.430306934
    3.998511788  120.693488380  -35.685957245
    4.000985993  120.676921037   27.760306611
    4.003460198  120.805489218   74.981807890
    4.005934403  121.015957710   84.543898909
    4.008408608  121.182632194   47.457326598
    4.010882814  121.225689751   -6.367780644
    4.013357019  121.176509108  -23.688499680
    4.015831224  121.121691413  -12.381918584
    4.018305429  121.121378841    8.142686715
    4.020779634  121.155156317   14.118479126
    4.023253839  121.178349468    4.533691539
    4.025728044  121.156351607  -20.785463926
    4.028202250  121.085368638  -36.604896608
    4.030676455  120.991265771  -42.021967840
    4.033150660  120.899830477  -32.369100308
    4.035624865  120.844744696  -12.273498728
    4.038099070  120.832202398    0.679016545
    4.040573275  120.843327604    4.774320286
    4.043047481  120.835899607  -15.480045563
    4.045521686  120.773937034  -32.926116958
    4.047995891  120.676148260  -40.509964141
    4.050470096  120.599852221  -15.189787389
    4.052944301  120.612446881   29.510613011
    4.055418506  120.734989279   61.349777595
    4.057892712  120.882729771   53.585544843
    4.060366917  120.951741638    4.869489775
    4.062841122  120.919816723  -24.221814432
    4.065315327  120.866392783   -8.841407357
    4.067789532  120.906490896   40.643539838
    4.070263737  121.064912514   79.762758073
    4.072737943  121.258244573   63.266528151
    4.075212148  121.324059993  -11.263566996
    4.077686353  121.203927074  -77.835864707
    4.080160558  120.985008746  -90.239203891
    4.082634763  120.810826589  -46.180415229
    4.085108968  120.754409675   -4.915691897
    4.087583173  120.753952797   -6.407587353
    4.090057379  120.700827352  -42.350635816
    4.092531584  120.558084164  -64.575619771
    4.095005789  120.432394210  -28.500501529
    4.097479994  120.439247926   35.662897519
    4.099954199  120.599205129   85.646653283
    4.102428404  120.808872128   73.321797820
    4.104902610  120.935208970   21.594994207
    4.107376815  120.926199904  -24.628186459
    4.109851020  120.838071750  -33.500181208
    4.112325225  120.792261991    0.731689937
    4.114799430  120.837998095   34.967432697
    4.117273635  120.928743671   33.039178062
    4.119747841  120.981014614    2.132870823
    4.122222046  120.929618241  -42.719142257
    4.124696251  120.789105763  -61.269614858
    4.127170456  120.657893223  -40.751362294
    4.129644661  120.600699707   -4.999958061
    4.132118866  120.633102271   26.706230330
    4.134593071  120.688514012   12.384394219
    4.137067277  120.685775587  -17.319545967
    4.139541482  120.627260847  -25.407172068
    4.142015687  120.601616586   12.504327055
    4.144489892  120.693129835   61.610042740
    4.146964097  120.877848043   78.982852546
    4.149438302  121.027687326   30.612897796
    4.151912508  121.001844769  -52.945199877
    4.154386713  120.807387816  -98.388735890
    4.156860918  120.573532600  -80.948833699
    4.159335123  120.443940521  -17.050478361
    4.161809328  120.495170022   55.224797169
    4.164283533  120.677009354   88.103170414
    4.166757739  120.903384960   91.525425605
    4.169231944  121.115516288   72.559121290
    4.171706149  121.265660808   47.205781185
    4.174180354  121.346333174   17.179041340
    4.176654559  121.356388103  -13.693995380
    4.179128764  121.285683394  -40.280899339
    4.181602969  121.171811587  -50.931524626
    4.184077175  121.044417743  -46.954937082
    4.186551380  120.971656840   -6.841435214
    4.189025585  121.014292780   44.123170990
    4.191499790  121.174937858   87.460168791
    4.193973995  121.431655942  119.282864714
    4.196448200  121.730680606  116.562480246
    4.198922406  121.968568371   72.849871780
    4.201396611  122.077169937   17.639793604
    4.203870816  122.086737435   -4.181011303
    4.206345021  122.073282718   -0.383723627
    4.208819226  122.095175331   17.836959934
    4.211293431  122.146124588   18.883378856
    4.213767637  122.176545071    8.138042906
    4.216241842  122.194520813    7.751870751
    4.218716047  122.251502588   36.456238118
    4.221190252  122.400079199   81.798945437
    4.223664457  122.654862958  119.915785941
    4.226138662  122.972685210  130.290399446
    4.228612867  123.271134458  110.003618885
    4.231087073  123.510800143   80.062185210
    4.233561278  123.695156032   74.885490678
    4.236035483  123.894377152   88.395726002
    4.238509688  124.145119169  118.283086542
    4.240983893  124.475900716  153.772911583
    4.243458098  124.907026145  196.280843977
    4.245932304  125.427335645  220.553028383
    4.248406509  125.982690253  225.522378560
    4.250880714  126.530662012  220.235987115
    4.253354919  127.078609710  226.720647175
    4.255829124  127.668781157  255.401778112
    4.258303329  128.356654701  303.124790047
    4.260777535  129.169108410  354.792937022
    4.263251740  130.099942920  392.361513339
    4.265725945  131.093168393  408.238667740
    4.268200150  132.105988505  405.082778455
    4.270674355  133.106096973  401.688753128
    4.273148560  134.099768490  404.884958953
    4.275622766  135.113847976  421.448777054
    4.278096971  136.200192281  457.425272064
    4.280571176  137.385099337  495.833404211
    4.283045381  138.667206244  535.895729469
    4.285519586  140.007298801  540.728433600
    4.287993791  141.346032939  537.194213624
    4.290467996  142.668735289  532.867139986
    4.292942202  144.005430052  555.980428692
    4.295416407  145.419132459  583.152515025
    4.297890612  146.897788848  605.102987697
    4.300364817  148.399311821  601.244163274
    4.302839022  149.857531964  576.464748847
    4.305313227  151.249020278  546.172867642
    4.307787433  152.588910122  541.649348796
    4.310261638  153.927147240  539.790405759
    4.312735843  155.228516242  509.650646251
    4.315210048  156.414925637  444.767137232
    4.317684253  157.400110820  348.409969648
    4.320158458  158.144057997  252.255151100
    4.322632664  158.680115460  182.680775798
    4.325106869  159.067039892  137.048678554
    4.327581074  159.377491906  110.935506564
    4.330055279  159.617644963   76.650604428
    4.332529484  159.757417873   29.837636000
    4.335003689  159.748999336  -39.633039258
    4.337477894  159.584745091  -92.616586136
    4.339952100  159.323055695 -110.847289388
    4.342426305  159.100986405  -60.340155463
    4.344900510  159.030655915    7.154015444
    4.347374715  159.142338585   76.310104395
    4.349848920  159.383768444  111.452308521
    4.352323125  159.652841354  103.515428505
    4.354797331  159.884508378   83.648482745
    4.357271536  160.086663909   81.027000873
    4.359745741  160.298388515   93.391336366
    4.362219946  160.544648010  108.424679405
    4.364694151  160.802367696   97.193493166
    4.367168356  161.007160352   66.936438258
    4.369642562  161.143697523   44.179877327
    4.372116767  161.236935412   32.196271590
    4.374590972  161.329973112   46.198119526
    4.377065177  161.482962948   75.757386148
    4.379539382  161.709948944  108.086412253
    4.382013587  161.997336168  122.613414299
    4.384487792  162.304127334  124.034631000
    4.386961998  162.586615792   99.725205540
    4.389436203  162.794735189   66.479208438
    4.391910408  162.934369044   44.204962123
    4.394384613  163.023364363   34.188692581
    4.396858818  163.121969656   47.981825311
    4.399333023  163.271111325   72.533641034
    4.401807229  163.463859285   83.946567688
    4.404281434  163.677496500   87.086287415
    4.406755639  163.893642694   87.495467467
    4.409229844  164.127406582  104.723868532
    4.411704049  164.421849221  133.625216879
    4.414178254  164.783799237  159.507704102
    4.416652460  165.194364150  169.555497659
    4.419126665  165.604248280  159.014494287
    4.421600870  165.981620425  146.213129082
    4.424075075  166.342338499  149.050588252
    4.426549280  166.724274226  157.122635174
    4.429023485  167.116842962  156.140314927
    4.431497690  167.472601916  131.805177917
    4.433971896  167.758938264   98.546486494
    4.436446101  167.963389540   73.191977960
    4.438920306  168.139840362   74.249265457
    4.441394511  168.366487693  109.983406206
    4.443868716  168.694421416  152.119296459
    4.446342921  169.106313219  174.979760585
    4.448817127  169.545534985  178.086012902
    4.451291332  169.972426301  170.300579076
    4.453765537  170.402173449  178.802304404
    4.456239742  170.875474325  204.801881456
    4.458713947  171.428574759  243.307968734
    4.461188152  172.087715592  289.963966101
    4.463662358  172.856391929  329.051940012
    4.466136563  173.697508401  349.672975014
    4.468610768  174.574433505  357.458147276
    4.471084973  175.470148813  366.283690947
    4.473559178  176.406074878  396.837160669
    4.476033383  177.443457949  441.181222495
    4.478507589  178.593105628  479.813532125
    4.480981794  179.794028714  482.637855216
    4.483455999  180.957049185  453.869688921
    4.485930204  182.059720989  442.770452434
    4.488404409  183.163518856  460.068431279
    4.490878614  184.373755340  515.453408158
    4.493352819  185.716432657  568.854879046
    4.495827025  187.172938509  605.135559266
    4.498301230  188.705064211  636.950370866
    4.500775435  190.338057670  687.533242213
    4.503249640  192.128243958  764.406598218
    4.505723845  194.141007275  865.219777472
    4.508198050  196.404120535  963.123008505
    4.510672256  198.911244612 1064.407695813
    4.513146461  201.662620559 1161.358200389
    4.515620666  204.681847969 1282.874220776
    4.518094871  208.034055948 1427.810792878
    4.520569076  211.772712507 1595.204280302
    4.523043281  215.929612689 1765.309272992
    4.525517487  220.484552384 1909.473639357
    4.527991692  225.341020558 2006.687879201
    4.530465897  230.381430684 2064.251179725
    4.532940102  235.576548104 2143.436039148
    4.535414307  241.056950990 2302.332873887
    4.537888512  247.042076233 2550.927403046
    4.540362717  253.711512417 2835.456733802
    4.542836923  261.020395899 3053.627808540
    4.545311128  268.673483529 3100.172133560
    4.547785333  276.186643668 2939.418217925
    4.550259538  283.068202576 2597.863938681
    4.552733743  288.953329528 2149.571155859
    4.555207948  293.676119285 1669.884428712
    4.557682154  297.239911987 1220.353802981
    4.560156359  299.774875597  841.634986920
    4.562630564  301.462410400  537.191687325
    4.565104769  302.507188222  317.973268306
    4.567578974  303.100905057  172.477065536
    4.570053179  303.411000254   84.875266493
    4.572527385  303.551744978   35.850533633
    4.575001590  303.609022913   14.117446679
    4.577475795  303.631038542    4.323529411
    4.579950000  303.636179812   -0.000000000
