#! FIELDS Ox_rho file.free der_Ox_rho
#! SET min_Ox_rho -0.0245458
#! SET max_Ox_rho 4.57995
#! SET nbins_Ox_rho  1862
#! SET periodic_Ox_rho false
   -0.024545800  307.037918367   -0.034599989
   -0.022071595  306.909399172 -154.804696934
   -0.019597390  306.067310541 -572.000131405
   -0.017123185  303.685659122 -1464.174665448
   -0.014648979  298.099159169 -3226.391003133
   -0.012174774  286.713342720 -6189.376449351
   -0.009700569  266.504736464 -10299.008511182
   -0.007226364  235.400262451 -14800.359988237
   -0.004752159  194.142193135 -18226.943366017
   -0.002277954  147.417754272 -19004.662929920
    0.000196252  102.870868673 -16481.996383439
    0.002670457   67.915747479 -11515.229907661
    0.005144662   46.236169662 -6123.910627288
    0.007618867   36.317995343 -2256.516301381
    0.010093072   33.177950853 -637.392640218
    0.012567277   31.786035935 -666.434315625
    0.015041483   29.486000654 -1185.685780078
    0.017515688   26.172040392 -1413.031314294
    0.019989893   22.850046925 -1224.554333861
    0.022464098   20.198326979 -927.489379486
    0.024938303   18.133847206 -773.387443157
    0.027412508   16.165586920 -845.242340352
    0.029886713   14.000358269 -883.118515826
    0.032360919   11.851505750 -842.890463028
    0.034835124    9.879848526 -742.577742172
    0.037309329    8.155954238 -652.585255658
    0.039783534    6.627427324 -586.659512272
    0.042257739    5.230815281 -540.706931947
    0.044731944    3.945060830 -495.029631729
    0.047206150    2.800333245 -428.059177986
    0.049680355    1.839886741 -349.989618211
    0.052154560    1.094684974 -252.314695517
    0.054628765    0.578352217 -166.889374076
    0.057102970    0.251576005 -100.635277817
    0.059577175    0.067969154  -48.002838932
    0.062051381    0.000000000   -6.663819451
    0.064525586    0.039464720   37.263726457
    0.066999791    0.178950688   77.792236853
    0.069473996    0.431060805  122.327272541
    0.071948201    0.770844793  151.255724867
    0.074422406    1.165268325  168.339477467
    0.076896611    1.578210899  159.682883401
    0.079370817    1.931848949  121.265399710
    0.081845022    2.153389482   53.983278501
    0.084319227    2.187879943  -28.526233751
    0.086793432    2.013233412 -106.623482202
    0.089267637    1.689034371 -146.712652059
    0.091741842    1.311676731 -152.824859915
    0.094216048    0.950964121 -133.360333061
    0.096690253    0.683889808  -77.988608559
    0.099164458    0.592265877    7.059761121
    0.101638663    0.735923695  111.136292231
    0.104112868    1.146953309  220.583011503
    0.106587073    1.803793016  304.562563919
    0.109061279    2.623656673  351.670667893
    0.111535484    3.523984611  370.565351899
    0.114009689    4.444436526  365.425984184
    0.116483894    5.327222407  345.247143179
    0.118958099    6.133577782  303.507161877
    0.121432304    6.807914881  238.483725557
    0.123906510    7.299220059  159.853755304
    0.126380715    7.591702801   79.624821647
    0.128854920    7.717687926   26.303802288
    0.131329125    7.746624750    0.199615317
    0.133803330    7.734874798   -4.849190118
    0.136277535    7.736615049    6.147116220
    0.138751740    7.755309875    8.051187008
    0.141225946    7.769092070   -1.281864412
    0.143700151    7.757045982   -5.918367947
    0.146174356    7.755728119    6.006247167
    0.148648561    7.792166036   27.912607613
    0.151122766    7.881416699   45.267930526
    0.153596971    8.020356252   66.731175491
    0.156071177    8.190047681   73.189256362
    0.158545382    8.396442164   96.373444815
    0.161019587    8.688469760  136.810709489
    0.163493792    9.081092350  178.776839651
    0.165967997    9.566145402  210.744679143
    0.168442202   10.106165529  223.835313706
    0.170916408   10.657650733  223.518126606
    0.173390613   11.217839507  231.138176315
    0.175864818   11.809528140  249.781167258
    0.178339023   12.446033169  266.229441267
    0.180813228   13.120283824  280.201208092
    0.183287433   13.817846396  284.592846035
    0.185761638   14.509950590  274.481777218
    0.188235844   15.158873352  247.796696605
    0.190710049   15.726750581  209.747886087
    0.193184254   16.197239013  170.689932541
    0.195658459   16.586081948  149.364835247
    0.198132664   16.947530315  151.894161090
    0.200606869   17.336164290  165.823693208
    0.203081075   17.763889576  176.808546434
    0.205555280   18.181064741  156.122938646
    0.208029485   18.537025002  133.774321058
    0.210503690   18.857189102  129.240180534
    0.212977895   19.202294574  157.721602887
    0.215452100   19.647273625  200.573502414
    0.217926306   20.177680094  221.779401692
    0.220400511   20.718195022  210.492695770
    0.222874716   21.213361264  189.433962635
    0.225348921   21.666601402  177.468560937
    0.227823126   22.102413969  174.951200197
    0.230297331   22.540304579  180.768865027
    0.232771536   22.967840158  163.215125054
    0.235245742   23.338724736  139.015764772
    0.237719947   23.658503644  122.188507885
    0.240194152   23.940549223  108.662588285
    0.242668357   24.204363053  105.789036586
    0.245142562   24.468851124  110.334539542
    0.247616767   24.717994936   94.521135621
    0.250090973   24.932144437   81.046323995
    0.252565178   25.125838855   77.417505304
    0.255039383   25.328518546   85.302451799
    0.257513588   25.554920689   95.440034206
    0.259987793   25.790377365   96.257491615
    0.262461998   26.019682009   89.883793396
    0.264936204   26.244348559   93.378753745
    0.267410409   26.487356187  106.827715120
    0.269884614   26.769249376  122.281027647
    0.272358819   27.105222445  147.054457370
    0.274833024   27.480562573  152.862785823
    0.277307229   27.858443440  147.358432309
    0.279781434   28.215131642  143.905619714
    0.282255640   28.564042268  143.459759296
    0.284729845   28.935644247  157.177557566
    0.287204050   29.334755178  161.900611292
    0.289678255   29.712729179  138.521667081
    0.292152460   30.032424058  115.303480019
    0.294626665   30.297540871  102.409157058
    0.297100871   30.549728092  109.697144854
    0.299575076   30.841103716  127.268032713
    0.302049281   31.161372506  128.438213537
    0.304523486   31.458465253  110.405338063
    0.306997691   31.702066142   91.123638130
    0.309471896   31.935884222  104.981792192
    0.311946102   32.219047142  124.942370571
    0.314420307   32.542251760  132.856163440
    0.316894512   32.856919971  116.748240353
    0.319368717   33.105295135   89.552595538
    0.321842922   33.306384105   78.350901026
    0.324317127   33.516626390   97.530075053
    0.326791333   33.794759412  123.447903439
    0.329265538   34.120152357  135.701000214
    0.331739743   34.453443303  130.891088210
    0.334213948   34.781616649  136.467581330
    0.336688153   35.143788840  157.222366719
    0.339162358   35.564937889  182.832521330
    0.341636563   36.040301443  193.912667441
    0.344110769   36.525978076  196.159916988
    0.346584974   37.013652892  199.473564557
    0.349059179   37.504595982  199.686717502
    0.351533384   38.015236333  215.455260707
    0.354007589   38.570033806  233.854216484
    0.356481794   39.167891078  250.666834203
    0.358956000   39.812698139  270.404272665
    0.361430205   40.495688389  284.038018309
    0.363904410   41.220584386  306.428944203
    0.366378615   42.014122786  333.420926292
    0.368852820   42.858874712  352.324102435
    0.371327025   43.744357281  361.823846503
    0.373801231   44.654678877  373.980148265
    0.376275436   45.580697779  376.935318685
    0.378749641   46.520202178  387.379963033
    0.381223846   47.502697256  410.701936870
    0.383698051   48.557621450  441.277883553
    0.386172256   49.670923581  454.564600606
    0.388646461   50.799540923  455.476964597
    0.391120667   51.920387990  452.866240247
    0.393594872   53.058910729  468.112116441
    0.396069077   54.225246163  477.665248114
    0.398543282   55.402407355  469.658354150
    0.401017487   56.533035978  439.040136431
    0.403491692   57.564040980  394.862245884
    0.405965898   58.487023658  357.431281664
    0.408440103   59.350967415  341.396327764
    0.410914308   60.187390698  335.842803005
    0.413388513   61.010243586  329.906781585
    0.415862718   61.802247954  312.268117492
    0.418336923   62.552252528  295.679244554
    0.420811129   63.273573551  285.726913157
    0.423285334   63.985381392  290.274168878
    0.425759539   64.686020832  280.264452618
    0.428233744   65.375898138  276.646529559
    0.430707949   66.050055070  272.926513567
    0.433182154   66.718433715  265.937931164
    0.435656359   67.366871999  255.986616414
    0.438130565   68.000401476  259.380990728
    0.440604770   68.662665333  279.822735193
    0.443078975   69.385233793  304.677464718
    0.445553180   70.160052012  321.780037502
    0.448027385   70.945584722  307.084044283
    0.450501590   71.674440975  279.928875760
    0.452975796   72.333952818  252.578128971
    0.455450001   72.932790592  235.131704848
    0.457924206   73.492631257  215.593731158
    0.460398411   74.000628117  193.345311929
    0.462872616   74.417267281  140.885974576
    0.465346821   74.673470298   66.405608576
    0.467821027   74.740350204   -9.900683354
    0.470295232   74.643815419  -64.942323372
    0.472769437   74.443818164  -94.535140755
    0.475243642   74.171087664 -122.913044765
    0.477717847   73.838193638 -148.807344810
    0.480192052   73.447330254 -163.968521741
    0.482666257   73.039585330 -164.234518434
    0.485140463   72.651214672 -149.274883743
    0.487614668   72.316394926 -123.409179700
    0.490088873   72.024797716 -114.698873136
    0.492563078   71.732329198 -119.750662493
    0.495037283   71.431971825 -121.682480731
    0.497511488   71.147068784  -99.212589179
    0.499985694   70.965014305  -47.797582521
    0.502459899   70.911226176   -4.752342728
    0.504934104   70.936745313   18.768160232
    0.507408309   70.971326248    8.393198452
    0.509882514   70.985438786    6.578720921
    0.512356719   71.007099266   16.274078683
    0.514830925   71.076057152   36.336473139
    0.517305130   71.198336479   59.039427087
    0.519779335   71.348177447   58.345774074
    0.522253540   71.487814356   50.993677383
    0.524727745   71.599453805   37.690961891
    0.527201950   71.677976655   26.617750754
    0.529676156   71.725900214   11.437330247
    0.532150361   71.740801958   -0.194553770
    0.534624566   71.720141836  -15.374586589
    0.537098771   71.695419067   -2.533113924
    0.539572976   71.711514633   11.615557366
    0.542047181   71.737082018    8.302036276
    0.544521386   71.726194125  -19.131320307
    0.546995592   71.648869344  -38.937461683
    0.549469797   71.540572135  -50.372569065
    0.551944002   71.424372807  -43.721813195
    0.554418207   71.336995547  -32.864818796
    0.556892412   71.247024729  -41.772134721
    0.559366617   71.120736601  -59.125520446
    0.561840823   70.960043142  -63.933966533
    0.564315028   70.822248104  -45.133618997
    0.566789233   70.740616968  -24.490389039
    0.569263438   70.688545619  -21.970217747
    0.571737643   70.616339847  -42.061767959
    0.574211848   70.497638180  -52.587467604
    0.576686054   70.363314875  -51.765401103
    0.579160259   70.235197158  -50.391451172
    0.581634464   70.118601675  -45.170841336
    0.584108669   69.990707122  -59.356075298
    0.586582874   69.847614757  -58.505750507
    0.589057079   69.693373443  -63.658236519
    0.591531284   69.547794231  -52.102664588
    0.594005490   69.431501533  -44.083112911
    0.596479695   69.329024625  -41.833257512
    0.598953900   69.212303034  -57.378090490
    0.601428105   69.060912549  -68.627188223
    0.603902310   68.873971388  -85.820641461
    0.606376515   68.645968841  -99.512524202
    0.608850721   68.376561928 -116.864404921
    0.611324926   68.080289763 -122.822062498
    0.613799131   67.768964779 -127.778763926
    0.616273336   67.454097496 -124.937656142
    0.618747541   67.147366970 -122.360729017
    0.621221746   66.851981175 -115.483449007
    0.623695952   66.585983281 -101.534498248
    0.626170157   66.358436423  -83.443910794
    0.628644362   66.160575977  -72.686604398
    0.631118567   65.993600250  -67.601683163
    0.633592772   65.818290292  -73.973511760
    0.636066977   65.626523202  -80.721697169
    0.638541182   65.436552622  -67.852874875
    0.641015388   65.302825736  -36.873508797
    0.643489593   65.250949585   -3.443574784
    0.645963798   65.285284294   26.458240549
    0.648438003   65.356357687   22.710393001
    0.650912208   65.384685345   -6.854596885
    0.653386413   65.331942266  -33.470021276
    0.655860619   65.250157771  -27.260266993
    0.658334824   65.213397313    3.029132798
    0.660809029   65.282240329   47.535766650
    0.663283234   65.421115957   56.466583092
    0.665757439   65.540649422   35.838486404
    0.668231644   65.590042140    8.138305396
    0.670705850   65.603438770    9.431038328
    0.673180055   65.652110644   36.235474707
    0.675654260   65.805071124   79.902336694
    0.678128465   66.031766268   96.026138536
    0.680602670   66.251457822   72.149398667
    0.683076875   66.383133071   33.670447607
    0.685551080   66.433272256   12.546044476
    0.688025286   66.475137968   22.704690890
    0.690499491   66.571395666   56.736852282
    0.692973696   66.729328770   72.792810928
    0.695447901   66.913476794   74.504478455
    0.697922106   67.086960484   65.863231512
    0.700396311   67.265708064   80.069412901
    0.702870517   67.482888691   97.866966942
    0.705344722   67.743225222  110.203361137
    0.707818927   67.981795987   85.214537858
    0.710293132   68.161706780   60.910105242
    0.712767337   68.285667413   40.673791755
    0.715241542   68.405023030   61.547012358
    0.717715748   68.594367339   92.226972546
    0.720189953   68.846468858  105.285221280
    0.722664158   69.091791920   95.028702980
    0.725138363   69.324082972   91.682243777
    0.727612568   69.565440756  104.243599952
    0.730086773   69.852291932  124.157790799
    0.732560979   70.163344037  122.167262765
    0.735035184   70.440946351   98.565463601
    0.737509389   70.654777022   74.379981520
    0.739983594   70.848168449   82.781900779
    0.742457799   71.089191036  117.170239860
    0.744932004   71.424985166  152.118265653
    0.747406209   71.830820269  172.568503657
    0.749880415   72.279800012  185.555510979
    0.752354620   72.750223328  197.590236557
    0.754828825   73.240803076  199.086506338
    0.757303030   73.713197125  184.946952837
    0.759777235   74.152720534  170.938018545
    0.762251440   74.549523905  145.469518877
    0.764725646   74.901603266  137.926145901
    0.767199851   75.230832254  129.307070925
    0.769674056   75.539701193  117.425879416
    0.772148261   75.822434011  113.871304270
    0.774622466   76.129601830  135.843954928
    0.777096671   76.494378829  161.946701461
    0.779570877   76.921026024  175.462843204
    0.782045082   77.329133189  149.275088449
    0.784519287   77.631729781   95.243567956
    0.786993492   77.821629136   62.306939929
    0.789467697   77.994591553   82.672354219
    0.791941902   78.266027663  138.643825629
    0.794416107   78.634044331  154.216933871
    0.796890313   79.006226975  142.819373730
    0.799364518   79.336388741  122.911333115
    0.801838723   79.649074637  132.881168889
    0.804312928   79.997996700  153.881363765
    0.806787133   80.408470475  175.091680576
    0.809261338   80.843338909  172.598041246
    0.811735544   81.231735745  139.696200555
    0.814209749   81.546670313  114.621835128
    0.816683954   81.816793453  104.210573950
    0.819158159   82.077536380  108.196344382
    0.821632364   82.355763087  112.516166840
    0.824106569   82.634888126  109.016905384
    0.826580775   82.896967853  105.286648140
    0.829054980   83.147275226   95.658833518
    0.831529185   83.389444886   98.105706282
    0.834003390   83.629436753   97.005033546
    0.836477595   83.859890748   90.543557169
    0.838951800   84.101120207  102.711032310
    0.841426005   84.371224498  109.803984443
    0.843900211   84.626179574   91.718993547
    0.846374416   84.823716941   64.062684211
    0.848848621   84.926551108   20.042637044
    0.851322826   84.930701839  -18.578198495
    0.853797031   84.843877259  -51.388662030
    0.856271236   84.691812286  -71.738788137
    0.858745442   84.502650293  -76.214153910
    0.861219647   84.327586217  -58.236995222
    0.863693852   84.223260379  -23.866579502
    0.866168057   84.193443225   -3.928778145
    0.868642262   84.182116075  -10.248567014
    0.871116467   84.112091394  -53.710637853
    0.873590673   83.917874206 -100.673814549
    0.876064878   83.641201388 -120.220918962
    0.878539083   83.350530355 -106.868377762
    0.881013288   83.132177430  -73.292637576
    0.883487493   82.981532947  -52.888171983
    0.885961698   82.844437403  -59.256462845
    0.888435903   82.691218034  -66.512970104
    0.890910109   82.520487052  -69.694451903
    0.893384314   82.358022963  -59.999111719
    0.895858519   82.229801252  -42.362822305
    0.898332724   82.146860898  -22.607934317
    0.900806929   82.108398690  -12.084643218
    0.903281134   82.100806175   -1.519745433
    0.905755340   82.095408351   -3.312686318
    0.908229545   82.065872735  -23.048702725
    0.910703750   81.982779288  -44.210200198
    0.913177955   81.846970138  -65.167533271
    0.915652160   81.672567692  -71.385375360
    0.918126365   81.494090764  -67.836931501
    0.920600571   81.327082891  -64.697262028
    0.923074776   81.180437650  -49.923275757
    0.925548981   81.082627463  -31.252038440
    0.928023186   81.024623883  -16.770975254
    0.930497391   80.979835093  -22.199471613
    0.932971596   80.898449163  -43.912670521
    0.935445802   80.764317331  -63.166985299
    0.937920007   80.613653742  -58.473020777
    0.940394212   80.489854015  -38.026379190
    0.942868417   80.414033296  -19.969766967
    0.945342622   80.383778882   -6.006598419
    0.947816827   80.366046634  -10.904684343
    0.950291032   80.322039840  -26.819753364
    0.952765238   80.244256195  -40.584906762
    0.955239443   80.132056852  -45.905110318
    0.957713648   80.011951908  -49.114959948
    0.960187853   79.891811246  -52.508392101
    0.962662058   79.749945466  -62.121027219
    0.965136263   79.589505107  -65.041338618
    0.967610469   79.428910315  -61.935978442
    0.970084674   79.275844697  -59.723981324
    0.972558879   79.145883590  -45.997766702
    0.975033084   79.032147096  -47.827263845
    0.977507289   78.904548772  -53.661937088
    0.979981494   78.748994591  -68.383292936
    0.982455700   78.577006240  -66.885273933
    0.984929905   78.434597615  -48.854736176
    0.987404110   78.336486288  -33.498712328
    0.989878315   78.240654440  -43.997611306
    0.992352520   78.106436642  -65.630476507
    0.994826725   77.920590272  -87.273511740
    0.997300930   77.690252830  -99.492604122
    0.999775136   77.440233904 -102.989190971
    1.002249341   77.178919322 -108.307591237
    1.004723546   76.906904189 -109.844447291
    1.007197751   76.640367304 -102.960978206
    1.009671956   76.403214511  -90.118369825
    1.012146161   76.204962174  -68.800727200
    1.014620367   76.041182717  -59.132942918
    1.017094572   75.904983725  -51.947680613
    1.019568777   75.796579427  -32.731706678
    1.022042982   75.754250253   -2.465038057
    1.024517187   75.773609214   15.266988506
    1.026991392   75.804843116    4.457114361
    1.029465598   75.769610818  -31.470112635
    1.031939803   75.671694321  -41.944510030
    1.034414008   75.581818151  -24.758700925
    1.036888213   75.563547255   11.853853843
    1.039362418   75.609089293   17.820993783
    1.041836623   75.629081010   -7.579609064
    1.044310828   75.561470738  -49.038757593
    1.046785034   75.402017245  -73.069322322
    1.049259239   75.226165686  -62.772893205
    1.051733444   75.098520803  -40.873394082
    1.054207649   75.024878593  -22.866833268
    1.056681854   74.951828502  -36.477340787
    1.059156059   74.840617199  -52.750189712
    1.061630265   74.696852142  -59.526164554
    1.064104470   74.557438601  -51.400663353
    1.066578675   74.452235812  -32.812633052
    1.069052880   74.377260759  -27.804854318
    1.071527085   74.296301217  -37.820555042
    1.074001290   74.176454673  -60.434078419
    1.076475496   73.998786327  -82.831038009
    1.078949701   73.783631282  -91.949831621
    1.081423906   73.555088913  -89.645057237
    1.083898111   73.327178323  -96.152271474
    1.086372316   73.079130309 -107.345368596
    1.088846521   72.778552828 -136.002303296
    1.091320726   72.426332153 -148.305193964
    1.093794932   72.068856936 -138.377270561
    1.096269137   71.746199911 -119.789457874
    1.098743342   71.473294851 -101.598043815
    1.101217547   71.236689541  -91.623445217
    1.103691752   71.025185463  -82.468966124
    1.106165957   70.822544370  -75.269177636
    1.108640163   70.657586619  -57.145894697
    1.111114368   70.525011040  -53.285521909
    1.113588573   70.366624027  -79.520145586
    1.116062778   70.142367015 -102.927137153
    1.118536983   69.860803356 -113.558019425
    1.121011188   69.587911284  -98.571881351
    1.123485394   69.395384623  -50.311958735
    1.125959599   69.329381917   -6.577199043
    1.128433804   69.331581416    0.048321837
    1.130908009   69.300180545  -28.671216496
    1.133382214   69.167959553  -75.993771072
    1.135856419   68.946044126  -99.506737857
    1.138330625   68.699683981  -92.840603935
    1.140804830   68.512830292  -61.169314248
    1.143279035   68.392556150  -39.637815134
    1.145753240   68.284274741  -47.567891642
    1.148227445   68.144484351  -67.548067210
    1.150701650   67.975393502  -65.948473948
    1.153175855   67.824342312  -52.626873489
    1.155650061   67.725522425  -24.440629611
    1.158124266   67.685647247  -11.152310078
    1.160598471   67.644567571  -23.565822359
    1.163072676   67.552046984  -48.721447077
    1.165546881   67.434464034  -41.372989951
    1.168021086   67.355078256  -15.274049802
    1.170495292   67.346864197   10.488500033
    1.172969497   67.385746977   18.490829548
    1.175443702   67.400082053  -13.382254129
    1.177917907   67.323826723  -44.002259185
    1.180392112   67.201033754  -48.886635470
    1.182866317   67.107162699  -23.919383869
    1.185340523   67.098320822   15.425907568
    1.187814728   67.156018852   27.678189567
    1.190288933   67.209565503    7.797620865
    1.192763138   67.192694996  -18.476113405
    1.195237343   67.127253688  -27.333219950
    1.197711548   67.074251233  -10.688906951
    1.200185753   67.084587556   16.546111521
    1.202659959   67.131430898   17.422320554
    1.205134164   67.162854505    5.772478586
    1.207608369   67.160223581   -6.371734753
    1.210082574   67.150625731    1.767600857
    1.212556779   67.181623136   21.945473753
    1.215030984   67.268089502   42.548760800
    1.217505190   67.354966179   26.353032134
    1.219979395   67.384222197   -4.236178977
    1.222453600   67.350080422  -17.737294030
    1.224927805   67.316338325   -5.900586076
    1.227402010   67.355385682   36.973525995
    1.229876215   67.480716565   59.947210485
    1.232350421   67.637141108   58.879632077
    1.234824626   67.775054195   51.944294222
    1.237298831   67.864767317   25.105187979
    1.239773036   67.908177953    8.083681269
    1.242247241   67.923955869    2.929981779
    1.244721446   67.929051356    1.375404544
    1.247195651   67.944086284   11.855332915
    1.249669857   67.983470516   19.416372181
    1.252144062   68.029963790   15.277547144
    1.254618267   68.051808213    0.516326822
    1.257092472   68.031462827  -15.945442777
    1.259566677   67.996122901   -9.881264866
    1.262040882   68.009347924   22.996680304
    1.264515088   68.115066921   58.053414107
    1.266989293   68.275946555   66.789360965
    1.269463498   68.413301376   37.980157925
    1.271937703   68.468413255   10.816968379
    1.274411908   68.487070642   11.247101246
    1.276886113   68.553303183   43.648891103
    1.279360319   68.695385681   68.138592961
    1.281834524   68.868325301   67.964573269
    1.284308729   69.013648412   46.442105623
    1.286782934   69.106811161   37.230964951
    1.289257139   69.221230076   56.776314917
    1.291731344   69.396167325   80.138840871
    1.294205549   69.599712411   76.493217293
    1.296679755   69.741810428   33.928400881
    1.299153960   69.755451445  -19.908838243
    1.301628165   69.677173600  -35.115512036
    1.304102370   69.628903517    4.264252061
    1.306576575   69.716523577   66.657503463
    1.309050780   69.945465187  105.703750707
    1.311524986   70.185565081   81.844356577
    1.313999191   70.325615238   28.880917126
    1.316473396   70.338726568  -14.316856546
    1.318947601   70.284317903  -23.833068052
    1.321421806   70.251881154    2.603449351
    1.323896011   70.297042990   33.203676668
    1.326370217   70.399159934   46.403380840
    1.328844422   70.506863959   43.061711612
    1.331318627   70.608488410   39.581065626
    1.333792832   70.702024141   35.341414887
    1.336267037   70.784338792   28.314705481
    1.338741242   70.834556305   14.317729485
    1.341215448   70.850310393   -0.360413002
    1.343689653   70.838689450   -6.583582078
    1.346163858   70.830422341    4.047867182
    1.348638063   70.854522218   16.476695509
    1.351112268   70.918323230   36.356133687
    1.353586473   71.021734692   50.285180443
    1.356060678   71.171247094   70.333331368
    1.358534884   71.352854728   74.389419549
    1.361009089   71.542680855   76.695090550
    1.363483294   71.723411375   66.853059587
    1.365957499   71.848088492   33.710244028
    1.368431704   71.889423700    1.685401026
    1.370905909   71.877515504   -8.839116940
    1.373380115   71.864900777    3.928151088
    1.375854320   71.893150486   15.916132607
    1.378328525   71.956159238   33.894474925
    1.380802730   72.038154919   29.368094650
    1.383276935   72.115189809   30.759828339
    1.385751140   72.178869895   19.216862561
    1.388225346   72.220463972   15.855266091
    1.390699551   72.267790444   22.135369011
    1.393173756   72.326512668   28.438296717
    1.395647961   72.406346620   35.179998580
    1.398122166   72.488671525   32.588537378
    1.400596371   72.576509114   37.351168203
    1.403070576   72.658863242   30.873242534
    1.405544782   72.728299198   25.424029906
    1.408018987   72.789140717   26.262895660
    1.410493192   72.869485621   37.412342879
    1.412967397   72.980473236   52.282396695
    1.415441602   73.112814688   53.265303199
    1.417915807   73.244057062   52.197124913
    1.420390013   73.372394512   46.726892993
    1.422864218   73.482091461   45.127609729
    1.425338423   73.586908505   38.874549577
    1.427812628   73.692950862   45.021085042
    1.430286833   73.813917435   53.313616457
    1.432761038   73.945603975   52.842783693
    1.435235244   74.059375477   37.997486303
    1.437709449   74.157550259   40.908426829
    1.440183654   74.262884716   44.559293003
    1.442657859   74.361618662   38.610828977
    1.445132064   74.451170260   33.795357526
    1.447606269   74.539420473   39.194024968
    1.450080474   74.649085839   50.885269572
    1.452554680   74.778628431   58.076462221
    1.455028885   74.929064179   58.515332263
    1.457503090   75.061290370   45.100459233
    1.459977295   75.146927421   20.749455181
    1.462451500   75.181864153   11.299796254
    1.464925705   75.220272238   22.765265172
    1.467399911   75.304494119   45.623021881
    1.469874116   75.422814307   45.456360982
    1.472348321   75.521697699   33.705607263
    1.474822526   75.596527862   31.475723847
    1.477296731   75.696330963   50.425298053
    1.479770936   75.863140693   80.884840519
    1.482245142   76.091042904  102.111968343
    1.484719347   76.332278974   91.572747759
    1.487193552   76.539348890   74.756381265
    1.489667757   76.700820054   58.372632832
    1.492141962   76.832178621   52.507939376
    1.494616167   76.961352462   52.016634646
    1.497090372   77.087664550   48.192980867
    1.499564578   77.196268081   39.855091016
    1.502038783   77.291544791   43.414796885
    1.504512988   77.422911012   63.964085416
    1.506987193   77.621448189   92.580925911
    1.509461398   77.852008252   88.451358391
    1.511935603   78.053598127   72.712193078
    1.514409809   78.213440444   60.547006643
    1.516884014   78.365459243   67.648713888
    1.519358219   78.549713242   79.229368729
    1.521832424   78.759404261   87.765048833
    1.524306629   78.969340304   77.756393159
    1.526780834   79.130855527   49.791396339
    1.529255040   79.233113402   34.548040518
    1.531729245   79.312974838   32.214153779
    1.534203450   79.393648595   37.374474830
    1.536677655   79.492947508   43.731359174
    1.539151860   79.609762556   49.766445424
    1.541626065   79.744188827   61.555843877
    1.544100270   79.898149775   62.560802443
    1.546574476   80.061242866   66.484434760
    1.549048681   80.226869988   70.042420422
    1.551522886   80.411196598   77.254990912
    1.553997091   80.615019450   87.337795021
    1.556471296   80.829184928   81.422204181
    1.558945501   81.007439855   64.541962873
    1.561419707   81.158858992   61.010366883
    1.563893912   81.321601772   73.513238798
    1.566368117   81.541539409  103.768736948
    1.568842322   81.817710141  113.309833841
    1.571316527   82.100606500  111.364153493
    1.573790732   82.366966198  101.905284498
    1.576264938   82.616620949  104.019074641
    1.578739143   82.888786704  117.324848639
    1.581213348   83.180141488  117.717304306
    1.583687553   83.456183004  103.110634365
    1.586161758   83.677501239   80.481398086
    1.588635963   83.885715754   91.259433730
    1.591110169   84.157000061  131.465918806
    1.593584374   84.509874671  155.279483248
    1.596058579   84.903991302  153.388340179
    1.598532784   85.246870533  122.097213125
    1.601006989   85.495554868   81.571873597
    1.603481194   85.677288089   69.334429002
    1.605955399   85.851101559   70.010863936
    1.608429605   86.018824682   64.093189547
    1.610903810   86.170454033   54.667305722
    1.613378015   86.294555611   47.712301483
    1.615852220   86.435246099   69.806758609
    1.618326425   86.642787399   99.296212775
    1.620800630   86.924194797  119.881023785
    1.623274836   87.213982928  107.392974020
    1.625749041   87.456678196   89.231382347
    1.628223246   87.657775997   77.808519541
    1.630697451   87.877390404  104.272392770
    1.633171656   88.170433165  132.773243750
    1.635645861   88.515156421  141.909551206
    1.638120067   88.841863721  117.750070957
    1.640594272   89.116555320  107.908677136
    1.643068477   89.397116492  125.160528087
    1.645542682   89.743498810  154.390306449
    1.648016887   90.142737963  164.247418231
    1.650491092   90.533266717  148.478481096
    1.652965297   90.871888450  126.405956407
    1.655439503   91.172188957  123.024709068
    1.657913708   91.503005012  148.161014012
    1.660387913   91.912662673  177.670547555
    1.662862118   92.357602950  181.325422739
    1.665336323   92.783116196  164.475978231
    1.667810528   93.185640546  166.010118063
    1.670284734   93.630120860  197.702111979
    1.672758939   94.186118639  249.184872006
    1.675233144   94.845276005  276.883182636
    1.677707349   95.518735177  257.454550471
    1.680181554   96.110837306  217.669088099
    1.682655759   96.596048358  182.819532501
    1.685129965   97.046211430  188.175631413
    1.687604170   97.554910621  224.696461856
    1.690078375   98.175190418  272.295283135
    1.692552580   98.886042594  295.466656332
    1.695026785   99.624183885  297.955645806
    1.697500990  100.358039196  296.242785646
    1.699975195  101.086504326  293.539722839
    1.702449401  101.801372505  283.599225486
    1.704923606  102.481160282  271.753074266
    1.707397811  103.151221547  274.667578149
    1.709872016  103.855573731  295.573451291
    1.712346221  104.637024279  336.639291803
    1.714820426  105.487926985  347.104769824
    1.717294632  106.325335875  327.524733976
    1.719768837  107.094633298  295.750514159
    1.722243042  107.810439914  286.682411296
    1.724717247  108.550838625  315.087606833
    1.727191452  109.378234578  350.074243460
    1.729665657  110.262414628  357.856440396
    1.732139863  111.126895211  341.349269802
    1.734614068  111.959651340  336.373984223
    1.737088273  112.796718366  341.732590830
    1.739562478  113.665188957  356.822904171
    1.742036683  114.547891565  350.425095887
    1.744510888  115.379043750  320.727688384
    1.746985093  116.136392642  292.513842759
    1.749459299  116.845077725  289.967258677
    1.751933504  117.599142729  319.748381002
    1.754407709  118.430685568  347.379640283
    1.756881914  119.289656132  335.781024077
    1.759356119  120.057489030  279.465148055
    1.761830324  120.676894990  223.728683597
    1.764304530  121.179411921  188.853311149
    1.766778735  121.640598082  190.817007240
    1.769252940  122.099283485  177.534267715
    1.771727145  122.497883440  141.249221227
    1.774201350  122.783742907   91.162052988
    1.776675555  122.986058648   78.555432650
    1.779149761  123.202816191  104.933704249
    1.781623966  123.518996055  153.212758382
    1.784098171  123.936814486  173.430767746
    1.786572376  124.310674573  121.200707383
    1.789046581  124.497828647   29.649686071
    1.791520786  124.489285001  -27.958313077
    1.793994992  124.414541364  -16.264089208
    1.796469197  124.442607014   40.224771293
    1.798943402  124.610708302   93.413570460
    1.801417607  124.854446041   93.320044257
    1.803891812  125.034924944   44.353333689
    1.806366017  125.075630846  -13.679007876
    1.808840222  124.986464656  -51.060600016
    1.811314428  124.850461562  -49.125536023
    1.813788633  124.751133268  -24.035785835
    1.816262838  124.741265698   14.457817728
    1.818737043  124.791407614   26.751623593
    1.821211248  124.846822071   16.343818905
    1.823685453  124.850260343  -17.562654705
    1.826159659  124.776474009  -41.715970555
    1.828633864  124.667513868  -39.082010024
    1.831108069  124.603420968   -6.060906410
    1.833582274  124.647209135   32.964136534
    1.836056479  124.754758107   45.268279418
    1.838530684  124.818414398    2.869324323
    1.841004890  124.770833525  -41.034979885
    1.843479095  124.623047982  -69.377458560
    1.845953300  124.469528284  -52.633755895
    1.848427505  124.380538472  -13.537460203
    1.850901710  124.397512215   28.166819585
    1.853375915  124.505061826   55.387318143
    1.855850120  124.673913140   79.898996586
    1.858324326  124.887581714   87.735141892
    1.860798531  125.077122568   62.958202767
    1.863272736  125.164499440   10.581936323
    1.865746941  125.116999730  -46.524502584
    1.868221146  124.952616238  -77.922718248
    1.870695351  124.755222523  -76.515989051
    1.873169557  124.596818844  -48.422189938
    1.875643762  124.522820320  -15.179512719
    1.878117967  124.507872752   -0.029322141
    1.880592172  124.499872317   -7.566239539
    1.883066377  124.471850434  -17.828974562
    1.885540582  124.426920669  -18.020175801
    1.888014788  124.399884591   -0.286851401
    1.890488993  124.440573945   33.183678615
    1.892963198  124.551837654   58.289755604
    1.895437403  124.711421130   65.282536928
    1.897911608  124.848851042   46.907704750
    1.900385813  124.926085669   16.526512485
    1.902860018  124.912996789  -23.309104112
    1.905334224  124.837143051  -33.636249846
    1.907808429  124.764421195  -21.726655803
    1.910282634  124.722835476   -6.985624381
    1.912756839  124.725946970   13.360063431
    1.915231044  124.795438106   39.929051430
    1.917705249  124.915037423   54.939584152
    1.920179455  125.047922395   47.115487014
    1.922653660  125.137460373   23.022342454
    1.925127865  125.149571263  -16.811393310
    1.927602070  125.070346603  -45.709103282
    1.930076275  124.940072302  -53.187402090
    1.932550480  124.834755847  -28.765738875
    1.935024686  124.805298316    3.310218004
    1.937498891  124.847180510   23.530220862
    1.939973096  124.892687588    7.540473107
    1.942447301  124.857232219  -32.487902640
    1.944921506  124.728271194  -61.767460893
    1.947395711  124.576188674  -51.650929978
    1.949869916  124.499396117   -5.554675406
    1.952344122  124.550164324   46.861756909
    1.954818327  124.698337024   66.731249107
    1.957292532  124.859894415   60.253795202
    1.959766737  124.968958566   30.444740699
    1.962240942  125.010349536    6.205450432
    1.964715147  125.018764851   -3.138403071
    1.967189353  125.014593596   -2.032091299
    1.969663558  125.000687177  -11.695686448
    1.972137763  124.960058642  -21.291317528
    1.974611968  124.904331746  -24.162588559
    1.977086173  124.867266697   -6.161431853
    1.979560378  124.886210910   20.779817103
    1.982034584  124.958454096   31.913849773
    1.984508789  125.027382811   18.784024083
    1.986982994  125.047145317   -1.826007346
    1.989457199  125.033651301   -8.267317786
    1.991931404  125.026030058    9.807380923
    1.994405609  125.083032625   35.352768790
    1.996879815  125.183152492   42.153399650
    1.999354020  125.266262766   19.293931434
    2.001828225  125.273618150  -14.779441041
    2.004302430  125.195185925  -42.464799040
    2.006776635  125.103368423  -25.097306062
    2.009250840  125.077960243    3.602306985
    2.011725045  125.101562608   13.043158269
    2.014199251  125.121823384    1.704679239
    2.016673456  125.110799224  -13.866994315
    2.019147661  125.067468640  -18.018639619
    2.021621866  125.039566766   -9.499949186
    2.024096071  125.035469378    7.991542004
    2.026570276  125.077452189   26.023571396
    2.029044482  125.170696362   47.137607413
    2.031518687  125.294961624   51.229268825
    2.033992892  125.419095127   45.589310183
    2.036467097  125.503769640   19.116896822
    2.038941302  125.503771119  -25.684302405
    2.041415507  125.397721885  -58.705880448
    2.043889713  125.224601552  -78.226529987
    2.046363918  125.044022385  -59.695704523
    2.048838123  124.941423554  -22.489567774
    2.051312328  124.941125405   20.194011843
    2.053786533  125.006631292   26.893795709
    2.056260738  125.055625948   10.273622649
    2.058734943  125.045778826  -18.011561449
    2.061209149  124.986297436  -24.899868464
    2.063683354  124.933525913  -11.708874917
    2.066157559  124.930555815    7.253089212
    2.068631764  124.967441109   17.680115959
    2.071105969  125.006885593    9.585829188
    2.073580174  125.032125202   16.181166831
    2.076054380  125.087066132   33.267405721
    2.078528585  125.184941161   39.574082045
    2.081002790  125.261609428   17.943651783
    2.083476995  125.255293145  -29.522881243
    2.085951200  125.124074547  -77.301019494
    2.088425405  124.920819215  -81.342551028
    2.090899611  124.759581019  -42.771233154
    2.093373816  124.731070640   23.004083017
    2.095848021  124.861849727   79.137239727
    2.098322226  125.076672667   81.403403541
    2.100796431  125.237710643   39.938412076
    2.103270636  125.263821363  -20.424812667
    2.105744841  125.167739141  -50.968238998
    2.108219047  125.047425254  -38.359816501
    2.110693252  124.998258734   -0.294120114
    2.113167457  125.029550781   26.573622854
    2.115641662  125.098166078   26.378885915
    2.118115867  125.154332220   17.048910184
    2.120590072  125.181471541    5.639470580
    2.123064278  125.194267197    6.590433801
    2.125538483  125.222856708   15.846743960
    2.128012688  125.254029061    6.861309871
    2.130486893  125.252011270   -7.453714427
    2.132961098  125.232457717   -7.752830842
    2.135435303  125.243391919   14.659188136
    2.137909509  125.324777220   45.701075228
    2.140383714  125.447118790   51.084027567
    2.142857919  125.552355027   33.371741812
    2.145332124  125.603248968    5.401731977
    2.147806329  125.584174845  -21.953022393
    2.150280534  125.509071833  -38.759137048
    2.152754739  125.406616485  -45.010892783
    2.155228945  125.304611195  -36.471946030
    2.157703150  125.243839122   -8.718656918
    2.160177355  125.258570216   21.013223501
    2.162651560  125.330860313   37.031892514
    2.165125765  125.424783138   36.879773468
    2.167599970  125.497519093   19.271187446
    2.170074176  125.512154656   -3.947953179
    2.172548381  125.495666137   -5.523525460
    2.175022586  125.512096387   18.641237769
    2.177496791  125.569572092   25.980286567
    2.179970996  125.617042409   10.002291201
    2.182445201  125.598505846  -27.702646708
    2.184919407  125.490398989  -58.627306200
    2.187393612  125.343969971  -58.071345675
    2.189867817  125.225860021  -29.279326121
    2.192342022  125.189772031    1.766540389
    2.194816227  125.215190271   14.138017818
    2.197290432  125.246642344    6.644984532
    2.199764638  125.241811677   -8.335274911
    2.202238843  125.214112845   -7.344086103
    2.204713048  125.212651389   11.173941128
    2.207187253  125.280279411   43.628930966
    2.209661458  125.407542184   58.430999356
    2.212135663  125.556085350   54.063933830
    2.214609868  125.658088319   24.567756689
    2.217084074  125.655209607  -27.413506676
    2.219558279  125.528327970  -71.578758476
    2.222032484  125.345141035  -67.515345381
    2.224506689  125.227034450  -26.591236652
    2.226980894  125.226307435   21.432498754
    2.229455099  125.324327632   52.801442263
    2.231929305  125.442862254   37.668188325
    2.234403510  125.491930230   -1.933895093
    2.236877715  125.454929594  -26.999850834
    2.239351920  125.377155586  -29.817949903
    2.241826125  125.333723404   -1.136842825
    2.244300330  125.365821212   25.675156712
    2.246774536  125.445461187   36.319577904
    2.249248741  125.528445916   24.915605477
    2.251722946  125.562945332    4.695600535
    2.254197151  125.554470158   -5.565197974
    2.256671356  125.538817882   -4.751172789
    2.259145561  125.528933534    0.425134964
    2.261619766  125.546618315    8.941294615
    2.264093972  125.571638965   10.828920649
    2.266568177  125.589831506    8.073261511
    2.269042382  125.592174540   -6.802350686
    2.271516587  125.563343961  -15.342211562
    2.273990792  125.506092838  -29.807887247
    2.276464997  125.431702384  -31.712416308
    2.278939203  125.400070615    7.633469120
    2.281413408  125.477351821   53.897016848
    2.283887613  125.645399907   73.621645349
    2.286361818  125.813245711   47.447943305
    2.288836023  125.849721749  -24.783161680
    2.291310228  125.719210373  -77.715735571
    2.293784434  125.510615321  -83.407479468
    2.296258639  125.349778687  -42.707854562
    2.298732844  125.292380501  -10.970390438
    2.301207049  125.280489333   -2.413844016
    2.303681254  125.261644807  -14.937856463
    2.306155459  125.213022487  -19.686011348
    2.308629664  125.189252703    6.904311180
    2.311103870  125.259310294   49.878086872
    2.313578075  125.401845126   56.819909485
    2.316052280  125.519979966   35.886226521
    2.318526485  125.535913639  -17.340464645
    2.321000690  125.447074615  -49.949530602
    2.323474895  125.316918483  -54.134116656
    2.325949101  125.198408745  -40.313897856
    2.328423306  125.137824649  -11.812089910
    2.330897511  125.150710681   22.246152665
    2.333371716  125.237761681   47.767509092
    2.335845921  125.374099920   53.364902173
    2.338320126  125.482802120   26.835566324
    2.340794332  125.497669972  -13.337465690
    2.343268537  125.428790361  -37.055765970
    2.345742742  125.334098061  -37.674014375
    2.348216947  125.263376776  -19.902724062
    2.350691152  125.234720101   -3.908645587
    2.353165357  125.223186176   -7.951025509
    2.355639562  125.199874342  -11.411864599
    2.358113768  125.190595217    7.595529625
    2.360587973  125.246277340   42.280860844
    2.363062178  125.392952231   72.403537129
    2.365536383  125.590844117   80.152087119
    2.368010588  125.754258594   48.809873912
    2.370484793  125.809614008   -9.357593302
    2.372958999  125.732096524  -51.975034219
    2.375433204  125.578305755  -66.618983982
    2.377907409  125.434277611  -47.507748097
    2.380381614  125.357749000  -16.627363959
    2.382855819  125.336174259    1.872415924
    2.385330024  125.353054634    8.156845906
    2.387804230  125.381632645   18.794803228
    2.390278435  125.457143572   43.069289747
    2.392752640  125.591505629   63.494997425
    2.395226845  125.736406643   46.156574491
    2.397701050  125.790460764   -4.866527857
    2.400175255  125.703354981  -61.792333096
    2.402649461  125.514942446  -82.730323743
    2.405123666  125.340930791  -52.005531134
    2.407597871  125.288054607    6.896286691
    2.410072076  125.357312805   44.921211326
    2.412546281  125.455677026   27.311637372
    2.415020486  125.475997907  -14.701639241
    2.417494691  125.408767818  -37.703788621
    2.419968897  125.310341268  -40.640947794
    2.422443102  125.233440591  -24.596020772
    2.424917307  125.182492594  -18.027962623
    2.427391512  125.138255553  -20.799130010
    2.429865717  125.079487309  -29.073761252
    2.432339922  125.024646310   -9.919117812
    2.434814128  125.035060579   18.297885068
    2.437288333  125.100563904   30.618121346
    2.439762538  125.170728289   24.179023131
    2.442236743  125.214868094   16.237346592
    2.444710948  125.259808267   24.098894433
    2.447185153  125.353755965   57.596630581
    2.449659359  125.532464099   81.566016871
    2.452133564  125.727641447   66.381695540
    2.454607769  125.825775342    5.582474645
    2.457081974  125.751978421  -62.176717602
    2.459556179  125.563650725  -80.243109046
    2.462030384  125.389510588  -48.473827706
    2.464504589  125.334875170   -1.380317438
    2.466978795  125.369305416   20.441997267
    2.469453000  125.402203669    1.005552226
    2.471927205  125.388678447  -11.007020973
    2.474401410  125.380703731    9.093847537
    2.476875615  125.434705734   33.378011344
    2.479349820  125.539029674   46.863734253
    2.481824026  125.654048905   44.225811143
    2.484298231  125.740625553   27.716460328
    2.486772436  125.792921389   19.251586622
    2.489246641  125.854003096   33.756277855
    2.491720846  125.950590757   44.656802426
    2.494195051  126.052909596   35.736077868
    2.496669257  126.121832342   15.025859601
    2.499143462  126.115044898  -21.265163840
    2.501617667  126.020486910  -55.845833280
    2.504091872  125.845330272  -83.480438727
    2.506566077  125.634932128  -78.356779205
    2.509040282  125.488054236  -35.702724055
    2.511514487  125.481683749   30.346294068
    2.513988693  125.606411840   62.525556267
    2.516462898  125.767307582   59.073606717
    2.518937103  125.869347113   21.554973741
    2.521411308  125.887545064    0.074651328
    2.523885513  125.888252069    3.843710423
    2.526359718  125.903714408    6.430462012
    2.528833924  125.891733854  -21.003546480
    2.531308129  125.770914357  -75.627192484
    2.533782334  125.530290065 -109.193709877
    2.536256539  125.287443872  -77.619619160
    2.538730744  125.190560592    7.100401620
    2.541204949  125.291506741   71.722918241
    2.543679155  125.512025255   96.804121868
    2.546153360  125.727254512   68.253819261
    2.548627565  125.866558683   47.638222611
    2.551101770  125.976609737   43.443202443
    2.553575975  126.086472239   40.171780696
    2.556050180  126.161696386   15.279909324
    2.558524385  126.140461581  -31.591136669
    2.560998591  126.021454749  -61.030138477
    2.563472796  125.878434810  -46.806134139
    2.565947001  125.819696803   -1.483007102
    2.568421206  125.862912051   27.352822752
    2.570895411  125.931557956   23.568161939
    2.573369616  125.955498057   -1.818895576
    2.575843822  125.933138219  -11.254785678
    2.578318027  125.916465374    4.631142893
    2.580792232  125.952574942   22.213201661
    2.583266437  125.999112787   12.367846358
    2.585740642  125.993158451  -16.991579038
    2.588214847  125.928164137  -31.946743097
    2.590689053  125.842894030  -27.219435249
    2.593163258  125.814712065    0.074910868
    2.595637463  125.832831789   12.226454403
    2.598111668  125.852367294   -2.915177000
    2.600585873  125.818533464  -25.484397725
    2.603060078  125.730997149  -38.548518903
    2.605534284  125.650464360  -20.127725896
    2.608008489  125.635196917    9.038968401
    2.610482694  125.674122403   19.867003049
    2.612956899  125.707905203    6.431293194
    2.615431104  125.697983638  -12.085499689
    2.617905309  125.662742079  -12.821829105
    2.620379514  125.668066099   21.440104897
    2.622853720  125.766246248   59.135381176
    2.625327925  125.934155179   70.365124535
    2.627802130  126.073748321   33.297257600
    2.630276335  126.077914491  -32.971617303
    2.632750540  125.927358431  -81.040715431
    2.635224745  125.722569827  -74.468026263
    2.637698951  125.590103600  -31.925884796
    2.640173156  125.565298344   10.430458096
    2.642647361  125.608473931   13.704169839
    2.645121566  125.619701108   -7.753946989
    2.647595771  125.571445001  -25.455938140
    2.650069976  125.517741844  -15.480546189
    2.652544182  125.516603901   20.451201102
    2.655018387  125.611073330   54.727984470
    2.657492592  125.753922815   53.395714125
    2.659966797  125.854546607   24.897688677
    2.662441002  125.861618623  -16.783607597
    2.664915207  125.774174488  -46.832070453
    2.667389412  125.648790224  -46.474093173
    2.669863618  125.569158225  -11.298456617
    2.672337823  125.586432156   23.489074677
    2.674812028  125.677339802   41.914680930
    2.677286233  125.759490583   20.573919033
    2.679760438  125.773342875  -14.523621727
    2.682234643  125.705358546  -36.638978755
    2.684708849  125.625490087  -23.612881244
    2.687183054  125.604592774   10.349607045
    2.689657259  125.664748107   38.474959182
    2.692131464  125.758487731   29.294753809
    2.694605669  125.800366427   -0.862588249
    2.697079874  125.756787756  -33.044690250
    2.699554080  125.649258418  -49.043094220
    2.702028285  125.539843108  -36.746601193
    2.704502490  125.476957060  -19.232692754
    2.706976695  125.452876739   -4.877282113
    2.709450900  125.457554613    5.626269655
    2.711925105  125.469011808    4.355569618
    2.714399310  125.470293950    1.332363827
    2.716873516  125.495547240   18.740449914
    2.719347721  125.559199244   33.515087001
    2.721821926  125.638374755   28.443839929
    2.724296131  125.690156456    9.618463237
    2.726770336  125.688058836   -8.120984842
    2.729244541  125.642932755  -30.117971353
    2.731718747  125.567878462  -29.742406139
    2.734192952  125.494610587  -33.224075928
    2.736667157  125.421119881  -23.558564847
    2.739141362  125.373446997  -11.461037907
    2.741615567  125.370214775    8.438038997
    2.744089772  125.421832202   32.198484221
    2.746563978  125.536528342   60.370892752
    2.749038183  125.709220575   72.673324386
    2.751512388  125.872853110   56.310598173
    2.753986593  125.973679737   17.431230440
    2.756460798  125.983404111  -12.460396446
    2.758935003  125.935213446  -24.228740354
    2.761409208  125.886142493  -13.514131317
    2.763883414  125.875170780    2.223681334
    2.766357619  125.895836577   11.163344702
    2.768831824  125.920964487    6.281914787
    2.771306029  125.921838374   -4.533847508
    2.773780234  125.895705263  -18.140682437
    2.776254439  125.860744687  -10.098403272
    2.778728645  125.844144850   -5.265261367
    2.781202850  125.835946820   -4.212657621
    2.783677055  125.812131319  -15.895950358
    2.786151260  125.775847842  -18.333160730
    2.788625465  125.720988334  -25.225333571
    2.791099670  125.649521784  -33.055708782
    2.793573876  125.555016895  -39.852744353
    2.796048081  125.452312443  -39.286639241
    2.798522286  125.375283854  -20.222700858
    2.800996491  125.377002357   21.805978220
    2.803470696  125.484700337   62.974427636
    2.805944901  125.664950284   76.250476007
    2.808419107  125.822149808   44.592772408
    2.810893312  125.868495066  -11.758061954
    2.813367517  125.779682394  -57.508417738
    2.815841722  125.619001860  -65.126246793
    2.818315927  125.485287353  -38.751365841
    2.820790132  125.427034438   -6.298096354
    2.823264337  125.441433932   11.592225548
    2.825738543  125.474524373   12.503228755
    2.828212748  125.509156754   14.049953219
    2.830686953  125.558832716   25.343250560
    2.833161158  125.643412783   39.840757095
    2.835635363  125.746018726   35.700274155
    2.838109568  125.801626755    7.223221419
    2.840583774  125.772671814  -26.869094071
    2.843057979  125.682817335  -39.509149471
    2.845532184  125.604669413  -15.717448239
    2.848006389  125.619757230   25.680425383
    2.850480594  125.717404967   50.879370140
    2.852954799  125.854510770   57.567527018
    2.855429005  125.967380227   35.938174570
    2.857903210  126.022540403   12.564716852
    2.860377415  126.046862882    6.859921717
    2.862851620  126.096073551   35.104050577
    2.865325825  126.218546087   61.069220222
    2.867800030  126.381515833   65.158639511
    2.870274235  126.494809027   23.613717848
    2.872748441  126.471172833  -47.272980412
    2.875222646  126.273263676 -103.489502596
    2.877696851  126.008081012 -106.583448686
    2.880171056  125.790520333  -67.287846394
    2.882645261  125.676523934  -27.833422980
    2.885119466  125.647750313    0.895639169
    2.887593672  125.668318715   15.913272262
    2.890067877  125.720696323   28.738261573
    2.892542082  125.808983687   40.873663766
    2.895016287  125.925624403   49.215265561
    2.897490492  126.026802336   31.794284146
    2.899964697  126.077160575   13.141733714
    2.902438903  126.108648214   15.616800343
    2.904913108  126.161373029   29.152552417
    2.907387313  126.234008923   24.203475507
    2.909861518  126.263935556   -4.729343205
    2.912335723  126.209253793  -36.519514363
    2.914809928  126.104339927  -44.659036907
    2.917284133  126.019407654  -18.131334075
    2.919758339  126.030040048   25.952602869
    2.922232544  126.117045919   39.958031810
    2.924706749  126.200442675   24.651496555
    2.927180954  126.219400438  -11.143926588
    2.929655159  126.163703359  -33.782006791
    2.932129364  126.067947729  -42.593427715
    2.934603570  125.964477106  -39.390605231
    2.937077775  125.876815836  -31.336716812
    2.939551980  125.817358748  -18.683403258
    2.942026185  125.793396776   -0.126710648
    2.944500390  125.797861611   -2.082145862
    2.946974595  125.764265535  -27.303670766
    2.949448801  125.661408267  -51.588910714
    2.951923006  125.533836699  -45.312216099
    2.954397211  125.467367596   -6.109507615
    2.956871416  125.507036781   36.655526131
    2.959345621  125.636195111   61.881321003
    2.961819826  125.780716830   54.805478052
    2.964294031  125.890484142   31.719726846
    2.966768237  125.954792583   23.481081310
    2.969242442  126.012278086   23.931846377
    2.971716647  126.059443980   14.682241455
    2.974190852  126.070269381   -6.284366251
    2.976665057  126.032568145  -21.058061926
    2.979139262  125.989802734  -10.433082758
    2.981613468  125.997665213   12.765123038
    2.984087673  126.041826533   19.579780532
    2.986561878  126.065515646   -3.452337181
    2.989036083  126.015689811  -39.186966164
    2.991510288  125.904053305  -51.001959837
    2.993984493  125.789083534  -38.342430563
    2.996458699  125.720881236  -14.633285066
    2.998932904  125.728952127   14.449819097
    3.001407109  125.773654734   20.699968011
    3.003881314  125.817557270   13.685709963
    3.006355519  125.835617804    1.842305416
    3.008829724  125.833466262   -0.551653922
    3.011303930  125.843927019    9.050022682
    3.013778135  125.881635721   21.604915636
    3.016252340  125.933600089   17.316773431
    3.018726545  125.956365061   -4.298542460
    3.021200750  125.916012285  -26.685654460
    3.023674955  125.840830474  -32.226011033
    3.026149160  125.780893784  -15.278583915
    3.028623366  125.774439891    5.872490374
    3.031097571  125.783569376    0.077847573
    3.033571776  125.758483356  -17.217062549
    3.036045981  125.717009051  -10.110248946
    3.038520186  125.735935614   29.452985475
    3.040994391  125.871549473   73.006148316
    3.043468597  126.071913309   78.406115406
    3.045942802  126.203628900   21.297106072
    3.048417007  126.163521658  -54.413020028
    3.050891212  125.978648302  -83.470966109
    3.053365417  125.790699240  -61.623367524
    3.055839622  125.689709433  -18.650085636
    3.058313828  125.690412488   10.383413081
    3.060788033  125.721103858    6.749578253
    3.063262238  125.738278394    9.315151495
    3.065736443  125.773447420   20.655326766
    3.068210648  125.865105633   48.609342611
    3.070684853  126.008480829   57.531473880
    3.073159058  126.134423106   35.217499126
    3.075633264  126.182940001    2.381724326
    3.078107469  126.151003142  -27.019079468
    3.080581674  126.060334328  -41.295230554
    3.083055879  125.958697883  -39.688860397
    3.085530084  125.871937009  -31.546409026
    3.088004289  125.805379004  -20.210444733
    3.090478495  125.785980907    4.882434680
    3.092952700  125.826505129   27.377952363
    3.095426905  125.914019065   40.562013481
    3.097901110  126.013713423   36.426080562
    3.100375315  126.077492713   12.325815924
    3.102849520  126.064199310  -24.759571082
    3.105323726  125.973132977  -47.399317471
    3.107797931  125.859729610  -47.209855788
    3.110272136  125.751923281  -40.551784499
    3.112746341  125.679998524  -20.081233551
    3.115220546  125.654604479   -2.734182398
    3.117694751  125.666140462    5.266564336
    3.120168956  125.667072576   -9.160715876
    3.122643162  125.623156561  -28.640171944
    3.125117367  125.534823019  -40.978793635
    3.127591572  125.445002731  -27.577299990
    3.130065777  125.416284155    8.569527006
    3.132539982  125.504854980   61.966004035
    3.135014187  125.705813148   89.768474332
    3.137488393  125.913578256   69.867113761
    3.139962598  126.031736953   21.344347003
    3.142436803  126.023250077  -22.650867180
    3.144911008  125.944082654  -34.679321904
    3.147385213  125.865058719  -27.399808167
    3.149859418  125.817509925  -10.491256953
    3.152333624  125.808745354    0.103726104
    3.154807829  125.816121177    1.406317132
    3.157282034  125.819872979   -0.976213923
    3.159756239  125.798742659  -15.934940411
    3.162230444  125.742759378  -30.087014257
    3.164704649  125.658885184  -34.838708873
    3.167178854  125.586711280  -19.284922621
    3.169653060  125.581859562   17.058422197
    3.172127265  125.664897073   44.686717741
    3.174601470  125.779457631   41.409950299
    3.177075675  125.825561399   -6.152655943
    3.179549880  125.743318868  -56.586860617
    3.182024085  125.579852443  -70.001697386
    3.184498291  125.434343945  -43.750725137
    3.186972496  125.377064904   -0.950297006
    3.189446701  125.423863248   32.020361989
    3.191920906  125.518779497   39.486325002
    3.194395111  125.599334135   24.351108985
    3.196869316  125.631773914    4.428263523
    3.199343522  125.639588534    1.600607120
    3.201817727  125.654244808   12.646340232
    3.204291932  125.688508389   17.303450297
    3.206766137  125.724376953   10.584859947
    3.209240342  125.724133465  -12.672696999
    3.211714547  125.658190741  -39.701881927
    3.214188752  125.534518537  -54.878776976
    3.216662958  125.405950657  -47.381452350
    3.219137163  125.309030354  -29.803659762
    3.221611368  125.255458530  -19.709939948
    3.224085573  125.220596955   -7.120037392
    3.226559778  125.202320251   -7.995671368
    3.229033983  125.191605544   -0.682936779
    3.231508189  125.188012400   -2.044433698
    3.233982394  125.177601185   -6.449920292
    3.236456599  125.165382567   -4.406918014
    3.238930804  125.160685579    2.284532072
    3.241405009  125.178491221   10.969503320
    3.243879214  125.214362200   14.107297218
    3.246353420  125.255424297   16.119380507
    3.248827625  125.292986507   13.483845866
    3.251301830  125.322749991   12.652423350
    3.253776035  125.351794181   13.889977776
    3.256250240  125.393640093   21.194591286
    3.258724445  125.450033111   22.287699139
    3.261198651  125.497488483   16.653017313
    3.263672856  125.527984191    9.107392554
    3.266147061  125.553478141   10.380581906
    3.268621266  125.592997021   22.128488429
    3.271095471  125.646850651   17.848492865
    3.273569676  125.685228424   14.794126576
    3.276043881  125.702246405   -1.334482396
    3.278518087  125.684602778  -15.816066037
    3.280992292  125.621131184  -32.836635165
    3.283466497  125.541553009  -26.138364381
    3.285940702  125.520802249   11.730645028
    3.288414907  125.611908910   60.321960527
    3.290889112  125.791613090   77.816886529
    3.293363318  125.957077340   46.936277643
    3.295837523  125.995072480  -21.933151750
    3.298311728  125.851165638  -88.442326554
    3.300785933  125.594711996 -106.783978723
    3.303260138  125.367238421  -70.432552013
    3.305734343  125.272543394  -10.465835915
    3.308208549  125.287606910   15.772401511
    3.310682754  125.313663905    3.969920857
    3.313156959  125.286233196  -23.198252486
    3.315631164  125.238419841  -12.349453929
    3.318105369  125.266675338   38.803084750
    3.320579574  125.415410250   76.333692017
    3.323053779  125.621497246   78.120595885
    3.325527985  125.762103436   29.829002947
    3.328002190  125.742858342  -44.008338108
    3.330476395  125.568456934  -92.735258275
    3.332950600  125.330646985  -91.244832228
    3.335424805  125.151676759  -47.476966622
    3.337899010  125.105131154   10.982741058
    3.340373216  125.193221035   61.397781871
    3.342847421  125.381975427   88.098997324
    3.345321626  125.588035608   75.049833271
    3.347795831  125.724193729   33.114026685
    3.350270036  125.750154919  -13.212461980
    3.352744241  125.678470250  -39.418215487
    3.355218447  125.577214074  -41.964622899
    3.357692652  125.477722805  -35.948679421
    3.360166857  125.398756474  -24.509309708
    3.362641062  125.347513075  -15.465691317
    3.365115267  125.335937126    2.894941059
    3.367589472  125.372355264   21.590829101
    3.370063677  125.422602774   19.290576304
    3.372537883  125.464690952   12.318578572
    3.375012088  125.476118569   -0.182298023
    3.377486293  125.471348185    1.005212299
    3.379960498  125.488453222   13.438027864
    3.382434703  125.540114115   26.051786861
    3.384908908  125.597250630   16.654912214
    3.387383114  125.602544238  -12.768511770
    3.389857319  125.530767080  -36.556623745
    3.392331524  125.435694439  -31.590364015
    3.394805729  125.389993371   -1.782468332
    3.397279934  125.431137492   32.295150497
    3.399754139  125.528770370   39.197170777
    3.402228345  125.622703129   31.191577633
    3.404702550  125.667356510    4.864667742
    3.407176755  125.654109638  -14.761010877
    3.409650960  125.595753535  -27.853279980
    3.412125165  125.524409493  -29.464422233
    3.414599370  125.454911557  -28.159114393
    3.417073575  125.384415845  -27.885313644
    3.419547781  125.321111782  -18.970906461
    3.422021986  125.295074070   -2.345489200
    3.424496191  125.288704664   -0.895849781
    3.426970396  125.269909230  -12.717702100
    3.429444601  125.218312950  -26.540109581
    3.431918806  125.148887340  -27.518402652
    3.434393012  125.111925870    2.824558094
    3.436867217  125.164481513   40.089186730
    3.439341422  125.294764791   66.389625315
    3.441815627  125.453044770   57.333966706
    3.444289832  125.551693853   20.527355384
    3.446764037  125.552886095  -19.309195687
    3.449238243  125.476891339  -40.167253533
    3.451712448  125.392012692  -26.656289346
    3.454186653  125.366118635    7.834298758
    3.456660858  125.419869775   28.388468048
    3.459135063  125.487008106   25.556126275
    3.461609268  125.525042499    2.677724473
    3.464083474  125.509377853   -9.223178299
    3.466557679  125.489180834    1.335176562
    3.469031884  125.525245402   29.919617951
    3.471506089  125.629250508   47.694756443
    3.473980294  125.737082081   31.535390836
    3.476454499  125.756946378  -14.139994367
    3.478928704  125.679568863  -45.456569198
    3.481402910  125.567562975  -37.304930485
    3.483877115  125.536299490   16.560069527
    3.486351320  125.640126118   61.402911273
    3.488825525  125.790413975   57.285437079
    3.491299730  125.871610502    3.657581613
    3.493773935  125.815432704  -47.192531098
    3.496248141  125.656204275  -73.320327768
    3.498722346  125.471624009  -73.711254383
    3.501196551  125.311347720  -58.152235606
    3.503670756  125.179482567  -48.101376783
    3.506144961  125.050630525  -56.936499759
    3.508619166  124.917267067  -47.562215774
    3.511093372  124.814568956  -33.137897630
    3.513567577  124.766483366   -5.596240820
    3.516041782  124.783337899   17.265641847
    3.518515987  124.851433666   37.844909514
    3.520990192  124.952477868   41.424421884
    3.523464397  125.054356989   34.172135927
    3.525938602  125.131207233   28.922386000
    3.528412808  125.205835741   29.471620045
    3.530887013  125.295559991   41.631979938
    3.533361218  125.423539455   60.849164433
    3.535835423  125.585504538   63.832546649
    3.538309628  125.710781418   37.937975634
    3.540783833  125.764030301    4.733738597
    3.543258039  125.752906468  -14.687409223
    3.545732244  125.723490437   -1.258489881
    3.548206449  125.750097653   26.728203624
    3.550680654  125.849985668   50.573617021
    3.553154859  125.966422251   36.772582719
    3.555629064  125.996290202  -15.235456483
    3.558103270  125.894701343  -62.731495441
    3.560577475  125.713374318  -81.208030608
    3.563051680  125.530772794  -64.090566336
    3.565525885  125.406609032  -42.076223937
    3.568000090  125.321495474  -31.173878001
    3.570474295  125.236410568  -38.778520645
    3.572948500  125.135953847  -44.239817407
    3.575422706  125.057259939  -17.362435564
    3.577896911  125.057407055   20.154258654
    3.580371116  125.162748476   58.121064934
    3.582845321  125.324195225   63.764176639
    3.585319526  125.454506910   36.209619963
    3.587793731  125.489836420   -3.780248311
    3.590267937  125.468942681   -8.929426041
    3.592742142  125.472903609   13.718022320
    3.595216347  125.538476087   36.374658739
    3.597690552  125.623563887   27.610205017
    3.600164757  125.642997034  -10.773799925
    3.602638962  125.564608520  -52.529748232
    3.605113168  125.395495418  -79.266527486
    3.607587373  125.201688249  -77.747013823
    3.610061578  125.024727479  -66.276131314
    3.612535783  124.872149796  -56.151333226
    3.615009988  124.740329153  -51.339570555
    3.617484193  124.640581131  -31.689120441
    3.619958398  124.595038317   -2.421444074
    3.622432604  124.619777937   23.249578061
    3.624906809  124.729374342   64.019858874
    3.627381014  124.906732737   78.056500467
    3.629855219  125.100692668   70.137096727
    3.632329424  125.215100666   16.191717061
    3.634803629  125.172159737  -48.520682218
    3.637277835  125.000847822  -81.446869799
    3.639752040  124.818283960  -52.693187791
    3.642226245  124.787362812   32.949972999
    3.644700450  124.955661852   98.127622819
    3.647174655  125.218822421   96.408083254
    3.649648860  125.384969688   31.477412567
    3.652123066  125.363919757  -45.330787175
    3.654597271  125.182324825  -90.669331397
    3.657071476  124.957913692  -86.367178594
    3.659545681  124.782496020  -53.713007169
    3.662019886  124.706412425   -8.554282754
    3.664494091  124.725407444   24.722085202
    3.666968297  124.822888154   49.459284030
    3.669442502  124.949648596   50.349626890
    3.671916707  125.037134067   18.623884878
    3.674390912  125.047078328  -12.976744088
    3.676865117  124.978940206  -36.454042660
    3.679339322  124.888924968  -31.879063009
    3.681813527  124.828864719  -17.402091025
    3.684287733  124.773433980  -27.294004888
    3.686761938  124.684862681  -45.933684052
    3.689236143  124.547651547  -58.113041370
    3.691710348  124.407489976  -51.662183788
    3.694184553  124.321250354  -15.194694872
    3.696658758  124.334019056   23.165534847
    3.699132964  124.443861735   59.207337568
    3.701607169  124.609230146   69.140719838
    3.704081374  124.757945849   46.011561252
    3.706555579  124.828071503    6.061894882
    3.709029784  124.792680383  -29.725659055
    3.711503989  124.703109032  -41.647331077
    3.713978195  124.613290681  -25.889874385
    3.716452400  124.601839499   15.982054580
    3.718926605  124.680537620   43.708827971
    3.721400810  124.789364858   35.163505094
    3.723875015  124.840870602    3.857078970
    3.726349220  124.820243311  -20.048270758
    3.728823425  124.761603870  -23.226382836
    3.731297631  124.716256785  -16.409130369
    3.733771836  124.657013552  -34.554152746
    3.736246041  124.522371102  -77.060471701
    3.738720246  124.277249366 -114.671891078
    3.741194451  123.988150141 -105.979480326
    3.743668656  123.809519179  -34.036305832
    3.746142862  123.838294960   53.385508787
    3.748617067  124.040715905   99.157741976
    3.751091272  124.272849362   80.292097317
    3.753565477  124.420000108   37.582992629
    3.756039682  124.467952486    5.893264546
    3.758513887  124.485860803   12.365187424
    3.760988093  124.525409896   18.510803220
    3.763462298  124.567370596   13.279770947
    3.765936503  124.577552186   -8.421647486
    3.768410708  124.530069140  -26.351846082
    3.770884913  124.463236923  -23.506331019
    3.773359118  124.444556113   12.273799640
    3.775833323  124.497636935   24.627741788
    3.778307529  124.564659230   24.149562920
    3.780781734  124.597910408   -0.319360051
    3.783255939  124.559761569  -32.141745031
    3.785730144  124.462051402  -41.306260130
    3.788204349  124.370403292  -28.790127958
    3.790678554  124.337175704    2.769785213
    3.793152760  124.385621401   35.260317687
    3.795626965  124.484500567   43.768151707
    3.798101170  124.570335733   25.196409441
    3.800575375  124.597513964   -1.214910633
    3.803049580  124.587619810    2.578132909
    3.805523785  124.618710520   28.308045990
    3.807997991  124.738277505   63.233655501
    3.810472196  124.909532419   73.540058902
    3.812946401  125.065482778   50.493584476
    3.815420606  125.145216576   13.422905959
    3.817894811  125.138110931  -16.295588792
    3.820369016  125.072187850  -35.482904291
    3.822843221  124.975499731  -42.033996735
    3.825317427  124.871025531  -42.041886720
    3.827791632  124.792488629  -19.637037435
    3.830265837  124.757056224  -11.691431575
    3.832740042  124.733277272   -6.691865362
    3.835214247  124.726601386    2.478847907
    3.837688452  124.744776806   16.271037555
    3.840162658  124.810881985   31.534393475
    3.842636863  124.900993527   35.311379178
    3.845111068  124.964268404   16.918004070
    3.847585273  124.964505447  -13.653205206
    3.850059478  124.901190720  -34.028872829
    3.852533683  124.822324620  -27.205030791
    3.855007889  124.771419140  -13.651928286
    3.857482094  124.767975841    6.173264920
    3.859956299  124.784692166    5.383803965
    3.862430504  124.788456398   -3.096079220
    3.864904709  124.781778193   -0.735443449
    3.867378914  124.785908440    0.466494363
    3.869853120  124.775275394  -10.025532669
    3.872327325  124.719917526  -35.931756533
    3.874801530  124.615734434  -54.826187665
    3.877275735  124.483520166  -46.444549791
    3.879749940  124.397110909  -21.396622885
    3.882224145  124.411058547   35.105888920
    3.884698350  124.546212973   70.889580377
    3.887172556  124.732494164   69.247115086
    3.889646761  124.856299143   21.538436498
    3.892120966  124.843022078  -32.433287483
    3.894595171  124.727920839  -47.898919346
    3.897069376  124.649430733   -3.519185363
    3.899543581  124.718840056   59.721310871
    3.902017787  124.911781282   81.614670419
    3.904491992  125.085402550   49.870798470
    3.906966197  125.134126933  -14.362385069
    3.909440402  125.033749371  -55.540638904
    3.911914607  124.915974556  -31.212748194
    3.914388812  124.894669466   12.134566454
    3.916863018  124.954495296   25.660844998
    3.919337223  124.994308697   -0.728901942
    3.921811428  124.923521908  -54.831792934
    3.924285633  124.752995951  -82.923377067
    3.926759838  124.566236121  -60.382023334
    3.929234043  124.450267343  -33.017213470
    3.931708248  124.405911816   -7.232242032
    3.934182454  124.393408695   -4.382388959
    3.936656659  124.374470633  -11.515981669
    3.939130864  124.352093327   -5.306356109
    3.941605069  124.357682179    7.921511498
    3.944079274  124.382796400   11.554240376
    3.946553479  124.394494610   -2.090786921
    3.949027685  124.357252480  -26.255527569
    3.951501890  124.280670149  -31.375212962
    3.953976095  124.224283177   -8.657963481
    3.956450300  124.239400449   21.088238137
    3.958924505  124.334162209   53.240953043
    3.961398710  124.474064913   56.599093072
    3.963872916  124.589986046   38.787527223
    3.966347121  124.655803499   16.178964535
    3.968821326  124.682311114    3.401796140
    3.971295531  124.689822168    3.538005717
    3.973769736  124.700562571    7.314654835
    3.976243941  124.709476784   -2.385017662
    3.978718146  124.671291517  -28.404861922
    3.981192352  124.583162886  -45.067923968
    3.983666557  124.472344661  -43.756154937
    3.986140762  124.386935246  -20.246140759
    3.988614967  124.366247506    3.644580687
    3.991089172  124.375363801    0.719857188
    3.993563377  124.338686365  -34.229178532
    3.996037583  124.218277413  -54.430306934
    3.998511788  124.095226935  -35.685957245
    4.000985993  124.078659592   27.760306611
    4.003460198  124.207227773   74.981807890
    4.005934403  124.417696264   84.543898909
    4.008408608  124.584370749   47.457326598
    4.010882814  124.627428306   -6.367780644
    4.013357019  124.578247663  -23.688499680
    4.015831224  124.523429968  -12.381918584
    4.018305429  124.523117395    8.142686715
    4.020779634  124.556894872   14.118479126
    4.023253839  124.580088023    4.533691539
    4.025728044  124.558090162  -20.785463926
    4.028202250  124.487107193  -36.604896608
    4.030676455  124.393004326  -42.021967840
    4.033150660  124.301569031  -32.369100308
    4.035624865  124.246483251  -12.273498728
    4.038099070  124.233940953    0.679016545
    4.040573275  124.245066159    4.774320286
    4.043047481  124.237638161  -15.480045563
    4.045521686  124.175675589  -32.926116958
    4.047995891  124.077886815  -40.509964141
    4.050470096  124.001590775  -15.189787389
    4.052944301  124.014185436   29.510613011
    4.055418506  124.136727833   61.349777595
    4.057892712  124.284468326   53.585544843
    4.060366917  124.353480193    4.869489775
    4.062841122  124.321555278  -24.221814432
    4.065315327  124.268131338   -8.841407357
    4.067789532  124.308229451   40.643539838
    4.070263737  124.466651069   79.762758073
    4.072737943  124.659983128   63.266528151
    4.075212148  124.725798548  -11.263566996
    4.077686353  124.605665629  -77.835864707
    4.080160558  124.386747301  -90.239203891
    4.082634763  124.212565144  -46.180415229
    4.085108968  124.156148230   -4.915691897
    4.087583173  124.155691351   -6.407587353
    4.090057379  124.102565906  -42.350635816
    4.092531584  123.959822719  -64.575619771
    4.095005789  123.834132765  -28.500501529
    4.097479994  123.840986481   35.662897519
    4.099954199  124.000943683   85.646653283
    4.102428404  124.210610683   73.321797820
    4.104902610  124.336947525   21.594994207
    4.107376815  124.327938459  -24.628186459
    4.109851020  124.239810304  -33.500181208
    4.112325225  124.194000545    0.731689937
    4.114799430  124.239736650   34.967432697
    4.117273635  124.330482226   33.039178062
    4.119747841  124.382753169    2.132870823
    4.122222046  124.331356796  -42.719142257
    4.124696251  124.190844317  -61.269614858
    4.127170456  124.059631778  -40.751362294
    4.129644661  124.002438262   -4.999958061
    4.132118866  124.034840826   26.706230330
    4.134593071  124.090252567   12.384394219
    4.137067277  124.087514141  -17.319545967
    4.139541482  124.028999401  -25.407172068
    4.142015687  124.003355141   12.504327055
    4.144489892  124.094868390   61.610042740
    4.146964097  124.279586598   78.982852546
    4.149438302  124.429425881   30.612897796
    4.151912508  124.403583324  -52.945199877
    4.154386713  124.209126371  -98.388735890
    4.156860918  123.975271154  -80.948833699
    4.159335123  123.845679076  -17.050478361
    4.161809328  123.896908577   55.224797169
    4.164283533  124.078747909   88.103170414
    4.166757739  124.305123515   91.525425605
    4.169231944  124.517254843   72.559121290
    4.171706149  124.667399363   47.205781185
    4.174180354  124.748071729   17.179041340
    4.176654559  124.758126658  -13.693995380
    4.179128764  124.687421948  -40.280899339
    4.181602969  124.573550142  -50.931524626
    4.184077175  124.446156298  -46.954937082
    4.186551380  124.373395395   -6.841435214
    4.189025585  124.416031335   44.123170990
    4.191499790  124.576676413   87.460168791
    4.193973995  124.833394497  119.282864714
    4.196448200  125.132419161  116.562480246
    4.198922406  125.370306925   72.849871780
    4.201396611  125.478908492   17.639793604
    4.203870816  125.488475989   -4.181011303
    4.206345021  125.475021273   -0.383723627
    4.208819226  125.496913886   17.836959934
    4.211293431  125.547863143   18.883378856
    4.213767637  125.578283626    8.138042906
    4.216241842  125.596259368    7.751870751
    4.218716047  125.653241143   36.456238118
    4.221190252  125.801817754   81.798945437
    4.223664457  126.056601513  119.915785941
    4.226138662  126.374423764  130.290399446
    4.228612867  126.672873013  110.003618885
    4.231087073  126.912538698   80.062185210
    4.233561278  127.096894586   74.885490678
    4.236035483  127.296115707   88.395726002
    4.238509688  127.546857724  118.283086542
    4.240983893  127.877639271  153.772911583
    4.243458098  128.308764700  196.280843977
    4.245932304  128.829074200  220.553028383
    4.248406509  129.384428808  225.522378560
    4.250880714  129.932400566  220.235987115
    4.253354919  130.480348265  226.720647175
    4.255829124  131.070519712  255.401778112
    4.258303329  131.758393256  303.124790047
    4.260777535  132.570846965  354.792937022
    4.263251740  133.501681475  392.361513339
    4.265725945  134.494906947  408.238667740
    4.268200150  135.507727060  405.082778455
    4.270674355  136.507835527  401.688753128
    4.273148560  137.501507045  404.884958953
    4.275622766  138.515586531  421.448777054
    4.278096971  139.601930836  457.425272064
    4.280571176  140.786837892  495.833404211
    4.283045381  142.068944799  535.895729469
    4.285519586  143.409037356  540.728433600
    4.287993791  144.747771494  537.194213624
    4.290467996  146.070473844  532.867139986
    4.292942202  147.407168607  555.980428692
    4.295416407  148.820871014  583.152515025
    4.297890612  150.299527403  605.102987697
    4.300364817  151.801050376  601.244163274
    4.302839022  153.259270519  576.464748847
    4.305313227  154.650758833  546.172867642
    4.307787433  155.990648677  541.649348796
    4.310261638  157.328885795  539.790405759
    4.312735843  158.630254797  509.650646251
    4.315210048  159.816664192  444.767137232
    4.317684253  160.801849375  348.409969648
    4.320158458  161.545796551  252.255151100
    4.322632664  162.081854015  182.680775798
    4.325106869  162.468778447  137.048678554
    4.327581074  162.779230461  110.935506564
    4.330055279  163.019383517   76.650604428
    4.332529484  163.159156428   29.837636000
    4.335003689  163.150737891  -39.633039258
    4.337477894  162.986483645  -92.616586136
    4.339952100  162.724794249 -110.847289388
    4.342426305  162.502724960  -60.340155463
    4.344900510  162.432394470    7.154015444
    4.347374715  162.544077140   76.310104395
    4.349848920  162.785506999  111.452308521
    4.352323125  163.054579909  103.515428505
    4.354797331  163.286246933   83.648482745
    4.357271536  163.488402464   81.027000873
    4.359745741  163.700127070   93.391336366
    4.362219946  163.946386564  108.424679405
    4.364694151  164.204106250   97.193493166
    4.367168356  164.408898907   66.936438258
    4.369642562  164.545436078   44.179877327
    4.372116767  164.638673967   32.196271590
    4.374590972  164.731711667   46.198119526
    4.377065177  164.884701503   75.757386148
    4.379539382  165.111687499  108.086412253
    4.382013587  165.399074723  122.613414299
    4.384487792  165.705865889  124.034631000
    4.386961998  165.988354347   99.725205540
    4.389436203  166.196473744   66.479208438
    4.391910408  166.336107599   44.204962123
    4.394384613  166.425102917   34.188692581
    4.396858818  166.523708211   47.981825311
    4.399333023  166.672849879   72.533641034
    4.401807229  166.865597840   83.946567688
    4.404281434  167.079235055   87.086287415
    4.406755639  167.295381249   87.495467467
    4.409229844  167.529145137  104.723868532
    4.411704049  167.823587776  133.625216879
    4.414178254  168.185537792  159.507704102
    4.416652460  168.596102705  169.555497659
    4.419126665  169.005986835  159.014494287
    4.421600870  169.383358980  146.213129082
    4.424075075  169.744077054  149.050588252
    4.426549280  170.126012780  157.122635174
    4.429023485  170.518581516  156.140314927
    4.431497690  170.874340471  131.805177917
    4.433971896  171.160676819   98.546486494
    4.436446101  171.365128094   73.191977960
    4.438920306  171.541578917   74.249265457
    4.441394511  171.768226248  109.983406206
    4.443868716  172.096159971  152.119296459
    4.446342921  172.508051774  174.979760585
    4.448817127  172.947273540  178.086012902
    4.451291332  173.374164856  170.300579076
    4.453765537  173.803912004  178.802304404
    4.456239742  174.277212880  204.801881456
    4.458713947  174.830313313  243.307968734
    4.461188152  175.489454147  289.963966101
    4.463662358  176.258130484  329.051940012
    4.466136563  177.099246956  349.672975014
    4.468610768  177.976172060  357.458147276
    4.471084973  178.871887368  366.283690947
    4.473559178  179.807813433  396.837160669
    4.476033383  180.845196504  441.181222495
    4.478507589  181.994844182  479.813532125
    4.480981794  183.195767269  482.637855216
    4.483455999  184.358787739  453.869688921
    4.485930204  185.461459544  442.770452434
    4.488404409  186.565257411  460.068431279
    4.490878614  187.775493895  515.453408158
    4.493352819  189.118171212  568.854879046
    4.495827025  190.574677064  605.135559266
    4.498301230  192.106802766  636.950370866
    4.500775435  193.739796225  687.533242213
    4.503249640  195.529982513  764.406598218
    4.505723845  197.542745829  865.219777472
    4.508198050  199.805859089  963.123008505
    4.510672256  202.312983167 1064.407695813
    4.513146461  205.064359113 1161.358200389
    4.515620666  208.083586524 1282.874220776
    4.518094871  211.435794503 1427.810792878
    4.520569076  215.174451061 1595.204280302
    4.523043281  219.331351243 1765.309272992
    4.525517487  223.886290939 1909.473639357
    4.527991692  228.742759112 2006.687879201
    4.530465897  233.783169239 2064.251179725
    4.532940102  238.978286659 2143.436039148
    4.535414307  244.458689545 2302.332873887
    4.537888512  250.443814788 2550.927403046
    4.540362717  257.113250971 2835.456733802
    4.542836923  264.422134454 3053.627808540
    4.545311128  272.075222084 3100.172133560
    4.547785333  279.588382223 2939.418217925
    4.550259538  286.469941131 2597.863938681
    4.552733743  292.355068082 2149.571155859
    4.555207948  297.077857840 1669.884428712
    4.557682154  300.641650542 1220.353802981
    4.560156359  303.176614152  841.634986920
    4.562630564  304.864148955  537.191687325
    4.565104769  305.908926777  317.973268306
    4.567578974  306.502643611  172.477065536
    4.570053179  306.812738809   84.875266493
    4.572527385  306.953483533   35.850533633
    4.575001590  307.010761468   14.117446679
    4.577475795  307.032777097    4.323529411
    4.579950000  307.037918367   -0.000000000
