#! FIELDS distance hh1
#! SET normalisation    4.0117700000000000e+05
#! SET min_distance 0
#! SET max_distance 6
#! SET nbins_distance  100
#! SET periodic_distance false
   0.0000000000000000e+00   5.9292642424858144e-01
   5.9999999999999998e-02   5.5804804584989247e+00
   1.2000000000000000e-01   4.9037421640003059e-01
   1.7999999999999999e-01   7.8997972959328011e-01
   2.3999999999999999e-01   4.1667045765631977e-01
   2.9999999999999999e-01   7.3951541732293846e-02
   3.5999999999999999e-01   5.7052248186342069e-01
   4.1999999999999998e-01   1.4776421254806700e+00
   4.7999999999999998e-01   2.3222665337429996e-01
   5.4000000000000004e-01   1.1518620056524050e-01
   5.9999999999999998e-01   3.0355761018147850e-02
   6.5999999999999992e-01   1.8129607060723817e-02
   7.1999999999999997e-01   6.5822276878727956e-03
   7.8000000000000003e-01   4.1956449804402387e-03
   8.3999999999999997e-01   2.0385959506630312e-03
   8.9999999999999991e-01   7.9066761799958390e-04
   9.5999999999999996e-01   1.8233918946105788e-04
   1.0200000000000000e+00   5.6383536704489430e-05
   1.0800000000000001e+00   1.4683959473619089e-04
   1.1399999999999999e+00   1.1501076118259271e-05
   1.2000000000000000e+00   6.9482314350037465e-07
   1.2600000000000000e+00   8.3867529010832244e-07
   1.3199999999999998e+00   1.2394112163783177e-06
   1.3799999999999999e+00   1.3229420785207010e-06
   1.4399999999999999e+00   5.6615517151804862e-07
   1.5000000000000000e+00   3.7927685446754754e-07
   1.5600000000000001e+00   2.7220705956557782e-07
   1.6199999999999999e+00   3.0313455087863329e-07
   1.6799999999999999e+00   7.9216907611712154e-07
   1.7400000000000000e+00   8.3340940043341682e-08
   1.7999999999999998e+00   9.5331520269306174e-08
   1.8599999999999999e+00   1.6747497854334602e-07
   1.9199999999999999e+00   1.3278781997775281e-07
   1.9800000000000000e+00   2.5851885361305554e-07
   2.0400000000000000e+00   5.9178873992770729e-08
   2.1000000000000001e+00   1.1130174038619265e-07
   2.1600000000000001e+00   1.1631999740331919e-07
   2.2199999999999998e+00   8.5423771238489631e-08
   2.2799999999999998e+00   1.0356998131615112e-07
   2.3399999999999999e+00   2.9099069987564385e-07
   2.3999999999999999e+00   7.9957940528322005e-08
   2.4600000000000000e+00   1.3363374243866331e-07
   2.5200000000000000e+00   1.0131926053865512e-07
   2.5800000000000001e+00   5.1647422355520859e-08
   2.6399999999999997e+00   6.8789794764431435e-08
   2.6999999999999997e+00   8.9749250812541857e-08
   2.7599999999999998e+00   6.0165128407742587e-08
   2.8199999999999998e+00   6.6108659626700971e-08
   2.8799999999999999e+00   8.3526533581036733e-08
   2.9399999999999999e+00   1.1972510368614693e-07
   3.0000000000000000e+00   3.2604594408021207e+50
   3.0600000000000001e+00   1.7460424912918869e-07
   3.1200000000000001e+00   8.5976127273119089e-08
   3.1799999999999997e+00   1.1232990313249208e-07
   3.2399999999999998e+00   9.1061499761785388e-08
   3.2999999999999998e+00   5.2654066550919279e-08
   3.3599999999999999e+00   1.2769308699724309e-07
   3.4199999999999999e+00   6.7572350141659117e-08
   3.4800000000000000e+00   5.6446626407594004e-08
   3.5400000000000000e+00   6.7205387046444828e-08
   3.5999999999999996e+00   1.0252872382161901e+76
   3.6599999999999997e+00   1.2553890525420544e-07
   3.7199999999999998e+00   2.9278356500949441e-07
   3.7799999999999998e+00   8.1986347899598176e-08
   3.8399999999999999e+00   8.1272590260147321e-08
   3.8999999999999999e+00   1.4472370838336192e-07
   3.9600000000000000e+00   6.8529082128706329e+10
   4.0199999999999996e+00   1.6697128908394074e-07
   4.0800000000000001e+00   1.1365762201868779e-06
   4.1399999999999997e+00   6.9412350621292342e-07
   4.2000000000000002e+00   1.0370559102763736e-07
   4.2599999999999998e+00   5.6088982066422489e+01
   4.3200000000000003e+00   4.4761979910427226e-09
   4.3799999999999999e+00   8.4690504822959174e+03
   4.4399999999999995e+00   6.2932033231094009e-14
   4.5000000000000000e+00   1.5067305408776228e-15
   4.5599999999999996e+00   9.2779380740392818e-18
   4.6200000000000001e+00   0.0000000000000000e+00
   4.6799999999999997e+00   0.0000000000000000e+00
   4.7400000000000002e+00   0.0000000000000000e+00
   4.7999999999999998e+00   0.0000000000000000e+00
   4.8599999999999994e+00   0.0000000000000000e+00
   4.9199999999999999e+00   0.0000000000000000e+00
   4.9799999999999995e+00   0.0000000000000000e+00
   5.0400000000000000e+00   0.0000000000000000e+00
   5.0999999999999996e+00   0.0000000000000000e+00
   5.1600000000000001e+00   0.0000000000000000e+00
   5.2199999999999998e+00   0.0000000000000000e+00
   5.2799999999999994e+00   0.0000000000000000e+00
   5.3399999999999999e+00   0.0000000000000000e+00
   5.3999999999999995e+00   0.0000000000000000e+00
   5.4600000000000000e+00   0.0000000000000000e+00
   5.5199999999999996e+00   0.0000000000000000e+00
   5.5800000000000001e+00   0.0000000000000000e+00
   5.6399999999999997e+00   0.0000000000000000e+00
   5.7000000000000002e+00   0.0000000000000000e+00
   5.7599999999999998e+00   0.0000000000000000e+00
   5.8199999999999994e+00   0.0000000000000000e+00
   5.8799999999999999e+00   0.0000000000000000e+00
   5.9399999999999995e+00   0.0000000000000000e+00
   6.0000000000000000e+00   0.0000000000000000e+00
