#! FIELDS Ox_rho file.free der_Ox_rho
#! SET min_Ox_rho -0.0245818
#! SET max_Ox_rho 4.53268
#! SET nbins_Ox_rho  1843
#! SET periodic_Ox_rho false
   -0.024581800  291.848337505   -0.049443767
   -0.022107717  291.716462773 -169.008780647
   -0.019633633  290.822025709 -610.196360172
   -0.017159550  288.273529090 -1570.457016277
   -0.014685466  282.277508228 -3469.310957162
   -0.012211383  270.027005109 -6664.076049611
   -0.009737299  248.238812932 -11118.368538252
   -0.007263216  214.616971451 -16015.528343239
   -0.004789132  169.951412575 -19741.630868320
   -0.002315049  119.336106142 -20585.325365699
    0.000159035   71.159382092 -17777.088667802
    0.002633118   33.673163147 -12234.436450468
    0.005107202   11.060388668 -6160.641887860
    0.007581285    1.822813661 -1700.475122150
    0.010055369    0.554380689  275.317675637
    0.012529452    1.621238624  379.333599233
    0.015003536    1.934301278 -140.520339186
    0.017477619    1.169797924 -402.542088034
    0.019951703    0.287915825 -258.105165197
    0.022425786    0.000000000   19.958270043
    0.024899870    0.265557568  163.570093609
    0.027373953    0.585847189   61.583001392
    0.029848037    0.636703377  -11.356069892
    0.032322120    0.585242358  -24.068007435
    0.034796204    0.554350959    3.289195535
    0.037270287    0.603319858   33.239751078
    0.039744371    0.698829796   42.827274786
    0.042218454    0.799572569   45.681834449
    0.044692538    0.932519918   64.526221342
    0.047166621    1.118751976   86.768059425
    0.049640705    1.366154651  113.330088614
    0.052114788    1.681225722  137.549007385
    0.054588872    2.049814304  159.199888875
    0.057062955    2.470512934  180.940800048
    0.059537039    2.938247430  198.639265709
    0.062011122    3.476463035  241.741521397
    0.064485206    4.154735790  305.844502074
    0.066959289    5.026909984  400.828122811
    0.069433373    6.132787110  492.485375848
    0.071907456    7.424598318  541.876006810
    0.074381540    8.745300677  515.881608161
    0.076855623    9.919758230  425.199506399
    0.079329707   10.819004823  298.973266498
    0.081803790   11.413022438  180.928022946
    0.084277874   11.732515721   82.183400919
    0.086751957   11.838689230   11.177270545
    0.089226041   11.818800941  -14.570351013
    0.091700124   11.806164931   16.556491298
    0.094174208   11.937049017   95.233042131
    0.096648291   12.280632349  183.504123123
    0.099122375   12.818122410  248.446258916
    0.101596458   13.471256664  272.593941715
    0.104070542   14.143753828  266.588696215
    0.106544625   14.777422552  243.176594030
    0.109018709   15.326939134  199.041319956
    0.111492792   15.753836247  143.650956672
    0.113966876   16.024953406   78.326978569
    0.116440959   16.165866604   44.999251059
    0.118915043   16.282709010   58.716512265
    0.121389126   16.486293620  107.484054237
    0.123863210   16.815395768  158.218588096
    0.126337293   17.243404881  181.910487450
    0.128811377   17.705376520  191.992917130
    0.131285460   18.192489850  203.448491317
    0.133759544   18.716497086  222.247459768
    0.136233627   19.287779441  239.290309540
    0.138707711   19.885200993  243.967160587
    0.141181794   20.483443771  237.436005429
    0.143655878   21.058085458  230.466322033
    0.146129961   21.617798661  219.590648398
    0.148604045   22.145568562  206.465791759
    0.151078128   22.626203218  183.538814655
    0.153552212   23.066356154  172.000095935
    0.156026295   23.493182059  175.455277976
    0.158500379   23.953500015  196.822580255
    0.160974462   24.457268948  203.909821873
    0.163448546   24.940632804  184.358658497
    0.165922629   25.354842036  152.514887658
    0.168396713   25.691934071  124.742342405
    0.170870796   25.995729209  122.773822105
    0.173344880   26.317600978  136.789608907
    0.175818963   26.658347450  131.433594703
    0.178293047   26.951969487  104.498058130
    0.180767130   27.171483264   74.477199811
    0.183241214   27.341886300   71.079941819
    0.185715297   27.540362282   91.032534534
    0.188189381   27.785576623  102.182464626
    0.190663464   28.021835894   83.687470022
    0.193137548   28.193114973   52.907076806
    0.195611631   28.289177143   28.296989500
    0.198085715   28.380014736   46.241310417
    0.200559798   28.524465212   73.111071381
    0.203033882   28.727135402   83.956208214
    0.205507965   28.908161339   59.896385997
    0.207982049   29.004753124   21.020052069
    0.210456132   29.022401719   -4.539659659
    0.212930216   29.027423564   13.178266893
    0.215404299   29.092264686   41.291293668
    0.217878383   29.207025382   46.780381833
    0.220352466   29.303807630   25.911492649
    0.222826550   29.314427701  -22.999492494
    0.225300633   29.193499388  -75.578393046
    0.227774717   28.970978384 -102.174140797
    0.230248800   28.728846635  -90.595207412
    0.232722884   28.533758745  -64.383647604
    0.235196967   28.400842565  -47.364046885
    0.237671051   28.291747106  -40.897660223
    0.240145134   28.185954024  -42.561756036
    0.242619218   28.096371778  -32.619517330
    0.245093301   28.040945440  -12.313173177
    0.247567385   28.044188415    9.523597840
    0.250041468   28.078535828   18.203579879
    0.252515552   28.137210439   29.287869867
    0.254989635   28.230667863   50.887085957
    0.257463719   28.385893778   77.474753732
    0.259937802   28.597413838   88.228509945
    0.262411886   28.823191149   87.742881213
    0.264885969   29.027436345   80.532291392
    0.267360053   29.238762376   95.490375089
    0.269834136   29.519136737  132.823617927
    0.272308220   29.887878419  159.336361596
    0.274782303   30.274668592  146.744265206
    0.277256387   30.595533873  103.172099282
    0.279730470   30.816696509   73.482406980
    0.282204554   30.991802559   72.279212614
    0.284678637   31.201980491  101.465603637
    0.287152721   31.498462235  136.127411177
    0.289626804   31.838503950  132.149202006
    0.292100888   32.138872763  105.894098577
    0.294574971   32.358018028   74.405139543
    0.297049055   32.540123566   75.877778298
    0.299523138   32.746830365   94.074190032
    0.301997221   33.024576611  127.371425488
    0.304471305   33.368207442  146.202014008
    0.306945388   33.716445658  134.146154562
    0.309419472   34.012818037  107.591245638
    0.311893555   34.259908297   95.409554763
    0.314367639   34.503387429  108.678865129
    0.316841722   34.801095695  132.832505609
    0.319315806   35.151202014  147.275943401
    0.321789889   35.519335271  145.324824345
    0.324263973   35.859879074  131.254345563
    0.326738056   36.170809997  116.085783559
    0.329212140   36.454610486  110.485649916
    0.331686223   36.730843187  110.907008968
    0.334160307   37.012114992  115.204050657
    0.336634390   37.301251387  115.662067287
    0.339108474   37.585157206  115.716191276
    0.341582557   37.874379535  119.098117412
    0.344056641   38.169505843  122.881500653
    0.346530724   38.483476168  130.292216127
    0.349004808   38.801099643  127.686853689
    0.351478891   39.131502352  138.462345367
    0.353952975   39.474250745  140.563743949
    0.356427058   39.825794101  141.393414729
    0.358901142   40.186876662  153.381483767
    0.361375225   40.562180322  154.531664361
    0.363849309   40.954919411  161.885731615
    0.366323392   41.357897061  163.493957958
    0.368797476   41.779523394  174.448206739
    0.371271559   42.221517426  180.456371222
    0.373745643   42.684729749  193.682465656
    0.376219726   43.167088023  188.654431246
    0.378693810   43.616675609  171.771465275
    0.381167893   44.012122113  146.653748556
    0.383641977   44.348886844  127.069193277
    0.386116060   44.651874416  118.267038265
    0.388590144   44.952903972  125.975528199
    0.391064227   45.266583615  128.157111846
    0.393538311   45.598081876  141.983499110
    0.396012394   45.965638729  153.428865362
    0.398486478   46.355562484  160.184529646
    0.400960561   46.732127381  142.094053886
    0.403434645   47.052910578  116.169430049
    0.405908728   47.315306533   95.969353453
    0.408382812   47.559114895  104.075189934
    0.410856895   47.825645430  114.158246634
    0.413330979   48.113864459  108.619665048
    0.415805062   48.341733905   67.870927352
    0.418279146   48.428297362   -1.271900250
    0.420753229   48.360087987  -43.209409038
    0.423227313   48.270696631  -20.412647626
    0.425701396   48.278935556   27.410661539
    0.428175480   48.389314950   56.652778938
    0.430649563   48.522368613   44.176909776
    0.433123647   48.587529174    5.090378601
    0.435597730   48.560024396  -23.344174315
    0.438071814   48.490610401  -30.998284110
    0.440545897   48.426475766  -18.767529516
    0.443019981   48.392192407  -12.306675801
    0.445494064   48.348365527  -24.157229261
    0.447968148   48.265862619  -45.914183649
    0.450442231   48.107236339  -81.132550385
    0.452916315   47.881742233 -101.521320186
    0.455390398   47.617246154 -106.128743063
    0.457864482   47.363168466  -91.169598128
    0.460338565   47.188358015  -49.728161684
    0.462812649   47.107317399  -15.603845409
    0.465286732   47.093789613    0.878171047
    0.467760816   47.094016813   -1.895456501
    0.470234899   47.074189361  -14.921617967
    0.472708983   47.011936192  -36.680806173
    0.475183066   46.896843040  -56.149353513
    0.477657150   46.751899152  -58.363856211
    0.480131233   46.624901267  -41.045030569
    0.482605317   46.545768004  -20.676247035
    0.485079400   46.532993340    4.880965276
    0.487553484   46.571995341   20.465394471
    0.490027567   46.635291596   29.007749432
    0.492501651   46.699606860   23.489602307
    0.494975734   46.767690945   33.772174967
    0.497449818   46.858916620   40.958584433
    0.499923901   46.963895982   44.300747520
    0.502397985   47.082243881   48.333193626
    0.504872068   47.194051859   42.400644125
    0.507346152   47.303929733   51.447570377
    0.509820235   47.441003586   57.886491164
    0.512294319   47.580401564   55.293335002
    0.514768402   47.699269725   37.326618108
    0.517242486   47.769502649   21.103048356
    0.519716569   47.814568851   21.613931095
    0.522190653   47.878394835   28.751070475
    0.524664736   47.973998302   44.835692701
    0.527138820   48.090044769   44.116388570
    0.529612903   48.175384077   21.898937930
    0.532086987   48.195709970   -0.071111482
    0.534561070   48.196567621    0.879465053
    0.537035154   48.214365929   10.913227491
    0.539509237   48.264523230   26.227901628
    0.541983321   48.321780276   14.968477224
    0.544457404   48.325894084  -16.308811868
    0.546931488   48.237189536  -53.283369377
    0.549405571   48.071521111  -74.365602114
    0.551879655   47.877079483  -79.875182422
    0.554353738   47.689049735  -69.315550954
    0.556827822   47.547537341  -45.252813261
    0.559301905   47.451118894  -38.472004426
    0.561775989   47.346378156  -45.751577135
    0.564250072   47.222072013  -57.389256622
    0.566724156   47.078665139  -56.535598911
    0.569198239   46.971327955  -27.646496617
    0.571672323   46.925136271  -10.783537904
    0.574146406   46.919733793    2.115936609
    0.576620490   46.898281094  -20.842411635
    0.579094573   46.798989421  -59.440029357
    0.581568657   46.617747781  -77.147723199
    0.584042740   46.438482640  -67.685348619
    0.586516824   46.292344998  -49.045306061
    0.588990907   46.205037329  -27.458672458
    0.591464991   46.133342875  -32.931819130
    0.593939074   46.042268012  -39.444347549
    0.596413158   45.939669806  -42.060725199
    0.598887241   45.839621439  -36.947747332
    0.601361325   45.754602672  -33.955207521
    0.603835408   45.672517953  -32.334261930
    0.606309492   45.578678710  -46.266100977
    0.608783575   45.456018182  -50.869387965
    0.611257659   45.342406290  -34.340606429
    0.613731742   45.281535373  -16.624568582
    0.616205826   45.260856328   -2.573738935
    0.618679909   45.259339924   -2.971910912
    0.621153993   45.229964398  -20.514666534
    0.623628076   45.162243853  -32.460610178
    0.626102160   45.077479284  -30.711126750
    0.628576243   45.014408396  -15.168223856
    0.631050326   45.006449618   11.155824257
    0.633524410   45.065882310   29.885792598
    0.635998493   45.156273147   41.290791563
    0.638472577   45.265244788   43.071278020
    0.640946660   45.370959224   40.708877272
    0.643420744   45.474378261   44.486306843
    0.645894827   45.564661778   27.805066574
    0.648368911   45.614472656   11.733203483
    0.650842994   45.623812323   -4.143778160
    0.653317078   45.604831674   -9.496847172
    0.655791161   45.582361340   -3.771558595
    0.658265245   45.603576668   23.958766044
    0.660739328   45.689283852   45.029576261
    0.663213412   45.816548229   55.160326276
    0.665687495   45.957592585   57.052417725
    0.668161579   46.085599634   47.325292718
    0.670635662   46.203104703   46.070613499
    0.673109746   46.311586426   41.325325136
    0.675583829   46.416506258   43.711054968
    0.678057913   46.521522341   40.432683365
    0.680531996   46.617180518   40.602781469
    0.683006080   46.720543093   44.223574100
    0.685480163   46.844708430   56.110347126
    0.687954247   46.997304953   68.754042812
    0.690428330   47.175506300   73.629015421
    0.692902414   47.364620913   71.800192091
    0.695376497   47.512419296   47.670255955
    0.697850581   47.607162299   29.608988675
    0.700324664   47.678039644   32.003325376
    0.702798748   47.778443716   52.561242958
    0.705272831   47.943970590   79.695720582
    0.707746915   48.142615719   82.102227165
    0.710220998   48.330767911   65.951552068
    0.712695082   48.464203934   43.297911451
    0.715169165   48.555833388   33.663004835
    0.717643249   48.635672423   34.965312393
    0.720117332   48.733700370   45.788639770
    0.722591416   48.857212479   53.065116289
    0.725065499   48.998098099   60.913216000
    0.727539583   49.155620346   60.260545848
    0.730013666   49.301736557   55.982934045
    0.732487750   49.414645792   35.841498502
    0.734961833   49.483650198   19.490483706
    0.737435917   49.506985282    4.348669337
    0.739910000   49.515263695    9.016093582
    0.742384084   49.556962666   24.493899088
    0.744858167   49.640228678   40.714386537
    0.747332251   49.750781715   46.268389683
    0.749806334   49.854348414   37.779883827
    0.752280418   49.934380273   29.466009285
    0.754754501   50.005869543   26.013422437
    0.757228585   50.080785109   39.120898637
    0.759702668   50.188333234   42.520065828
    0.762176752   50.296546168   43.018710698
    0.764650835   50.396336973   37.866789772
    0.767124919   50.469494317   25.745988720
    0.769599002   50.524129809   21.792579609
    0.772073086   50.575560774   18.259749930
    0.774547169   50.618547117   19.155083946
    0.777021253   50.667947520   16.956026207
    0.779495336   50.700071019    5.630051015
    0.781969420   50.685480186  -17.720813150
    0.784443503   50.626599230  -29.137387170
    0.786917587   50.547073471  -27.873015621
    0.789391670   50.514523978    4.453229598
    0.791865754   50.559858306   30.390944929
    0.794339837   50.635920461   23.272967255
    0.796813921   50.665095542   -1.393683298
    0.799288004   50.620665643  -30.820757878
    0.801762088   50.554631469  -14.951266680
    0.804236171   50.562881740   20.571832518
    0.806710255   50.669577005   61.225314753
    0.809184338   50.829386488   62.292132117
    0.811658422   50.966361564   44.357853690
    0.814132505   51.048473372   25.780187532
    0.816606589   51.108089818   26.069482972
    0.819080672   51.178074104   30.393210135
    0.821554756   51.251537072   23.304191187
    0.824028839   51.267328839   -9.494829331
    0.826502923   51.198615973  -43.859164222
    0.828977006   51.062796441  -59.720661744
    0.831451090   50.923935457  -48.208973170
    0.833925173   50.844422236  -18.478301606
    0.836399257   50.822639317   -3.034418064
    0.838873340   50.813824842   -6.332878766
    0.841347424   50.775418423  -23.275420804
    0.843821507   50.711601220  -24.516269936
    0.846295591   50.685963265    4.111685673
    0.848769674   50.729862280   33.772629809
    0.851243758   50.838935805   53.094690866
    0.853717841   50.948507170   31.694483202
    0.856191925   50.974340830  -14.061168995
    0.858666008   50.895425814  -49.116342296
    0.861140092   50.767806395  -48.664896435
    0.863614175   50.678924932  -21.578955358
    0.866088259   50.655138784   -1.842321328
    0.868562342   50.644382711  -10.691665082
    0.871036426   50.595171777  -33.163067442
    0.873510509   50.499968536  -35.840519316
    0.875984593   50.441937751   -4.772157470
    0.878458676   50.476268792   31.034145212
    0.880932760   50.574313297   41.360691263
    0.883406843   50.645915952    7.522945217
    0.885880927   50.596141244  -46.081399831
    0.888355010   50.450508837  -64.983469357
    0.890829094   50.309565850  -42.009370839
    0.893303177   50.257307245    4.331135679
    0.895777261   50.309299658   26.235628931
    0.898251344   50.360140421    6.219990372
    0.900725428   50.329940839  -25.923110404
    0.903199511   50.235206248  -43.536149306
    0.905673595   50.143706049  -25.695105311
    0.908147678   50.132977801   12.674844337
    0.910621762   50.187488926   24.410793380
    0.913095845   50.225894174    2.142528283
    0.915569929   50.183709263  -33.563773599
    0.918044012   50.076366810  -50.150861005
    0.920518096   49.981137636  -26.087064569
    0.922992179   49.964010106   11.341285885
    0.925466263   50.005808564   19.159571599
    0.927940346   50.035407186    0.517461102
    0.930414430   50.011915581  -17.585403113
    0.932888513   49.971352926  -15.098902558
    0.935362597   49.962096711    7.749134814
    0.937836680   50.004369082   18.669514316
    0.940310764   50.036307557    3.147977083
    0.942784847   50.012920273  -16.799736297
    0.945258931   49.959019436  -21.747883709
    0.947733014   49.935438398    1.415299803
    0.950207098   49.986629077   38.728119847
    0.952681181   50.108787558   51.584595075
    0.955155264   50.218989019   31.165742645
    0.957629348   50.266400493    7.287613370
    0.960103431   50.255801329   -7.383674688
    0.962577515   50.243917863   -0.972480779
    0.965051598   50.255264840    7.595130682
    0.967525682   50.272337273    0.881929024
    0.969999765   50.283088624    6.215000473
    0.972473849   50.294640292    7.064242359
    0.974947932   50.325528221   17.782273990
    0.977422016   50.377572924   22.695155075
    0.979896099   50.433798145   23.110457073
    0.982370183   50.479564763   11.919743596
    0.984844266   50.506503894    9.237635744
    0.987318350   50.531202206   12.171815118
    0.989792433   50.572166959   22.037281666
    0.992266517   50.636432008   34.449366146
    0.994740600   50.734046139   41.155397661
    0.997214684   50.818401817   26.548566209
    0.999688767   50.868780286   16.403964869
    1.002162851   50.909059771   16.051183437
    1.004636934   50.969146702   32.598399055
    1.007111018   51.089115320   63.316911563
    1.009585101   51.258734598   74.948935861
    1.012059185   51.429172007   59.067168593
    1.014533268   51.540712754   28.074367153
    1.017007352   51.575440547   -3.991290059
    1.019481435   51.554712611  -10.446487187
    1.021955519   51.534362040   -2.225476222
    1.024429602   51.556234782   16.555254803
    1.026903686   51.623808492   38.656263726
    1.029377769   51.728225636   43.659345436
    1.031851853   51.830666468   37.631672765
    1.034325936   51.920621542   36.800200154
    1.036800020   52.016724352   43.260670314
    1.039274103   52.155121720   67.444951200
    1.041748187   52.339510760   83.024699569
    1.044222270   52.538531295   70.109896009
    1.046696354   52.666872373   33.657289516
    1.049170437   52.703787066   -0.274792798
    1.051644521   52.675346441  -16.801779108
    1.054118604   52.649862702   -2.117198169
    1.056592688   52.668494600   17.176534844
    1.059066771   52.724208491   26.215014152
    1.061540855   52.769401173   12.245560401
    1.064014938   52.779689188   -2.534701713
    1.066489022   52.766863223   -8.798173682
    1.068963105   52.753331892   -0.156846689
    1.071437189   52.766030744    6.148091911
    1.073911272   52.792048867   12.699074390
    1.076385356   52.832232469   17.866216306
    1.078859439   52.879019426   20.109218004
    1.081333523   52.926808862   18.181519125
    1.083807606   52.955333883    5.732899810
    1.086281690   52.950755308  -11.004354363
    1.088755773   52.921695574  -12.441269993
    1.091229857   52.910351812    8.476295876
    1.093703940   52.988376663   51.527609436
    1.096178024   53.153470616   80.378394845
    1.098652107   53.356315406   75.581765521
    1.101126191   53.502159028   38.670819212
    1.103600274   53.566209974   12.583209622
    1.106074358   53.596274545   20.520485857
    1.108548441   53.684193411   50.944482409
    1.111022525   53.830931297   65.722879970
    1.113496608   53.980297829   50.067998561
    1.115970692   54.058045185   12.847182171
    1.118444775   54.056294304   -9.427940079
    1.120918859   54.029379629   -9.800522874
    1.123392942   54.031461310   12.275327288
    1.125867026   54.072808226   17.366986005
    1.128341109   54.112190150    9.067242362
    1.130815193   54.100729384  -16.452571347
    1.133289276   54.035557053  -35.620887531
    1.135763360   53.958672323  -24.315859455
    1.138237443   53.923256326   -2.423896482
    1.140711527   53.943516352   18.670702427
    1.143185610   54.007676456   27.493534422
    1.145659694   54.080108565   31.617319997
    1.148133777   54.176852768   42.644276804
    1.150607861   54.297643987   58.548891105
    1.153081944   54.459827253   66.894611460
    1.155556028   54.614883752   56.491409279
    1.158030111   54.717141409   26.909579356
    1.160504195   54.741142164   -4.221328153
    1.162978278   54.723917970   -3.441217311
    1.165452362   54.739930799   17.423819920
    1.167926445   54.799253410   23.506893310
    1.170400529   54.834310131    1.368314288
    1.172874612   54.805391084  -20.271117662
    1.175348696   54.747081022  -20.345097894
    1.177822779   54.746372076   22.377907579
    1.180296863   54.842018336   51.971530830
    1.182770946   54.977729301   49.580009623
    1.185245030   55.071983906   21.328274071
    1.187719113   55.078240574  -10.162786919
    1.190193197   55.053965396   -2.629798348
    1.192667280   55.087634307   28.406412017
    1.195141364   55.192918315   48.186825221
    1.197615447   55.298279583   29.644836894
    1.200089531   55.325694013   -7.547299953
    1.202563614   55.272181497  -30.134676792
    1.205037698   55.212789520   -9.285306619
    1.207511781   55.242232078   32.313053033
    1.209985865   55.345816637   48.413479418
    1.212459948   55.459273912   38.446673870
    1.214934032   55.505812362    0.288154132
    1.217408115   55.466590787  -25.639844372
    1.219882199   55.418949536   -4.255218675
    1.222356282   55.448492651   29.022484284
    1.224830366   55.541870307   43.625470251
    1.227304449   55.644192028   33.168687960
    1.229778533   55.683594749    3.180959071
    1.232252616   55.683491044   -0.050957170
    1.234726700   55.701914342   14.683136967
    1.237200783   55.758872048   30.524994230
    1.239674867   55.843432665   31.862743734
    1.242148950   55.907953031   16.140751219
    1.244623034   55.926894021    1.059692167
    1.247097117   55.922182659   -0.181324197
    1.249571201   55.938190573   14.096780258
    1.252045284   56.008058561   37.300613127
    1.254519368   56.117308637   48.019328180
    1.256993451   56.221383400   31.871663425
    1.259467535   56.283116405   18.348968716
    1.261941618   56.305964575    0.593463276
    1.264415702   56.284143819  -13.939657575
    1.266889785   56.247166936  -13.453178255
    1.269363869   56.231263036    1.227200896
    1.271837952   56.244979262   13.935309413
    1.274312036   56.294522150   26.351813258
    1.276786119   56.360072454   22.215107255
    1.279260202   56.381958586   -3.274268800
    1.281734286   56.352787382  -14.815956579
    1.284208369   56.318427812  -12.964645642
    1.286682453   56.308866394    8.249343643
    1.289156536   56.352476823   22.970513988
    1.291630620   56.417139076   28.546200996
    1.294104703   56.477377316   22.232996848
    1.296578787   56.519044229   15.698045671
    1.299052870   56.562889113   23.261593177
    1.301526954   56.630000621   25.609822141
    1.304001037   56.688236330   19.587917224
    1.306475121   56.709531589   -6.703623092
    1.308949204   56.687372521  -12.278671426
    1.311423288   56.663592392   -3.646715830
    1.313897371   56.672479355   14.567512943
    1.316371455   56.728814875   26.502778770
    1.318845538   56.781931370    9.146351853
    1.321319622   56.778190689  -11.180039953
    1.323793705   56.733786287  -23.210858334
    1.326267789   56.684159042  -14.790766362
    1.328741872   56.664341228    3.741537088
    1.331215956   56.704610850   26.187434462
    1.333690039   56.780022484   32.736741012
    1.336164123   56.852677595   23.226406500
    1.338638206   56.890240496   10.462310259
    1.341112290   56.906611841    7.352170428
    1.343586373   56.913325406    1.777883959
    1.346060457   56.911677679   -0.715305977
    1.348534540   56.907915756   -1.474256938
    1.351008624   56.901963226   -5.567632829
    1.353482707   56.889945042   -4.328643356
    1.355956791   56.873487552  -13.534961133
    1.358430874   56.845055959   -8.052830846
    1.360904958   56.833943640   -3.444132022
    1.363379041   56.844252059   13.625821283
    1.365853125   56.899321011   29.366012303
    1.368327208   56.980521012   35.434203944
    1.370801292   57.065756147   30.880337104
    1.373275375   57.131667818   18.581242298
    1.375749459   57.171128734   12.289131007
    1.378223542   57.202081010   13.505506218
    1.380697626   57.231739376    8.329402777
    1.383171709   57.260212184   13.182212207
    1.385645793   57.287537835    4.658289893
    1.388119876   57.292768440    3.657124150
    1.390593960   57.306611509   10.743275227
    1.393068043   57.338588708   16.222359787
    1.395542127   57.387292737   20.437011279
    1.398016210   57.427724918   10.105946943
    1.400490294   57.445428931    4.140553621
    1.402964377   57.458198967    6.338842230
    1.405438461   57.483047828   11.703260604
    1.407912544   57.526798262   22.398541753
    1.410386628   57.580705522   16.181016068
    1.412860711   57.609330207    4.000550880
    1.415334795   57.592967062  -13.551088972
    1.417808878   57.556771623  -13.176020601
    1.420282962   57.536595033    0.470229082
    1.422757045   57.566607231   22.451132878
    1.425231129   57.649046542   42.303139831
    1.427705212   57.767044402   50.432415977
    1.430179296   57.898828865   52.223629905
    1.432653379   58.029621934   52.919149256
    1.435127463   58.144866016   34.181546138
    1.437601546   58.186161230    2.177770840
    1.440075630   58.162548198  -21.357390549
    1.442549713   58.097678193  -27.495254009
    1.445023797   58.052057440   -9.747312079
    1.447497880   58.049754465    7.758919620
    1.449971964   58.091219780   20.438502258
    1.452446047   58.132970681   11.414651826
    1.454920131   58.131994378   -9.273435906
    1.457394214   58.103079423  -10.943924001
    1.459868298   58.106716090   13.314394060
    1.462342381   58.163499308   30.639691211
    1.464816465   58.237408585   26.504413815
    1.467290548   58.276427483    6.777751023
    1.469764632   58.277546416   -2.756278159
    1.472238715   58.283909575   10.842055149
    1.474712799   58.352797140   43.437456583
    1.477186882   58.473297779   47.169492911
    1.479660966   58.563719869   19.647377199
    1.482135049   58.575806097   -8.610622236
    1.484609133   58.535976991  -15.248460686
    1.487083216   58.518637096    5.231555965
    1.489557300   58.573432961   35.154095570
    1.492031383   58.679898132   45.497805286
    1.494505467   58.770499265   22.846798403
    1.496979550   58.776727285  -17.897627590
    1.499453634   58.714075219  -30.207748415
    1.501927717   58.656591892  -10.453547176
    1.504401801   58.663010198   17.795759749
    1.506875884   58.726109476   31.969452668
    1.509349968   58.824903429   41.115550998
    1.511824051   58.918829327   35.478210315
    1.514298135   58.998282800   26.171975261
    1.516772218   59.045877765   16.048215894
    1.519246302   59.073308780    5.128708815
    1.521720385   59.093496219   14.431214523
    1.524194469   59.144815806   23.609161532
    1.526668552   59.204197216   18.257587271
    1.529142636   59.239748774    8.711324470
    1.531616719   59.258733372    3.113501075
    1.534090803   59.252828947   -3.452623012
    1.536564886   59.218586345  -26.487632872
    1.539038970   59.130222134  -45.106623012
    1.541513053   59.010349871  -51.260057947
    1.543987137   58.902549649  -33.388091350
    1.546461220   58.859697568   -0.419579209
    1.548935304   58.901172813   34.010334622
    1.551409387   59.011705504   53.825252589
    1.553883471   59.136155247   45.605949633
    1.556357554   59.234493446   38.024082728
    1.558831638   59.336608019   43.493349371
    1.561305721   59.448696668   46.070396489
    1.563779805   59.556259742   34.571051536
    1.566253888   59.612468964    9.246005755
    1.568727972   59.604016442  -18.227581291
    1.571202055   59.546202183  -25.774639573
    1.573676139   59.481388329  -26.541843527
    1.576150222   59.429615548  -19.174396497
    1.578624306   59.401663298   -7.324175719
    1.581098389   59.398387228    6.122037943
    1.583572473   59.422811772   19.706065744
    1.586046556   59.480236436   27.072294925
    1.588520640   59.548493346   22.823068171
    1.590994723   59.594433011   10.513860215
    1.593468807   59.602647785   -3.145386878
    1.595942890   59.573273993  -14.215193034
    1.598416974   59.554395423    1.796572408
    1.600891057   59.609413070   42.786498673
    1.603365140   59.748173049   68.006955472
    1.605839224   59.924692071   68.599341423
    1.608313307   60.055731815   34.663047853
    1.610787391   60.091533284   -3.737491674
    1.613261474   60.063870031  -12.522170183
    1.615735558   60.053625700    2.970465935
    1.618209641   60.086037740   22.097224970
    1.620683725   60.133127510   12.150183317
    1.623157808   60.130808107  -13.889844500
    1.625631892   60.077953373  -27.110359279
    1.628105975   60.027478081   -9.248994385
    1.630580059   60.057697082   35.676478031
    1.633054142   60.190538726   66.238513590
    1.635528226   60.346840303   52.488695425
    1.638002309   60.420831582    3.439848723
    1.640476393   60.384478349  -26.445890216
    1.642950476   60.318922661  -19.958372825
    1.645424560   60.302366141   12.506126196
    1.647898643   60.382622459   45.734350628
    1.650372727   60.520065065   58.370782381
    1.652846810   60.658325991   48.096550020
    1.655320894   60.764880189   35.606709471
    1.657794977   60.844825532   33.523164028
    1.660269061   60.927380859   32.072366758
    1.662743144   60.989512567   18.154465125
    1.665217228   60.999718320  -13.902478758
    1.667691311   60.934999867  -33.062225289
    1.670165395   60.830600976  -47.060090259
    1.672639478   60.732109955  -31.280108446
    1.675113562   60.687573411   -4.991196706
    1.677587645   60.701341082   18.121706730
    1.680061729   60.772991901   33.650196584
    1.682535812   60.864966013   37.790858627
    1.685009896   60.946427368   25.464998177
    1.687483979   60.991387589   13.830477628
    1.689958063   61.023993803   14.397056561
    1.692432146   61.061236301   18.910872831
    1.694906230   61.107963357   21.511342591
    1.697380313   61.166015520   20.757763355
    1.699854397   61.212632867   17.457506749
    1.702328480   61.250448412   10.655137697
    1.704802564   61.273900517    5.297793328
    1.707276647   61.283001554   -2.117783173
    1.709750731   61.261371563  -15.638430791
    1.712224814   61.206186452  -24.990084359
    1.714698898   61.150207596  -15.420268066
    1.717172981   61.151586556   18.734817922
    1.719647065   61.235334635   45.733141150
    1.722121148   61.359636133   50.562592437
    1.724595232   61.467801951   37.338576885
    1.727069315   61.537821385   26.444091702
    1.729543399   61.603374727   24.529263119
    1.732017482   61.669795846   23.704817404
    1.734491566   61.701418680   -5.877186583
    1.736965649   61.630567324  -49.800520807
    1.739439733   61.459337933  -80.725153751
    1.741913816   61.270057136  -61.950558094
    1.744387900   61.182875062   -4.833153084
    1.746861983   61.228450667   35.286029951
    1.749336067   61.328701451   35.781378387
    1.751810150   61.369820518   -6.325310611
    1.754284234   61.297054841  -46.421706711
    1.756758317   61.172973536  -48.746752275
    1.759232401   61.104296074   -2.406014926
    1.761706484   61.155710175   44.762641210
    1.764180568   61.284073767   57.166779365
    1.766654651   61.409552511   44.323560754
    1.769128735   61.491102427   22.493962655
    1.771602818   61.525437316   11.605780181
    1.774076902   61.550730103    8.741105142
    1.776550985   61.567744867    1.455727906
    1.779025069   61.550088830  -19.164114221
    1.781499152   61.471118445  -50.419606404
    1.783973236   61.333134856  -60.550537459
    1.786447319   61.190998368  -46.884770151
    1.788921403   61.112373978  -14.170348910
    1.791395486   61.104203558    5.292526334
    1.793869570   61.123318668    3.095795369
    1.796343653   61.101765513  -17.833263377
    1.798817737   61.062999590  -11.166378425
    1.801291820   61.057383627    8.341210277
    1.803765904   61.102436220   24.971100416
    1.806239987   61.173345910   26.598134729
    1.808714071   61.216533706    4.685412362
    1.811188154   61.203062783  -11.047821307
    1.813662238   61.164453783  -12.824397272
    1.816136321   61.142746527    1.624119494
    1.818610405   61.156207730    5.603690419
    1.821084488   61.162185127    0.546545974
    1.823558572   61.155339634   -7.356622694
    1.826032655   61.148974913    0.933436200
    1.828506739   61.179591672   17.766871917
    1.830980822   61.230846398   17.376596345
    1.833454906   61.260193785    3.745705360
    1.835928989   61.242372669  -14.565522301
    1.838403073   61.198303774  -15.682098743
    1.840877156   61.171426195   -6.937728154
    1.843351240   61.164773766    1.085889030
    1.845825323   61.162958229   -1.685480330
    1.848299407   61.167877746    2.476224881
    1.850773490   61.170026948    1.493096537
    1.853247574   61.189676495   10.830332159
    1.855721657   61.236182010   21.611772980
    1.858195741   61.283850531   13.219273746
    1.860669824   61.298208854   -0.213169314
    1.863143908   61.286039906   -3.883097179
    1.865617991   61.284594844   10.189123535
    1.868092075   61.326158685   20.260630647
    1.870566158   61.382404823   20.270386283
    1.873040242   61.423621904    8.545150099
    1.875514325   61.422755002   -8.945354762
    1.877988409   61.391951454  -16.093248226
    1.880462492   61.358582350  -11.713106564
    1.882936576   61.336735777   -7.292551080
    1.885410659   61.324387685   -2.729642592
    1.887884743   61.323610595    4.474576294
    1.890358826   61.336104295    6.101192622
    1.892832910   61.355684527   13.100638078
    1.895306993   61.384474649    8.868533021
    1.897781077   61.393542427   -1.250412786
    1.900255160   61.381518605   -6.419138614
    1.902729244   61.386491389    5.214945979
    1.905203327   61.413830952   13.964692022
    1.907677411   61.439228365   -2.616687991
    1.910151494   61.396651849  -33.881655041
    1.912625578   61.284688983  -49.378273496
    1.915099661   61.169915817  -34.092978605
    1.917573745   61.139295095    9.319414433
    1.920047828   61.212249596   42.563685405
    1.922521912   61.321408446   37.329390408
    1.924995995   61.374214665    5.126329023
    1.927470079   61.353048286  -17.167270833
    1.929944162   61.314113335   -9.214171075
    1.932418245   61.320433423   13.438171229
    1.934892329   61.375666917   27.810800496
    1.937366412   61.431339049   13.074781032
    1.939840496   61.444937463   -3.317343741
    1.942314579   61.439217693    4.399555877
    1.944788663   61.475088815   23.774996435
    1.947262746   61.556541795   41.756758157
    1.949736830   61.662349442   40.146635435
    1.952210913   61.754600152   28.733406394
    1.954684997   61.814224500   18.587454094
    1.957159080   61.853312839   10.724165100
    1.959633164   61.869863862   -2.737996618
    1.962107247   61.844850475  -18.539587368
    1.964581331   61.773965662  -33.911280976
    1.967055414   61.687975614  -32.840881293
    1.969529498   61.621172157  -18.676154169
    1.972003581   61.581693468   -8.808494022
    1.974477665   61.577827434    1.477718566
    1.976951748   61.582311216    1.048740812
    1.979425832   61.581886633   -2.131125402
    1.981899915   61.581108423   -0.404529525
    1.984373999   61.586845310    2.557276334
    1.986848082   61.587282024   -5.675481443
    1.989322166   61.575325665   -7.762403950
    1.991796249   61.553716062   -7.370441976
    1.994270333   61.550474894    3.405925808
    1.996744416   61.562742871    7.758038642
    1.999218500   61.578715332    1.824432050
    2.001692583   61.577803776   -5.973099165
    2.004166667   61.564537819   -4.498546712
    2.006640750   61.557859289    0.401624829
    2.009114834   61.556485985   -4.661266844
    2.011588917   61.541908545  -10.064813140
    2.014063001   61.509054853  -17.354300995
    2.016537084   61.464041638  -16.880167646
    2.019011168   61.433007443   -7.174324591
    2.021485251   61.425110081    5.587671446
    2.023959335   61.458358569   17.414743131
    2.026433418   61.521589711   30.617744569
    2.028907502   61.608446982   36.390558944
    2.031381585   61.704496820   38.497644116
    2.033855669   61.790070455   28.682882111
    2.036329752   61.836976908    6.328421113
    2.038803836   61.825867422  -12.694970773
    2.041277919   61.782394962  -16.754896818
    2.043752003   61.738287082  -18.590143820
    2.046226086   61.693958002  -16.775350673
    2.048700170   61.655701806  -15.849623255
    2.051174253   61.623862508  -13.719217085
    2.053648337   61.608187837   -0.184068510
    2.056122420   61.625709302   14.522205757
    2.058596504   61.677230746   25.939873174
    2.061070587   61.757827121   34.242333620
    2.063544671   61.824989528   15.007963553
    2.066018754   61.827384087  -15.216170832
    2.068492838   61.751145458  -47.395685075
    2.070966921   61.610971497  -62.561160802
    2.073441005   61.457164956  -59.774813173
    2.075915088   61.348064582  -27.724046291
    2.078389172   61.320144020    4.268727435
    2.080863255   61.370033643   36.164271174
    2.083337339   61.464397747   38.837538276
    2.085811422   61.546383913   23.388997299
    2.088285506   61.583208328    5.105320784
    2.090759589   61.580073518   -4.852657073
    2.093233673   61.548276122  -15.044702703
    2.095707756   61.522671009   -4.325128476
    2.098181840   61.536976079   17.392824953
    2.100655923   61.617806230   40.911956227
    2.103130007   61.741302548   55.079046603
    2.105604090   61.870422622   43.754553244
    2.108078174   61.940935543   12.475712617
    2.110552257   61.931362381  -19.231245052
    2.113026341   61.867194392  -26.099751873
    2.115500424   61.823897760   -7.484957495
    2.117974508   61.828749441    8.379836179
    2.120448591   61.848776209    7.300768803
    2.122922675   61.836288790  -14.789239152
    2.125396758   61.778017975  -29.884002874
    2.127870842   61.712979071  -18.212183785
    2.130344925   61.704177384   12.989816995
    2.132819009   61.755355954   23.653241666
    2.135293092   61.807713330   15.019248992
    2.137767176   61.815921312   -5.578071278
    2.140241259   61.797815129   -6.798800267
    2.142715343   61.795806828    5.922637992
    2.145189426   61.834832029   25.707110896
    2.147663510   61.902410644   24.795244961
    2.150137593   61.943670596    0.408659720
    2.152611677   61.929427017  -12.712361592
    2.155085760   61.885458748  -22.579036811
    2.157559844   61.826344523  -21.868336968
    2.160033927   61.783256484  -13.279174797
    2.162508011   61.767477810   -1.808801361
    2.164982094   61.772598742    4.897092681
    2.167456178   61.788525228    8.288617166
    2.169930261   61.817788312   18.031467236
    2.172404345   61.855605511   16.190598988
    2.174878428   61.904738980   21.141132747
    2.177352512   61.960025394   21.463396608
    2.179826595   62.004770771   15.971525426
    2.182300679   62.028501701    0.172347308
    2.184774762   62.016214132   -9.925764271
    2.187248846   61.987884750   -8.001996910
    2.189722929   61.972689806   -5.356880584
    2.192197013   61.974270375    3.822022942
    2.194671096   61.987975346    2.628668151
    2.197145180   61.972881432  -13.781932850
    2.199619263   61.915968638  -30.477764638
    2.202093347   61.855318645  -22.243216195
    2.204567430   61.828401999   -2.420563897
    2.207041514   61.854589594   21.031203653
    2.209515597   61.918196733   27.636416737
    2.211989681   61.971693158   11.893558415
    2.214463764   61.977302115   -6.911413527
    2.216937848   61.954965224   -6.803736364
    2.219411931   61.954802134    6.412796741
    2.221886015   61.976719710   10.558955676
    2.224360098   62.003656869    6.336375025
    2.226834182   61.990727812  -17.985386192
    2.229308265   61.934862956  -23.607504693
    2.231782349   61.878669253  -14.696029094
    2.234256432   61.863618216    1.289753113
    2.236730516   61.882696529   13.090861652
    2.239204599   61.903661069    3.985719331
    2.241678683   61.907181281   -3.181292700
    2.244152766   61.888225126  -12.224824206
    2.246626850   61.867357565   -2.524127848
    2.249100933   61.870425653    6.462310360
    2.251575017   61.900779836   12.315699565
    2.254049100   61.924177649    7.800181032
    2.256523183   61.933563712   -2.313837677
    2.258997267   61.915212979   -9.798844872
    2.261471350   61.890445493   -7.430743289
    2.263945434   61.888366090    4.991293203
    2.266419517   61.928244092   26.334549690
    2.268893601   62.004549990   29.760850639
    2.271367684   62.064729434   16.690530881
    2.273841768   62.091434915    4.189686513
    2.276315851   62.083166514   -9.546318312
    2.278789935   62.075103416    6.914772780
    2.281264018   62.111450945   25.007655804
    2.283738102   62.176116156   20.792900605
    2.286212185   62.198693815   -1.688728790
    2.288686269   62.146274558  -40.012787903
    2.291160352   62.023304875  -56.390989534
    2.293634436   61.887219399  -48.707618739
    2.296108519   61.806632358  -15.758109181
    2.298582603   61.806632079   11.785122318
    2.301056686   61.850486235   22.592550784
    2.303530770   61.910630863   25.371233929
    2.306004853   61.960226307   15.915712870
    2.308478937   61.989189084    9.495965792
    2.310953020   61.992674770   -5.939535256
    2.313427104   61.945845573  -29.766444724
    2.315901187   61.859091000  -37.074478587
    2.318375271   61.792892964  -11.403277206
    2.320849354   61.815244110   28.525919103
    2.323323438   61.920469623   50.843587856
    2.325797521   62.031125852   30.003508792
    2.328271605   62.061426445   -5.459598930
    2.330745688   62.016098399  -24.587611489
    2.333219772   61.951290006  -21.437752003
    2.335693855   61.917083579   -4.874036759
    2.338167939   61.907503863   -7.251437132
    2.340642022   61.869790992  -23.605609576
    2.343116106   61.807619756  -19.244455041
    2.345590189   61.789795799   10.434526085
    2.348064273   61.872367066   51.217757380
    2.350538356   62.019819762   66.501184688
    2.353012440   62.154752270   34.535498149
    2.355486523   62.176344723  -10.233024134
    2.357960607   62.124101834  -24.659487153
    2.360434690   62.083149894   -3.093243556
    2.362908774   62.120128631   32.164902047
    2.365382857   62.217555071   40.040772122
    2.367856941   62.294520214   15.640165412
    2.370331024   62.277022731  -30.294232575
    2.372805108   62.168552512  -49.981694181
    2.375279191   62.055234021  -38.042556838
    2.377753275   62.003059751   -3.401215937
    2.380227358   62.035054820   27.097904990
    2.382701442   62.101551419   25.037474716
    2.385175525   62.133479449    0.882285292
    2.387649609   62.105968469  -23.248372032
    2.390123692   62.023952700  -38.053868357
    2.392597776   61.934424845  -31.991256302
    2.395071859   61.876472254  -13.257832104
    2.397545943   61.870138670    4.901176429
    2.400020026   61.881497505    6.709473862
    2.402494110   61.886390636   -2.266722921
    2.404968193   61.884230416    2.880720625
    2.407442277   61.899861523   10.422945490
    2.409916360   61.926692029    6.977133435
    2.412390444   61.932282975   -7.269237173
    2.414864527   61.890680927  -24.962439333
    2.417338611   61.822938810  -29.145858689
    2.419812694   61.764353504  -15.261319239
    2.422286778   61.751747779    7.346470840
    2.424760861   61.799256739   26.525233316
    2.427234945   61.862132916   17.851801103
    2.429709028   61.883551654   -3.034664692
    2.432183112   61.839013923  -31.891737289
    2.434657195   61.750236209  -36.622602868
    2.437131279   61.682967608  -18.935849994
    2.439605362   61.668822065    5.239878847
    2.442079446   61.691158355    9.713702966
    2.444553529   61.715167629    6.176426066
    2.447027613   61.722167399    1.004407377
    2.449501696   61.726015707    4.721291445
    2.451975780   61.756842325   23.836821899
    2.454449863   61.832956567   36.658729642
    2.456923947   61.923158108   30.882758434
    2.459398030   61.976232833    8.334170363
    2.461872114   61.965335889  -15.439919512
    2.464346197   61.921158379  -18.142006673
    2.466820281   61.870508115  -23.411631652
    2.469294364   61.812181359  -22.022025290
    2.471768448   61.754490608  -22.519607293
    2.474242531   61.706706992  -17.045152067
    2.476716615   61.673144032   -9.001460445
    2.479190698   61.668329957    0.719428322
    2.481664782   61.674463713    0.494143155
    2.484138865   61.665529334  -12.959707043
    2.486612949   61.623096377  -19.450450355
    2.489087032   61.598420034   -2.126602480
    2.491561116   61.632578011   31.062659729
    2.494035199   61.737632426   51.352149369
    2.496509283   61.858159611   42.288575931
    2.498983366   61.927606003   10.235542099
    2.501457450   61.919963255  -10.399069266
    2.503931533   61.874367163  -21.199369466
    2.506405617   61.833814904  -14.176969174
    2.508879700   61.815679291   -3.113554708
    2.511353784   61.810059481   -5.843756970
    2.513827867   61.782160744  -21.393187790
    2.516301951   61.696368171  -43.985288834
    2.518776034   61.585317714  -40.791578193
    2.521250118   61.496278959  -26.096907414
    2.523724201   61.464179904    0.184642511
    2.526198285   61.490246144   18.724661743
    2.528672368   61.557773392   33.243442864
    2.531146452   61.649245687   38.841564137
    2.533620535   61.753686889   44.275562315
    2.536094619   61.867666549   47.876068797
    2.538568702   61.983336675   40.407074952
    2.541042786   62.058456214   15.900902717
    2.543516869   62.052329029  -19.585984049
    2.545990953   61.970326954  -42.673656144
    2.548465036   61.847945929  -51.945521456
    2.550939120   61.744470301  -30.443105866
    2.553413203   61.701637156   -4.300534947
    2.555887287   61.707328497    5.203485976
    2.558361370   61.716589376    0.965658424
    2.560835454   61.702425005  -14.572438074
    2.563309537   61.661953406  -14.459107886
    2.565783621   61.632208916   -6.785731385
    2.568257704   61.624950836    0.173705460
    2.570731788   61.620729382   -3.659909303
    2.573205871   61.592200938  -17.399383683
    2.575679955   61.547627863  -15.047427155
    2.578154038   61.533933383    6.384176455
    2.580628121   61.571699173   22.593761276
    2.583102205   61.640159463   27.031286214
    2.585576288   61.677365234   -0.749259284
    2.588050372   61.634550075  -32.473053790
    2.590524455   61.541354659  -34.753243790
    2.592998539   61.489576048   -3.787016229
    2.595472622   61.527450551   30.662501660
    2.597946706   61.613807922   33.386347926
    2.600420789   61.681081707   11.804509499
    2.602894873   61.674944227  -18.202624940
    2.605368956   61.602896775  -31.191574415
    2.607843040   61.539160110  -14.796846800
    2.610317123   61.526604050    3.033874983
    2.612791207   61.549377287   14.488582043
    2.615265290   61.566008937   -3.117693291
    2.617739374   61.531882679  -23.715357453
    2.620213457   61.468210375  -24.334900531
    2.622687541   61.416822379  -11.611046044
    2.625161624   61.421407414   12.684256740
    2.627635708   61.473236488   29.013291301
    2.630109791   61.542570215   27.643646189
    2.632583875   61.603536462   20.577700395
    2.635057958   61.642266599    8.941635277
    2.637532042   61.659942596    4.435694848
    2.640006125   61.669076940   -0.631395217
    2.642480209   61.652805896  -13.624805235
    2.644954292   61.609050163  -17.722074738
    2.647428376   61.576496509   -9.626674997
    2.649902459   61.575595809    6.906292936
    2.652376543   61.608436833   14.924234923
    2.654850626   61.646039376   16.078175614
    2.657324710   61.682159952   12.799784607
    2.659798793   61.704199311    6.640968599
    2.662272877   61.717939342    3.559677951
    2.664746960   61.705201167  -14.295388513
    2.667221044   61.641299792  -40.396725231
    2.669695127   61.515424664  -58.683835703
    2.672169211   61.352210399  -65.625735503
    2.674643294   61.204266002  -49.681551173
    2.677117378   61.114121331  -23.283293958
    2.679591461   61.084895775    1.270466035
    2.682065545   61.115052803   18.995134617
    2.684539628   61.180378451   29.246203737
    2.687013712   61.260237509   36.235432139
    2.689487795   61.366297392   44.366770665
    2.691961879   61.467988595   35.709643080
    2.694435962   61.535118451   16.121014471
    2.696910046   61.534549712  -15.352852818
    2.699384129   61.468893969  -36.002904312
    2.701858213   61.379706895  -34.020129631
    2.704332296   61.324727474   -8.143607357
    2.706806380   61.331183497    8.012356047
    2.709280463   61.348682578    2.801965607
    2.711754547   61.335483374  -14.358186572
    2.714228630   61.295159005  -14.731693025
    2.716702714   61.257221950  -12.896301935
    2.719176797   61.242852316    0.724524395
    2.721650881   61.240731824   -1.204162145
    2.724124964   61.241806693    2.050689690
    2.726599048   61.256428304    8.530252638
    2.729073131   61.302827381   33.703447823
    2.731547215   61.416825536   54.375933468
    2.734021298   61.554510601   49.736137400
    2.736495382   61.647155583   21.297037340
    2.738969465   61.656700873  -18.558132444
    2.741443549   61.562152280  -53.069173899
    2.743917632   61.427615067  -50.564883554
    2.746391716   61.346213643   -9.120425858
    2.748865799   61.378821521   32.374191838
    2.751339883   61.497530916   57.313713859
    2.753813966   61.646767356   55.435921016
    2.756288050   61.745064069   19.724370555
    2.758762133   61.750093268  -13.628941567
    2.761236217   61.693504623  -28.682913415
    2.763710300   61.637715936  -15.738085645
    2.766184384   61.609552997   -5.252859234
    2.768658467   61.597152314   -6.557154077
    2.771132551   61.564125983  -16.933934399
    2.773606634   61.531728897   -9.531664757
    2.776080718   61.527471696    3.518691593
    2.778554801   61.549139690   13.982868900
    2.781028885   61.566704830   -2.430953687
    2.783502968   61.520326234  -30.020787102
    2.785977052   61.437192611  -30.294285201
    2.788451135   61.404293828    5.289648469
    2.790925219   61.451957136   27.321678251
    2.793399302   61.527440545   26.476978763
    2.795873386   61.555398472   -6.110666156
    2.798347469   61.485146676  -44.026944328
    2.800821553   61.372618848  -40.784711421
    2.803295636   61.330827098    9.143042666
    2.805769720   61.421355972   58.632584731
    2.808243803   61.593989517   72.654705594
    2.810717887   61.733580148   34.531597847
    2.813191970   61.765448604   -7.367045217
    2.815666054   61.720881004  -23.727722162
    2.818140137   61.663448677  -16.068683540
    2.820614221   61.631489867   -8.247670411
    2.823088304   61.595818647  -21.097922743
    2.825562388   61.518419943  -39.395625023
    2.828036471   61.426340934  -27.477889122
    2.830510555   61.403451128   11.545377853
    2.832984638   61.483750704   54.130157825
    2.835458722   61.637493540   64.878067753
    2.837932805   61.765086579   32.666631375
    2.840406889   61.788094173  -13.452766847
    2.842880972   61.729163547  -29.182345810
    2.845355056   61.656833174  -23.947356393
    2.847829139   61.618216715   -4.824653852
    2.850303223   61.634969732   16.239292762
    2.852777306   61.690929625   25.351913950
    2.855251390   61.743867180   14.295743673
    2.857725473   61.744601814  -12.242587380
    2.860199557   61.689837571  -31.055907074
    2.862673640   61.618172852  -28.021952973
    2.865147724   61.567843286  -13.026974307
    2.867621807   61.551658533    0.166429509
    2.870095891   61.565724273    8.322144505
    2.872569974   61.572415153   -3.874744110
    2.875044058   61.548304025  -14.729090725
    2.877518141   61.522262070   -3.484778377
    2.879992225   61.545328949   24.232629773
    2.882466308   61.637165300   49.311497481
    2.884940392   61.760835786   46.654762132
    2.887414475   61.845225901   18.712528092
    2.889888559   61.859005886   -8.461038172
    2.892362642   61.824244618  -15.618503448
    2.894836726   61.782593138  -15.498214756
    2.897310809   61.764869349   -1.048275968
    2.899784893   61.771011697    1.462626233
    2.902258976   61.756806882  -11.050971355
    2.904733060   61.714871158  -18.181509656
    2.907207143   61.673719546   -8.883756872
    2.909681226   61.685248424   17.504299110
    2.912155310   61.752052606   32.259667464
    2.914629393   61.828326114   26.154704311
    2.917103477   61.873145916    7.107607860
    2.919577560   61.875348024   -7.779914682
    2.922051644   61.834083709  -23.753801208
    2.924525727   61.777014656  -21.940789988
    2.926999811   61.734536619  -12.330184003
    2.929473894   61.716578674    2.630300089
    2.931947978   61.745147541   19.671021175
    2.934422061   61.798478149   23.790849403
    2.936896145   61.860131480   25.053384340
    2.939370228   61.914772749   15.392261376
    2.941844312   61.936584689    2.515000386
    2.944318395   61.921319646  -11.509235480
    2.946792479   61.904399629   -0.906096391
    2.949266562   61.916692495    9.280578903
    2.951740646   61.953950024   19.758760282
    2.954214729   61.989500579    9.341002260
    2.956688813   61.974981139  -19.516895867
    2.959162896   61.892164268  -47.281375797
    2.961636980   61.760069059  -54.050439264
    2.964111063   61.638097703  -39.224890568
    2.966585147   61.578492254  -11.830931052
    2.969059230   61.580254471    9.232110818
    2.971533314   61.589009944   -2.952297807
    2.974007397   61.558024559  -22.617321733
    2.976481481   61.497057078  -21.144009854
    2.978955564   61.470288600    8.379260415
    2.981429648   61.529677347   38.548583636
    2.983903731   61.638758658   46.189846892
    2.986377815   61.727871608   22.375164265
    2.988851898   61.730085509  -18.737946772
    2.991325982   61.652594746  -34.494265734
    2.993800065   61.579688009  -17.051793712
    2.996274149   61.575631242   13.800492425
    2.998748232   61.637071207   28.293765981
    3.001222316   61.709761969   26.226826555
    3.003696399   61.754501523   14.380326405
    3.006170483   61.778913448    8.522878185
    3.008644566   61.804346235   14.717708575
    3.011118650   61.858379607   26.499746211
    3.013592733   61.914316782   19.636501808
    3.016066817   61.947248724    3.926523022
    3.018540900   61.931374293  -15.545836934
    3.021014984   61.864502663  -34.768408766
    3.023489067   61.776095289  -36.212102726
    3.025963151   61.696574190  -29.848310536
    3.028437234   61.624061187  -26.916249199
    3.030911318   61.567697024  -15.202148882
    3.033385401   61.554954764    6.848639807
    3.035859485   61.591916495   22.365923837
    3.038333568   61.655053871   29.367597162
    3.040807652   61.722872197   23.036541687
    3.043281735   61.755212662    3.171695578
    3.045755819   61.731063366  -16.898210448
    3.048229902   61.687912715  -17.806690173
    3.050703986   61.664012994    2.432944393
    3.053178069   61.693061465   22.354370291
    3.055652153   61.763234996   30.697435672
    3.058126236   61.831067621   27.697552609
    3.060600320   61.896364375   23.733610393
    3.063074403   61.949723801   23.186908831
    3.065548487   62.010941778   21.904478900
    3.068022570   62.041457993    4.578363842
    3.070496654   62.026593815  -16.751389701
    3.072970737   61.965470183  -29.563379769
    3.075444821   61.893246838  -25.887136740
    3.077918904   61.853974903   -6.636215836
    3.080392988   61.862886717   11.982352000
    3.082867071   61.885748622    1.241342387
    3.085341155   61.860850754  -22.490120142
    3.087815238   61.784554074  -31.853034182
    3.090289322   61.718716080  -17.887638154
    3.092763405   61.717505743   17.294756322
    3.095237489   61.790712250   41.101635417
    3.097711572   61.912466578   54.978767181
    3.100185656   62.051427958   58.161521436
    3.102659739   62.196654545   59.937821641
    3.105133823   62.343130553   53.586891517
    3.107607906   62.448545303   31.346642173
    3.110081990   62.479598525  -10.060843702
    3.112556073   62.397925313  -52.604014644
    3.115030157   62.235846965  -79.830257365
    3.117504240   62.034426546  -75.583844886
    3.119978324   61.887758172  -41.155681770
    3.122452407   61.821058195   -8.846757906
    3.124926491   61.834350259   17.682812731
    3.127400574   61.882807508   15.957078194
    3.129874658   61.908280935    1.086566086
    3.132348741   61.886738396  -16.589601469
    3.134822825   61.852128543  -12.926743451
    3.137296908   61.847547907   14.867047986
    3.139770992   61.916668759   44.073058662
    3.142245075   62.044078227   53.117827423
    3.144719159   62.159769441   33.140980635
    3.147193242   62.209626835    5.765050656
    3.149667326   62.189866637  -17.941535111
    3.152141409   62.131217511  -26.900860063
    3.154615493   62.064784162  -23.543680154
    3.157089576   62.027459057   -5.682061016
    3.159563660   62.033141048    7.724630329
    3.162037743   62.061505642   15.179255000
    3.164511827   62.101934578   12.976345025
    3.166985910   62.119857274    3.666224039
    3.169459994   62.113555370   -6.938296155
    3.171934077   62.092263201   -4.922477876
    3.174408161   62.103710036   14.993111811
    3.176882244   62.159599812   25.325132236
    3.179356328   62.219509750   17.473953185
    3.181830411   62.243713699    0.265457849
    3.184304495   62.204740910  -32.677723486
    3.186778578   62.107946818  -44.760784486
    3.189252662   62.000259967  -35.960145061
    3.191726745   61.929319612  -18.339931264
    3.194200829   61.917797072    7.788347059
    3.196674912   61.967443899   31.923042411
    3.199148996   62.063857866   46.105221401
    3.201623079   62.174390119   41.033070274
    3.204097163   62.237440088   12.030601620
    3.206571246   62.220612466  -23.197921227
    3.209045330   62.126903697  -50.289691402
    3.211519413   62.001965363  -45.820590329
    3.213993497   61.902343082  -34.833829768
    3.216467580   61.825537791  -25.333785896
    3.218941664   61.766206592  -24.618429412
    3.221415747   61.707094846  -16.717306783
    3.223889831   61.681282327   -0.096630300
    3.226363914   61.719921018   29.282237205
    3.228837998   61.827362383   55.949271433
    3.231312081   61.962679937   52.736359341
    3.233786164   62.053397600   19.980171718
    3.236260248   62.061287470  -14.352722776
    3.238734331   61.991763439  -40.424470852
    3.241208415   61.871824453  -51.345414008
    3.243682498   61.748246921  -45.850278218
    3.246156582   61.653886178  -31.106194597
    3.248630665   61.603123321   -8.302148262
    3.251104749   61.611621003   13.128109946
    3.253578832   61.660715126   28.194756555
    3.256052916   61.735134607   35.110043384
    3.258526999   61.835646675   42.611827111
    3.261001083   61.940267873   37.477407587
    3.263475166   62.004343897   14.874804554
    3.265949250   62.012224853   -5.977370361
    3.268423333   61.968901102  -27.526180382
    3.270897417   61.896222606  -25.659015697
    3.273371500   61.843497932  -11.151390357
    3.275845584   61.846424943   14.334475699
    3.278319667   61.897339869   27.106780040
    3.280793751   61.970391182   32.139896259
    3.283267834   62.021432267   11.901277017
    3.285741918   62.039086682    2.221903217
    3.288216001   62.034613516   -2.526578693
    3.290690085   62.031668358   -0.911241846
    3.293164168   62.024556492   -4.024923098
    3.295638252   62.000876228  -17.576108502
    3.298112335   61.952468317  -20.091421947
    3.300586419   61.904255159  -16.324916632
    3.303060502   61.869043881  -11.010607637
    3.305534586   61.843000994   -7.056148298
    3.308008669   61.828845652   -6.312168427
    3.310482753   61.804852038  -11.622789067
    3.312956836   61.784440043   -1.623608747
    3.315430920   61.793434276    9.310066144
    3.317905003   61.820892263   14.712140437
    3.320379087   61.847845700    5.824944643
    3.322853170   61.842152734  -13.317127317
    3.325327254   61.804257860  -17.577919513
    3.327801337   61.761400392  -13.050229886
    3.330275421   61.741530110   -9.668421113
    3.332749504   61.716184871   -9.347826865
    3.335223588   61.707318963    0.938220382
    3.337697671   61.723026891   13.541071825
    3.340171755   61.757840856   14.415260152
    3.342645838   61.790615206   10.045702634
    3.345119922   61.781303083  -17.028964807
    3.347594005   61.718222057  -27.123601858
    3.350068089   61.654238956  -16.661599718
    3.352542172   61.636826369    4.017567784
    3.355016256   61.671147743   20.635991220
    3.357490339   61.715829753   12.187009155
    3.359964423   61.710896489  -15.773526067
    3.362438506   61.656557845  -24.893200312
    3.364912590   61.608395596   -6.993293015
    3.367386673   61.635569791   33.071631657
    3.369860757   61.759636560   64.510404599
    3.372334840   61.925367245   67.070750637
    3.374808924   62.074692690   49.773244008
    3.377283007   62.158684365   19.835860778
    3.379757091   62.157635805  -21.516322337
    3.382231174   62.070695609  -45.416933875
    3.384705258   61.952947904  -49.614299616
    3.387179341   61.843539387  -37.935927872
    3.389653425   61.758711610  -27.204833501
    3.392127508   61.701590814  -17.414077461
    3.394601592   61.654622501  -17.413764488
    3.397075675   61.623159196   -4.656758525
    3.399549759   61.630878644   13.722291553
    3.402023842   61.681010849   26.812487041
    3.404497926   61.749953973   25.207491161
    3.406972009   61.779553838   -3.007269148
    3.409446093   61.731179059  -30.359381993
    3.411920176   61.649340867  -31.631578013
    3.414394260   61.594134726   -8.472688067
    3.416868343   61.613450522   24.762034362
    3.419342427   61.700112579   40.523395889
    3.421816510   61.793678969   31.114331569
    3.424290594   61.829249962    0.514460401
    3.426764677   61.813332897  -10.052300374
    3.429238761   61.776910643  -14.653616657
    3.431712844   61.752412811   -1.392635059
    3.434186928   61.771371350   14.271677565
    3.436661011   61.817525871   18.491892809
    3.439135095   61.855188908   12.389915745
    3.441609178   61.867544443    2.451288329
    3.444083262   61.859541056   -6.415850473
    3.446557345   61.855340205    4.467947655
    3.449031429   61.892038899   24.868046553
    3.451505512   61.976858998   40.150384125
    3.453979596   62.065070425   31.094679559
    3.456453679   62.114201091    9.615786058
    3.458927763   62.108904992   -9.348807176
    3.461401846   62.052036780  -33.816295191
    3.463875930   61.969332065  -28.491031767
    3.466350013   61.923359677   -5.499942932
    3.468824097   61.946795235   25.754823675
    3.471298180   62.031126120   39.705527361
    3.473772264   62.135637603   45.208770664
    3.476246347   62.231162516   29.376257933
    3.478720431   62.253807606   -8.815301014
    3.481194514   62.194107557  -35.792935720
    3.483668598   62.093459725  -42.909457146
    3.486142681   62.002304982  -27.292426759
    3.488616765   61.970516866    2.658121466
    3.491090848   61.984283618    6.068078163
    3.493564932   61.989993338   -4.258001420
    3.496039015   61.958940383  -23.996507992
    3.498513099   61.875644537  -40.619581212
    3.500987182   61.788580454  -29.548863189
    3.503461266   61.753670082    5.685545835
    3.505935349   61.814908816   44.006451819
    3.508409433   61.946354904   53.023000377
    3.510883516   62.044709207   19.959780450
    3.513357600   62.041627995  -25.590186403
    3.515831683   61.937160033  -52.298000903
    3.518305767   61.808467006  -46.257316306
    3.520779850   61.730010526  -16.726658907
    3.523253934   61.733780870   15.884793722
    3.525728017   61.791400460   28.640331637
    3.528202101   61.860869714   32.028255987
    3.530676184   61.946428795   41.427124656
    3.533150268   62.061341393   50.752914933
    3.535624351   62.198998440   51.907394199
    3.538098435   62.285670400   12.968946068
    3.540572518   62.238399927  -51.406390241
    3.543046602   62.067013545  -81.451279573
    3.545520685   61.867010790  -71.169098234
    3.547994769   61.743345245  -26.884988658
    3.550468852   61.730297551   10.302991700
    3.552942936   61.775302783   15.502068255
    3.555417019   61.787546859   -5.523101502
    3.557891102   61.743997182  -31.143255066
    3.560365186   61.668907206  -28.221992834
    3.562839269   61.622328340  -10.916456325
    3.565313353   61.630916398   16.203346820
    3.567787436   61.682693449   20.172843688
    3.570261520   61.725771195   12.358869217
    3.572735603   61.758853487   15.836597689
    3.575209687   61.818460189   34.978292213
    3.577683770   61.926859002   52.782111853
    3.580157854   62.063388483   57.090818451
    3.582631937   62.170624334   28.379092971
    3.585106021   62.185643639  -20.446574775
    3.587580104   62.077284601  -61.534183369
    3.590054188   61.901183075  -74.943317668
    3.592528271   61.738268467  -52.875712449
    3.595002355   61.651853270  -15.060218583
    3.597476438   61.649872167    8.467732121
    3.599950522   61.692104298   22.057754024
    3.602424605   61.746635912   16.624705722
    3.604898689   61.775778392    6.110628841
    3.607372772   61.772725122   -7.644548466
    3.609846856   61.748659138  -10.578812807
    3.612320939   61.731562342   -5.764573265
    3.614795023   61.723142648    2.426311705
    3.617269106   61.734340431    5.439948952
    3.619743190   61.753013362   12.115975358
    3.622217273   61.788312400   15.836060411
    3.624691357   61.818814696    8.976122907
    3.627165440   61.815635076   -9.266029284
    3.629639524   61.781246259  -14.174649972
    3.632113607   61.747496546  -10.912205197
    3.634587691   61.744168696    8.078708951
    3.637061774   61.777428390   17.361101991
    3.639535858   61.806118062    5.002355924
    3.642009941   61.805410789   -5.348746379
    3.644484025   61.783344445   -9.575906149
    3.646958108   61.774164451    5.034952699
    3.649432192   61.821185888   30.277719304
    3.651906275   61.898345245   28.901092536
    3.654380359   61.953197939   10.587687815
    3.656854442   61.928582728  -26.930558787
    3.659328526   61.832538770  -46.137743145
    3.661802609   61.725297615  -39.132603242
    3.664276693   61.651293428  -18.361189322
    3.666750776   61.633552787    3.072581372
    3.669224860   61.647575377   10.588696406
    3.671698943   61.693177373   27.864450136
    3.674173027   61.782614294   44.605662207
    3.676647110   61.889996337   39.537042557
    3.679121194   61.960468401   14.253993874
    3.681595277   61.951657717  -22.837580506
    3.684069361   61.875411181  -33.965705567
    3.686543444   61.795232283  -25.581629670
    3.689017528   61.764272205    4.360522789
    3.691491611   61.806680344   26.775976031
    3.693965695   61.873035940   20.965665914
    3.696439778   61.903563569    2.402725917
    3.698913862   61.871943493  -25.614196740
    3.701387945   61.784676558  -37.820316508
    3.703862029   61.710108338  -25.025711245
    3.706336112   61.667885138   -3.761540570
    3.708810196   61.682157520   16.362675031
    3.711284279   61.727453578   17.802549838
    3.713758363   61.754232123   -0.652735095
    3.716232446   61.717456506  -28.880314430
    3.718706530   61.626485229  -35.890225490
    3.721180613   61.580449053    2.739494858
    3.723654697   61.628684447   31.239273784
    3.726128780   61.702208490   24.678177270
    3.728602864   61.724248325  -10.410825634
    3.731076947   61.644775849  -49.802271242
    3.733551031   61.509080729  -48.092255863
    3.736025114   61.436255559   -3.868155893
    3.738499198   61.501254711   52.243818911
    3.740973281   61.656890596   66.850351642
    3.743447365   61.802851501   43.593045574
    3.745921448   61.859385838    3.022018211
    3.748395532   61.824387948  -23.082390057
    3.750869615   61.770764390  -15.298262985
    3.753343699   61.755410304   -1.650606453
    3.755817782   61.767481103    5.693749915
    3.758291866   61.754513070  -12.621584186
    3.760765949   61.697264005  -29.622760850
    3.763240033   61.617789085  -32.110076508
    3.765714116   61.554893312  -14.573234502
    3.768188200   61.553391050   17.472864435
    3.770662283   61.620899427   33.669094555
    3.773136367   61.703365192   29.537298079
    3.775610450   61.756622343   13.276994775
    3.778084534   61.775705082    2.662342356
    3.780558617   61.770091630   -3.654877155
    3.783032701   61.773700532   12.109979865
    3.785506784   61.818412179   20.422688751
    3.787980868   61.857075600    6.190728849
    3.790454951   61.845159373  -15.673611020
    3.792929035   61.788710355  -30.000688436
    3.795403118   61.716258055  -24.417558557
    3.797877202   61.684735591   -0.871227164
    3.800351285   61.711561270   17.344732659
    3.802825369   61.748956824    7.486040062
    3.805299452   61.740962707  -17.599541422
    3.807773536   61.663244598  -36.918097871
    3.810247619   61.579495704  -32.007560731
    3.812721703   61.538476649   -0.588234530
    3.815195786   61.575927694   26.216825374
    3.817669870   61.645946542   29.816737105
    3.820143953   61.708819830   18.096115020
    3.822618037   61.746107474   14.425036517
    3.825092120   61.787871027   21.734165405
    3.827566204   61.851428663   25.286601594
    3.830040287   61.887916805    3.730770941
    3.832514371   61.864871836  -21.313519330
    3.834988454   61.795869200  -29.453412667
    3.837462538   61.747863348   -4.032121745
    3.839936621   61.798073070   42.035570877
    3.842410705   61.931303884   58.419339085
    3.844884788   62.065876380   43.911331146
    3.847358872   62.136582360    8.646351636
    3.849832955   62.122989210  -20.340682648
    3.852307039   62.058789368  -29.358937473
    3.854781122   62.001227680  -18.133895191
    3.857255206   61.965231582  -11.859500002
    3.859729289   61.933903831  -14.900764995
    3.862203373   61.898572113  -11.100272172
    3.864677456   61.882406478   -0.370773752
    3.867151540   61.890670478    4.082407927
    3.869625623   61.894894778   -3.996271844
    3.872099707   61.864199091  -18.632444130
    3.874573790   61.803932857  -29.729633601
    3.877047874   61.740017025  -23.675623411
    3.879521957   61.700477392   -7.184405833
    3.881996040   61.692002172   -3.485597071
    3.884470124   61.694553926    1.373290570
    3.886944207   61.689387008   -2.849209247
    3.889418291   61.690599973    2.792922265
    3.891892374   61.710250040   11.935579452
    3.894366458   61.751001254   17.501179799
    3.896840541   61.784853959    4.533532314
    3.899314625   61.774757513  -15.851467237
    3.901788708   61.707132174  -36.654079813
    3.904262792   61.628406478  -27.855107931
    3.906736875   61.592764771   -1.004405206
    3.909210959   61.635230454   34.030435149
    3.911685042   61.747936357   55.050251601
    3.914159126   61.890562355   52.014956675
    3.916633209   61.984185461   18.898805536
    3.919107293   61.980821845  -17.362561035
    3.921581376   61.899576228  -39.668101253
    3.924055460   61.809005440  -30.007042613
    3.926529543   61.777679497    3.121291512
    3.929003627   61.831215116   36.351748238
    3.931477710   61.917654905   28.049130191
    3.933951794   61.959433523    0.261600378
    3.936425877   61.926155218  -24.064304520
    3.938899961   61.864476986  -22.977757085
    3.941374044   61.823440608  -12.020543141
    3.943848128   61.794670846  -16.083559045
    3.946322211   61.742560878  -28.479891935
    3.948796295   61.651090010  -45.604115178
    3.951270378   61.543271507  -38.102788574
    3.953744462   61.491557844   -4.424331963
    3.956218545   61.530710958   32.521129242
    3.958692629   61.626977186   43.637298068
    3.961166712   61.718257676   27.139129334
    3.963640796   61.767583883   10.238616246
    3.966114879   61.782202528    0.148293235
    3.968588963   61.788042481    5.247914365
    3.971063046   61.796761122    0.789946158
    3.973537130   61.790457572   -5.407364624
    3.976011213   61.771343349   -6.551505607
    3.978485297   61.768306345    6.122439845
    3.980959380   61.792358957   11.870148452
    3.983433464   61.820420662   11.316805553
    3.985907547   61.845895588    6.447247670
    3.988381631   61.862360011    8.028000209
    3.990855714   61.881967062    9.002772580
    3.993329798   61.917917566   18.200368380
    3.995803881   61.967468955   19.500041100
    3.998277965   61.998580684    1.690031147
    4.000752048   61.972645701  -23.911524608
    4.003226132   61.904681448  -30.523886245
    4.005700215   61.845002644  -18.017195457
    4.008174299   61.800711356  -12.954054929
    4.010648382   61.769860218  -13.798375703
    4.013122466   61.731070720  -17.754986100
    4.015596549   61.685046938  -17.964998038
    4.018070633   61.666988113    3.572836451
    4.020544716   61.716772142   33.214754764
    4.023018800   61.828028053   52.867016829
    4.025492883   61.952912066   44.694424525
    4.027966967   62.024267799    8.371957760
    4.030441050   61.994316287  -30.668902603
    4.032915134   61.882064407  -52.244777283
    4.035389217   61.751514013  -49.387962449
    4.037863301   61.652879926  -27.633845151
    4.040337384   61.611569252   -3.385048131
    4.042811468   61.632188039   16.192918022
    4.045285551   61.682514688   24.299547943
    4.047759635   61.735305109   17.525608342
    4.050233718   61.776612731   17.987145239
    4.052707802   61.834825545   24.133561979
    4.055181885   61.893272914   18.599388882
    4.057655969   61.924073438    3.999818524
    4.060130052   61.909399068  -15.853015737
    4.062604136   61.857362667  -22.673099415
    4.065078219   61.808156234  -16.665122193
    4.067552303   61.783044202   -1.105939178
    4.070026386   61.811458081   19.626236171
    4.072500470   61.880227745   31.948976176
    4.074974553   61.949291142   18.228444489
    4.077448637   61.954736227  -15.353182874
    4.079922720   61.889629264  -38.027141522
    4.082396804   61.784067716  -42.918298441
    4.084870887   61.699686319  -20.104408017
    4.087344971   61.679068569    0.739461734
    4.089819054   61.703108560   16.668585356
    4.092293138   61.741630642    8.337019017
    4.094767221   61.738790678  -12.460455262
    4.097241305   61.685922053  -23.611196449
    4.099715388   61.649656219   -4.844975297
    4.102189472   61.677698470   25.127537476
    4.104663555   61.758654074   35.810290626
    4.107137639   61.826419724   15.477040834
    4.109611722   61.826775120  -11.335254400
    4.112085806   61.806229448   -0.221806348
    4.114559889   61.831969056   25.089057381
    4.117033973   61.924162767   45.083326754
    4.119508056   62.029686620   32.256384223
    4.121982140   62.074126250    0.953671382
    4.124456223   62.034099927  -29.315703935
    4.126930307   61.980872756   -6.159326274
    4.129404390   62.031927770   46.513044860
    4.131878474   62.206924138   91.097724602
    4.134352557   62.447093778   96.938720455
    4.136826641   62.656579419   68.332318544
    4.139300724   62.788559427   42.691989840
    4.141774808   62.878491719   33.460546267
    4.144248891   62.985755776   55.742890651
    4.146722975   63.135480654   63.766500211
    4.149197058   63.293460892   61.778485728
    4.151671142   63.436036609   54.154997420
    4.154145225   63.573385585   58.123427049
    4.156619309   63.733046636   75.116205632
    4.159093392   63.943150369   97.804341208
    4.161567476   64.210109405  116.019569651
    4.164041559   64.500267014  121.106671541
    4.166515643   64.792879821  113.759438886
    4.168989726   65.069507784  108.959651440
    4.171463810   65.334592964  103.322280340
    4.173937893   65.591800981  106.940894596
    4.176411977   65.863317764  112.708189536
    4.178886060   66.155890936  123.755747022
    4.181360144   66.479152036  136.506889754
    4.183834227   66.820263186  141.270481991
    4.186308311   67.183777077  150.672716832
    4.188782394   67.561005673  157.624774326
    4.191256478   67.977994893  179.732509217
    4.193730561   68.448615049  200.079239127
    4.196204645   68.941570096  194.393946195
    4.198678728   69.400385462  176.516782268
    4.201152812   69.813176709  158.606050280
    4.203626895   70.202483748  158.181525686
    4.206100979   70.616472302  178.863485665
    4.208575062   71.109492549  221.502490232
    4.211049145   71.686968339  244.119444752
    4.213523229   72.304152041  250.753385072
    4.215997312   72.930508026  255.340290509
    4.218471396   73.579843897  274.344784371
    4.220945479   74.295109026  302.335452278
    4.223419563   75.074103223  323.524543612
    4.225893646   75.879225975  323.735279031
    4.228367730   76.685279070  329.948960681
    4.230841813   77.523056020  346.025207923
    4.233315897   78.403150022  369.429749125
    4.235789980   79.352673950  396.448707847
    4.238264064   80.342580782  406.581238182
    4.240738147   81.351190006  407.289046578
    4.243212231   82.344226354  397.025495004
    4.245686314   83.309873509  383.161770278
    4.248160398   84.238591314  367.891216583
    4.250634481   85.117652907  340.454588223
    4.253108565   85.919029669  306.911505671
    4.255582648   86.640407369  280.698844194
    4.258056732   87.327013938  280.762023350
    4.260530815   88.033837565  295.055939993
    4.263004899   88.788829816  310.478477531
    4.265478982   89.566707843  317.850978669
    4.267953066   90.342550652  311.754403303
    4.270427149   91.117098369  316.552837245
    4.272901233   91.935711327  348.707559497
    4.275375316   92.852797654  391.464382180
    4.277849400   93.871653027  427.063961899
    4.280323483   94.951775184  441.580252021
    4.282797567   96.045656558  442.591999744
    4.285271650   97.160095669  464.047761442
    4.287745734   98.370905761  520.352027783
    4.290219817   99.753038893  598.733405268
    4.292693901  101.312790315  656.738014605
    4.295167984  102.976231649  683.249803764
    4.297642068  104.654794493  673.168044934
    4.300116151  106.301680808  661.116489623
    4.302590235  107.959407746  683.480441143
    4.305064318  109.705985454  729.232256336
    4.307538402  111.566512276  777.084833018
    4.310012485  113.530986816  806.986847649
    4.312486569  115.542541500  814.547471098
    4.314960652  117.565028653  825.577616736
    4.317434736  119.631885888  851.475882467
    4.319908819  121.793803383  900.971603206
    4.322382903  124.076423342  939.860745777
    4.324856986  126.429475842  960.611568909
    4.327331070  128.799246162  945.407252648
    4.329805153  131.107961756  917.766057926
    4.332279237  133.327675547  878.043614608
    4.334753320  135.481363795  865.557861615
    4.337227404  137.625437873  867.396225820
    4.339701487  139.788428093  881.541099537
    4.342175571  141.978815951  887.996379212
    4.344649654  144.179727833  896.174023806
    4.347123738  146.414565545  917.589332981
    4.349597821  148.738273917  966.869381002
    4.352071905  151.226106859 1042.635570937
    4.354545988  153.888945590 1104.253585417
    4.357020072  156.656943727 1129.117120671
    4.359494155  159.440526815 1113.684770424
    4.361968239  162.157767955 1078.929909011
    4.364442322  164.792619646 1055.776832155
    4.366916406  167.390283892 1044.008909269
    4.369390489  169.952149004 1024.441872669
    4.371864573  172.436480946  980.719349313
    4.374338656  174.810921062  935.775874464
    4.376812740  177.058699722  880.501848401
    4.379286823  179.192720070  842.397072194
    4.381760907  181.213993648  789.420359149
    4.384234990  183.075507499  709.423897710
    4.386709074  184.712554802  613.105917965
    4.389183157  186.136122114  544.015818836
    4.391657241  187.465772119  543.597843263
    4.394131324  188.870281979  596.040591328
    4.396605408  190.432823294  665.203211178
    4.399079491  192.131950985  698.654852916
    4.401553575  193.837720345  670.771204051
    4.404027658  195.422027523  607.334634231
    4.406501742  196.845657868  550.300670374
    4.408975825  198.182733280  541.025810102
    4.411449909  199.570092126  587.167431919
    4.413923992  201.106788951  657.021280447
    4.416398076  202.802415230  704.257309001
    4.418872159  204.548987578  700.480655000
    4.421346243  206.243586270  663.680473781
    4.423820326  207.849720007  634.411726992
    4.426294410  209.426276015  650.242215326
    4.428768493  211.085528741  693.358192641
    4.431242577  212.852849224  729.652939716
    4.433716660  214.640879709  707.040169501
    4.436190744  216.304448026  637.869835224
    4.438664827  217.833281232  608.351507186
    4.441138911  219.414915689  686.084114581
    4.443612994  221.294202143  838.181715656
    4.446087078  223.573061927  993.367615533
    4.448561161  226.125017049 1045.223668670
    4.451035245  228.638867372  968.390235465
    4.453509328  230.853471173  814.894515089
    4.455983412  232.692756616  681.107813294
    4.458457495  234.308085676  645.858380418
    4.460931579  235.970981874  714.591834484
    4.463405662  237.897897958  854.270730483
    4.465879746  240.212852768 1012.750686353
    4.468353829  242.874681782 1125.799038844
    4.470827913  245.709063334 1144.749213500
    4.473301996  248.461470496 1063.104631441
    4.475776080  250.931032196  930.368477475
    4.478250163  253.077815947  816.854200821
    4.480724247  255.047432413  788.354984428
    4.483198330  257.047311158  838.413977541
    4.485672414  259.226011427  927.199538035
    4.488146497  261.619234679 1001.565059568
    4.490620581  264.140062947 1026.110026170
    4.493094664  266.663137564 1008.602746803
    4.495568748  269.116913218  976.494862100
    4.498042831  271.509514558  962.466750653
    4.500516915  273.920429349  994.110582973
    4.502990998  276.455261996 1057.989669449
    4.505465082  279.160849482 1123.129464242
    4.507939165  281.970233785 1134.869295201
    4.510413249  284.689931142 1047.689228916
    4.512887332  287.076448931  870.585169234
    4.515361416  288.954578385  644.133209923
    4.517835499  290.264987983  418.974174123
    4.520309583  291.071712547  240.900812039
    4.522783666  291.512314207  124.259357806
    4.525257750  291.724705310   54.666454264
    4.527731833  291.811300143   20.444831310
    4.530205917  291.841726679    5.100436690
    4.532680000  291.848337508   -0.000000000
