#! FIELDS Ox_rho file.free der_Ox_rho
#! SET min_Ox_rho -0.0245818
#! SET max_Ox_rho 4.53268
#! SET nbins_Ox_rho  1843
#! SET periodic_Ox_rho false
   -0.024581800  291.848337505   -0.049443767
   -0.022107717  291.716462773 -169.008780647
   -0.019633633  290.822025709 -610.196360172
   -0.017159550  288.273529090 -1570.457016277
   -0.014685466  282.277508228 -3469.310957162
   -0.012211383  270.027005109 -6664.076049611
   -0.009737299  248.238812932 -11118.368538252
   -0.007263216  214.616971451 -16015.528343239
   -0.004789132  169.951412575 -19741.630868320
   -0.002315049  119.336106142 -20585.325365699
    0.000159035   71.159382092 -17777.088667802
    0.002633118   33.673163147 -12234.436450468
    0.005107202   11.060388668 -6160.641887860
    0.007581285    1.822813661 -1700.475122150
    0.010055369    0.554380689  275.317675637
    0.012529452    1.621238624  379.333599233
    0.015003536    1.934301278 -140.520339186
    0.017477619    1.169797924 -402.542088034
    0.019951703    0.287915825 -258.105165197
    0.022425786    0.000000000   19.958270043
    0.024899870    0.265557568  163.570093609
    0.027373953    0.585847189   61.583001392
    0.029848037    0.636703377  -11.356069892
    0.032322120    0.585242358  -24.068007435
    0.034796204    0.554350959    3.289195535
    0.037270287    0.603319858   33.239751078
    0.039744371    0.698829796   42.827274786
    0.042218454    0.799573991   45.687224039
    0.044692538    0.932545425   64.541876624
    0.047166621    1.118849171   86.815826347
    0.049640705    1.366445669  113.453376475
    0.052114788    1.681997439  137.855413838
    0.054588872    2.051904999  160.055634921
    0.057062955    2.476196399  183.180560804
    0.059537039    2.953230025  204.319934760
    0.062011122    3.513825485  255.100184762
    0.064485206    4.241739760  334.178827576
    0.066959289    5.213918889  455.651571359
    0.069433373    6.504195278  589.512708768
    0.071907456    8.106045181  698.309171220
    0.074381540    9.902596856  745.874995301
    0.076855623   11.743994183  734.126966102
    0.079329707   13.497911210  678.232293516
    0.081803790   15.094030530  606.679772984
    0.084277874   16.490233401  520.976505892
    0.086751957   17.663519050  430.382342631
    0.089226041   18.633954374  364.924452097
    0.091700124   19.509338406  356.762338348
    0.094174208   20.451894211  415.679114128
    0.096648291   21.594973700  514.652903174
    0.099122375   22.995968286  619.427522407
    0.101596458   24.635637688  700.656210944
    0.104070542   26.440191071  752.525045987
    0.106544625   28.333673736  772.158885309
    0.109018709   30.219436218  745.199317870
    0.111492792   31.986378902  675.360740774
    0.113966876   33.522695110  564.574793175
    0.116440959   34.782723545  459.786066293
    0.118915043   35.819488687  385.645727526
    0.121389126   36.717012560  341.675472803
    0.123863210   37.517675450  307.734102758
    0.126337293   38.231029452  267.248329384
    0.128811377   38.854378402  242.250650246
    0.131285460   39.453719722  248.605896677
    0.133759544   40.109673416  286.961261540
    0.136233627   40.880632820  337.680697545
    0.138707711   41.769448241  381.378156271
    0.141181794   42.756131183  413.532132019
    0.143655878   43.808533847  439.164137056
    0.146129961   44.913672543  449.304904850
    0.148604045   46.015939675  437.447575805
    0.151078128   47.045007956  392.045277413
    0.153552212   47.951692480  338.583990389
    0.156026295   48.730854175  294.108059114
    0.158500379   49.432882696  276.084879935
    0.160974462   50.102586714  262.066942221
    0.163448546   50.722621518  239.159651527
    0.165922629   51.278978393  213.513630290
    0.168396713   51.777073977  193.419718154
    0.170870796   52.254795956  193.532754632
    0.173344880   52.747211189  202.614090283
    0.175818963   53.237468425  185.599751407
    0.178293047   53.646435838  143.176180273
    0.180767130   53.941756902   97.422148942
    0.183241214   54.152503340   81.642999862
    0.185715297   54.369280121   96.612149373
    0.188189381   54.630706364  110.958193727
    0.190663464   54.900003169  102.458411594
    0.193137548   55.131701325   83.074987644
    0.195611631   55.315732024   68.601557087
    0.198085715   55.512833966   91.231124909
    0.200559798   55.768690615  117.062508420
    0.203033882   56.073589030  122.099268087
    0.205507965   56.340107680   91.006261174
    0.207982049   56.509582146   50.444655487
    0.210456132   56.610482353   36.153005240
    0.212930216   56.748801352   83.260047815
    0.215404299   57.039602834  155.626984306
    0.217878383   57.498074009  209.873801669
    0.220352466   58.051360029  229.775262160
    0.222826550   58.602205298  207.446248039
    0.225300633   59.072968717  171.372754474
    0.227774717   59.479094829  159.505922748
    0.230248800   59.904487183  187.104730717
    0.232722884   60.412223075  224.376997142
    0.235196967   60.991953245  236.571143065
    0.237671051   61.556521728  216.462145257
    0.240145134   62.038431084  173.566419879
    0.242619218   62.430072772  141.680312492
    0.245093301   62.768040259  134.199001235
    0.247567385   63.116829603  145.051263351
    0.250041468   63.482989162  151.472767089
    0.252515552   63.867144254  157.718548947
    0.254989635   64.262101759  164.225892534
    0.257463719   64.668307928  165.947468290
    0.259937802   65.062631347  147.925923716
    0.262411886   65.406081476  124.396577946
    0.264885969   65.680912193  102.435493979
    0.267360053   65.936031859  109.608270354
    0.269834136   66.244076084  140.672130255
    0.272308220   66.618600455  155.144709507
    0.274782303   66.971914330  122.988774663
    0.277256387   67.205079919   56.121378410
    0.279730470   67.285014120    7.806739896
    0.282204554   67.286721676   -0.359475799
    0.284678637   67.318663333   31.082270641
    0.287152721   67.444504642   67.925461883
    0.289626804   67.611627447   58.710726716
    0.292100888   67.714368052   18.075693340
    0.294574971   67.694395786  -30.839773354
    0.297049055   67.598932135  -41.640407218
    0.299523138   67.506067681  -29.697592326
    0.301997221   67.469323186   -4.207258600
    0.304471305   67.466224867   -4.981797859
    0.306945388   67.400968291  -50.653030142
    0.309419472   67.192460294 -114.746458184
    0.311893555   66.856929004 -150.068211394
    0.314367639   66.487341095 -137.668771158
    0.316841722   66.194189189  -96.915891128
    0.319315806   66.001501193  -63.016579511
    0.321789889   65.860007254  -59.136704263
    0.324263973   65.684614074  -83.425114548
    0.326738056   65.442769825 -116.190982211
    0.329212140   65.135314573 -133.056027671
    0.331686223   64.809732808 -129.280932698
    0.334160307   64.516822673 -106.759970909
    0.336634390   64.290031268  -78.454507658
    0.339108474   64.130909679  -48.931626237
    0.341582557   64.042905229  -22.936017588
    0.344056641   64.003707997   -7.517555965
    0.346530724   63.996991019   -0.421656944
    0.349004808   63.979313840  -13.736270642
    0.351478891   63.941280886  -17.917926478
    0.353952975   63.880341232  -28.573953198
    0.356427058   63.804257892  -34.225457706
    0.358901142   63.729137076  -22.854092328
    0.361375225   63.672460291  -18.403115192
    0.363849309   63.642717266   -6.726712348
    0.366323392   63.634318441   -0.521848061
    0.368797476   63.656951981   15.757629948
    0.371271559   63.713711663   27.699846408
    0.373745643   63.808244031   48.647312027
    0.376219726   63.943344707   53.439545628
    0.378693810   64.073260912   48.995629642
    0.381167893   64.182904956   38.566107941
    0.383641977   64.270869251   33.724560926
    0.386116060   64.360301413   38.515656526
    0.388590144   64.478275962   57.302509317
    0.391064227   64.634042465   69.304103756
    0.393538311   64.832455508   93.146105009
    0.396012394   65.090816965  113.371771644
    0.398486478   65.387301730  123.678969230
    0.400960561   65.670197299  101.974116882
    0.403434645   65.881526662   67.438796685
    0.405908728   66.015180188   41.689095110
    0.408382812   66.129002883   55.778540605
    0.410856895   66.298627322   86.463675535
    0.413330979   66.555519114  111.859956905
    0.415805062   66.830376937  101.882376974
    0.418279146   67.031908307   55.581355478
    0.420753229   67.120205478   24.410276383
    0.423227313   67.201206328   48.332462562
    0.425701396   67.377106567   94.008514313
    0.428175480   67.650866355  122.766218273
    0.430649563   67.951828305  114.620093735
    0.433123647   68.202891515   85.276015795
    0.435597730   68.391456503   71.299802005
    0.438071814   68.576341052   80.042307949
    0.440545897   68.808011951  109.051811787
    0.443019981   69.107865467  129.311891292
    0.445494064   69.427460351  127.614027068
    0.447968148   69.730582284  114.028530859
    0.450442231   69.978334201   87.807027702
    0.452916315   70.184979162   79.413248213
    0.455390398   70.384483029   88.199002071
    0.457864482   70.625229306  113.420556100
    0.460338565   70.959775370  155.504864560
    0.462812649   71.375205141  178.786914774
    0.465286732   71.822544092  178.743398481
    0.467760816   72.243739062  161.487109270
    0.470234899   72.617114083  140.956898199
    0.472708983   72.939864001  119.553321600
    0.475183066   73.216610265  104.474114832
    0.477657150   73.474907919  106.540534625
    0.480131233   73.757669809  124.860007423
    0.482605317   74.085275302  140.841180085
    0.485079400   74.461782543  157.237031386
    0.487553484   74.862551212  160.532349092
    0.490027567   75.259011589  158.388538949
    0.492501651   75.633675369  145.833760332
    0.494975734   76.000793491  153.682209824
    0.497449818   76.383659585  155.415310723
    0.499923901   76.753900230  141.890164268
    0.502397985   77.079253653  116.442297726
    0.504872068   77.315856732   75.865171208
    0.507346152   77.476424127   61.949466472
    0.509820235   77.634452219   68.285314762
    0.512294319   77.822394409   87.049315674
    0.514768402   78.055696338   97.704083529
    0.517242486   78.301866660  100.646481476
    0.519716569   78.551047411  104.364259553
    0.522190653   78.811824095  104.386621782
    0.524664736   79.084356094  113.066269206
    0.527138820   79.366181226  110.409729777
    0.529612903   79.616698574   88.610153595
    0.532086987   79.794919686   59.501880701
    0.534561070   79.925340249   44.845424161
    0.537035154   80.029110053   37.361015355
    0.539509237   80.128710832   41.564767676
    0.541983321   80.224182088   33.059489100
    0.544457404   80.292055398   19.509343855
    0.546931488   80.325157714   10.881636993
    0.549405571   80.361540732   25.662335301
    0.551879655   80.460859856   57.446249358
    0.554353738   80.651810657   97.881759286
    0.556827822   80.945360253  135.801956120
    0.559301905   81.290294498  133.321880611
    0.561775989   81.577088710   96.448289070
    0.564250072   81.755689667   45.406258043
    0.566724156   81.819725308    9.569792481
    0.569198239   81.840305452   11.077135719
    0.571672323   81.864627676    9.109312443
    0.574146406   81.891238782    9.124292034
    0.576620490   81.876684264  -21.309442333
    0.579094573   81.774783665  -60.556913209
    0.581568657   81.593877800  -75.146395677
    0.584042740   81.424523049  -62.208945606
    0.586516824   81.291117051  -45.869236026
    0.588990907   81.198334775  -36.575429393
    0.591464991   81.079389302  -63.078112297
    0.593939074   80.883008765  -94.620835252
    0.596413158   80.615496690 -119.371281322
    0.598887241   80.303616556 -129.286711971
    0.601361325   79.981023255 -132.062936034
    0.603835408   79.659326259 -126.439048711
    0.606309492   79.344298123 -130.048430889
    0.608783575   79.027470791 -124.199261439
    0.611257659   78.742862339 -100.112583865
    0.613731742   78.522847946  -80.163727395
    0.616205826   78.340630945  -70.681508041
    0.618679909   78.160950440  -79.598517381
    0.621153993   77.929143335 -107.142607300
    0.623628076   77.637068150 -126.439156192
    0.626102160   77.316510902 -126.178858125
    0.628576243   77.022940432 -105.328793612
    0.631050326   76.802559722  -69.816491870
    0.633524410   76.673345133  -42.333597224
    0.635998493   76.590685769  -27.631876703
    0.638472577   76.527641089  -27.849307729
    0.640946660   76.453489963  -33.263220049
    0.643420744   76.375957109  -26.327849487
    0.645894827   76.306861713  -28.531635999
    0.648368911   76.244605876  -21.154890199
    0.650842994   76.204826159  -11.191365694
    0.653317078   76.195354652    3.037832666
    0.655791161   76.211871711   12.500728266
    0.658265245   76.258748101   25.698604173
    0.660739328   76.316567448   19.360389260
    0.663213412   76.342847060   -0.252383128
    0.665687495   76.318071871  -19.363138366
    0.668161579   76.248828689  -32.812671058
    0.670635662   76.182713662  -19.750280738
    0.673109746   76.158667588    1.175849477
    0.675583829   76.199710979   31.964031313
    0.678057913   76.306310371   51.890851428
    0.680531996   76.447267800   63.693096477
    0.683006080   76.606692554   63.969794237
    0.685480163   76.762896651   60.838383126
    0.687954247   76.902964840   54.160160776
    0.690428330   77.026749695   45.824038161
    0.692902414   77.142692942   42.267450680
    0.695376497   77.224539132   24.300117833
    0.697850581   77.266640861    9.258504751
    0.700324664   77.279985392    4.036401438
    0.702798748   77.290949816    7.233723915
    0.705272831   77.322871136   17.961061049
    0.707746915   77.358143601   14.208514481
    0.710220998   77.385152487    5.542496211
    0.712695082   77.385402378   -4.047338538
    0.715169165   77.371071787   -6.721880956
    0.717643249   77.345890320  -11.977908917
    0.720117332   77.307203634  -19.018616176
    0.722591416   77.243883811  -32.271306734
    0.725065499   77.155790326  -37.391003601
    0.727539583   77.066203052  -39.165662439
    0.730013666   76.974429734  -35.520273602
    0.732487750   76.874971044  -44.738679586
    0.734961833   76.755077975  -53.662340370
    0.737435917   76.598880898  -69.119904858
    0.739910000   76.417248930  -71.940364534
    0.742384084   76.246512756  -66.101707588
    0.744858167   76.095514088  -57.005750979
    0.747332251   75.962745523  -51.298261144
    0.749806334   75.833292221  -51.745170201
    0.752280418   75.707681250  -46.798484198
    0.754754501   75.608278604  -36.441268024
    0.757228585   75.543703512  -11.488341407
    0.759702668   75.537869142    1.504604411
    0.762176752   75.556133083   11.644135556
    0.764650835   75.592483711   18.010872515
    0.767124919   75.630124085   16.594146810
    0.769599002   75.672249666   20.202024301
    0.772073086   75.723015490   18.386217242
    0.774547169   75.762202420   15.097934325
    0.777021253   75.794289252    7.123805536
    0.779495336   75.795347374   -9.115037643
    0.781969420   75.742610588  -33.084990434
    0.784443503   75.649987923  -40.416009004
    0.786917587   75.550290643  -33.032832117
    0.789391670   75.510283991    2.702101359
    0.791865754   75.549819668   26.308087314
    0.794339837   75.607116039   11.906319884
    0.796813921   75.598581416  -20.071909477
    0.799288004   75.502750019  -52.857077389
    0.801762088   75.383581148  -35.530223729
    0.804236171   75.343108313    1.230921801
    0.806710255   75.397911063   37.159385143
    0.809184338   75.483978167   25.987078895
    0.811658422   75.512391433   -6.748708870
    0.814132505   75.455414460  -33.744874285
    0.816606589   75.369482158  -29.387524561
    0.819080672   75.321350227   -7.805191206
    0.821554756   75.331314588   10.954740034
    0.824028839   75.349706344    4.250734299
    0.826502923   75.341655522  -10.260436488
    0.828977006   75.301847481  -17.722631586
    0.831451090   75.265760504   -8.771705745
    0.833925173   75.271239727    9.712216414
    0.836399257   75.301056678   10.055125494
    0.838873340   75.305951625   -8.113684147
    0.841347424   75.247089508  -37.664750221
    0.843821507   75.136071617  -47.705097896
    0.846295591   75.045390759  -24.658927508
    0.848769674   75.014096655    2.272992967
    0.851243758   75.046933674   23.676893753
    0.853717841   75.092706561   10.981322776
    0.856191925   75.084844140  -19.025280862
    0.858666008   75.018716356  -33.362919661
    0.861140092   74.955621141  -13.092398973
    0.863614175   74.970828655   24.698644665
    0.866088259   75.058509140   39.506653830
    0.868562342   75.126325747    9.567471215
    0.871036426   75.094119854  -39.707216108
    0.873510509   74.954777134  -62.819852142
    0.875984593   74.822010209  -35.212301767
    0.878458676   74.795775487   15.552342475
    0.880932760   74.887882160   52.951111733
    0.883406843   75.024884881   48.196537257
    0.885880927   75.105075457   16.392618233
    0.888355010   75.128571905    6.719463704
    0.890829094   75.161596680   24.589424808
    0.893303177   75.256188031   55.443935545
    0.895777261   75.411163651   59.125414267
    0.898251344   75.529105759   29.843180942
    0.900725428   75.563174937    5.369168114
    0.903199511   75.571533999   10.206437075
    0.905673595   75.645462345   54.118019331
    0.908147678   75.855090314  108.508331862
    0.910621762   76.150149975  120.238130729
    0.913095845   76.410641168   83.889125129
    0.915569929   76.548050305   29.798720894
    0.918044012   76.578936357    0.217243329
    0.920518096   76.603334302   22.083075040
    0.922992179   76.712235090   66.266864212
    0.925466263   76.901203891   82.752954393
    0.927940346   77.095267894   68.726049349
    0.930414430   77.238876476   47.885123072
    0.932888513   77.352808852   44.136545920
    0.935362597   77.483740555   62.645898603
    0.937836680   77.663206236   75.689136659
    0.940310764   77.844214708   66.524742371
    0.942784847   77.981541486   48.502026419
    0.945258931   78.080408903   34.567874810
    0.947733014   78.174718564   39.207681579
    0.950207098   78.296167965   58.847222066
    0.952681181   78.456778288   65.144173421
    0.955155264   78.608371709   53.300868079
    0.957629348   78.730841636   46.029739668
    0.960103431   78.834019466   43.502042679
    0.962577515   78.948028779   46.885419061
    0.965051598   79.057600934   37.282321917
    0.967525682   79.120436526    8.738014757
    0.969999765   79.129129754   -1.300215051
    0.972473849   79.116585282   -2.489960179
    0.974947932   79.132362176   16.058316114
    0.977422016   79.190292966   28.211360749
    0.979896099   79.261085296   27.602455428
    0.982370183   79.310244988    9.224460179
    0.984844266   79.321661557    0.320516776
    0.987318350   79.326792360    6.991223447
    0.989792433   79.370123804   29.915588620
    0.992266517   79.469747701   54.198033675
    0.994740600   79.620453447   61.556106193
    0.997214684   79.740360095   32.566584778
    0.999688767   79.778812480    0.116732415
    1.002162851   79.751953005  -20.419293558
    1.004636934   79.707233284  -13.497518300
    1.007111018   79.715289799   20.755031736
    1.009585101   79.793477568   44.228531682
    1.012059185   79.906920251   43.942003412
    1.014533268   80.000876601   28.851916995
    1.017007352   80.055544457   10.997969276
    1.019481435   80.086441664   15.612805156
    1.021955519   80.139454123   29.786963827
    1.024429602   80.238546189   45.221590524
    1.026903686   80.360749510   52.422779340
    1.029377769   80.469233695   31.645359719
    1.031851853   80.504191069   -5.834535865
    1.034325936   80.447771191  -36.780004467
    1.036800020   80.336298613  -48.707002078
    1.039274103   80.243013150  -24.971058673
    1.041748187   80.216968132    7.989085332
    1.044222270   80.263341171   22.555131531
    1.046696354   80.309700077   14.251610452
    1.049170437   80.325787989    0.633200109
    1.051644521   80.314065308   -5.761759099
    1.054118604   80.318955811   10.128997146
    1.056592688   80.365835734   27.233719252
    1.059066771   80.442727861   33.626473634
    1.061540855   80.505063504   18.895644647
    1.064014938   80.531586140    3.648423467
    1.066489022   80.531225017   -5.370990175
    1.068963105   80.518833541   -3.376160678
    1.071437189   80.511914664   -6.844869968
    1.073911272   80.495969520   -7.177096782
    1.076385356   80.486335396   -0.544672440
    1.078859439   80.500284558   13.736641973
    1.081333523   80.555880195   31.372610250
    1.083807606   80.642390288   38.788931369
    1.086281690   80.738014416   35.412458592
    1.088755773   80.829475184   36.952186849
    1.091229857   80.931912651   49.024724614
    1.093703940   81.085902628   70.569366274
    1.096178024   81.261322884   68.812496443
    1.098652107   81.393004537   30.370180980
    1.101126191   81.393088955  -31.525752642
    1.103600274   81.270380757  -64.817373570
    1.106074358   81.120857708  -44.583384523
    1.108548441   81.074646139    8.138199893
    1.111022525   81.140502104   41.600361236
    1.113496608   81.241674612   33.320384735
    1.115970692   81.278349136   -4.064165847
    1.118444775   81.236677364  -23.495702531
    1.120918859   81.188253410  -11.126140435
    1.123392942   81.213110454   32.811514077
    1.125867026   81.333624968   59.983918896
    1.128341109   81.498376510   66.041571806
    1.130815193   81.634489002   43.774272047
    1.133289276   81.710527281   16.870575453
    1.135763360   81.745306396   12.355212368
    1.138237443   81.774030734   12.051743982
    1.140711527   81.798786677    7.954632195
    1.143185610   81.806254217   -6.503726148
    1.145659694   81.774944569  -16.539543046
    1.148133777   81.744521065   -9.943743614
    1.150607861   81.738258346    9.094625584
    1.153081944   81.785686672   23.890803291
    1.155556028   81.846517426   24.196363165
    1.158030111   81.890546266   13.653037801
    1.160504195   81.916109293   11.320010061
    1.162978278   81.976370764   42.606206928
    1.165452362   82.131043436   80.071565052
    1.167926445   82.341207088   78.270367993
    1.170400529   82.478945672   27.271290205
    1.172874612   82.473012755  -26.282313477
    1.175348696   82.376934392  -41.167065294
    1.177822779   82.330571852    9.823377405
    1.180296863   82.419104145   58.848004034
    1.182770946   82.588966535   67.847709203
    1.185245030   82.724246178   33.499628903
    1.187719113   82.739413467  -15.608662233
    1.190193197   82.684504894  -19.703431599
    1.192667280   82.677643089   15.891199227
    1.195141364   82.773572760   54.366208136
    1.197615447   82.921179696   57.035177439
    1.200089531   83.032579822   30.509852597
    1.202563614   83.072301968    5.350568101
    1.205037698   83.087003196   13.536428172
    1.207511781   83.151740869   37.420104211
    1.209985865   83.246225255   36.207488927
    1.212459948   83.313441065   14.560917051
    1.214934032   83.296394389  -25.233842202
    1.217408115   83.204616265  -41.206220888
    1.219882199   83.136784912   -5.246050951
    1.222356282   83.178698200   37.879943339
    1.224830366   83.294452120   50.317298423
    1.227304449   83.397559210   26.278488430
    1.229778533   83.397692548  -21.461391034
    1.232252616   83.318324658  -37.605396841
    1.234726700   83.238501718  -24.999681939
    1.237200783   83.206383503    0.224943807
    1.239674867   83.237026194   19.362718481
    1.242148950   83.296152389   23.666167935
    1.244623034   83.352851961   22.151359792
    1.247097117   83.405951172   23.402143174
    1.249571201   83.470296695   27.985325891
    1.252045284   83.555546641   35.775840974
    1.254519368   83.643499830   33.339704672
    1.256993451   83.704309020   13.310027023
    1.259467535   83.723515441    3.865169672
    1.261941618   83.718774613   -7.276411270
    1.264415702   83.682550812  -18.424182643
    1.266889785   83.635590498  -17.710644708
    1.269363869   83.607026108   -4.607116539
    1.271837952   83.605288226    7.278117380
    1.274312036   83.639456581   20.631386777
    1.276786119   83.693985247   19.394093616
    1.279260202   83.714322797   -1.173008737
    1.281734286   83.699098570   -5.032151305
    1.284208369   83.698016899    3.949699452
    1.286682453   83.734456691   27.177184735
    1.289156536   83.818232209   34.829119117
    1.291630620   83.896896732   26.582358883
    1.294104703   83.931775183    3.912762350
    1.296578787   83.913709122  -13.029641351
    1.299052870   83.881127796   -7.886473870
    1.301526954   83.876563326   -0.090230083
    1.304001037   83.883974306    4.875182723
    1.306475121   83.885565275   -7.617089293
    1.308949204   83.878192872    0.944767658
    1.311423288   83.900996096   20.183192887
    1.313897371   83.975881986   43.014631175
    1.316371455   84.100880431   52.469748855
    1.318845538   84.209157438   27.182638951
    1.321319622   84.237938489   -2.172356526
    1.323793705   84.208568520  -19.253546174
    1.326267789   84.167750597  -10.987549340
    1.328741872   84.160796929   10.457396457
    1.331215956   84.221793576   35.913486395
    1.333690039   84.321821732   42.336607312
    1.336164123   84.415525628   29.831528772
    1.338638206   84.463453467   11.903798042
    1.341112290   84.476924176    3.459095986
    1.343586373   84.471061807   -2.883779709
    1.346060457   84.466461749    3.119912939
    1.348534540   84.494787187   22.486082471
    1.351008624   84.580237721   44.715107122
    1.353482707   84.721334030   67.533519565
    1.355956791   84.892572846   63.033646567
    1.358430874   85.035655615   50.240333267
    1.360904958   85.125151730   17.836829353
    1.363379041   85.135788994   -7.093720631
    1.365853125   85.097188977  -22.974588287
    1.368327208   85.028537929  -29.629496559
    1.370801292   84.959918362  -25.033254395
    1.373275375   84.913866320  -14.794958181
    1.375749459   84.902709166    3.710777246
    1.378223542   84.932739512   18.927161473
    1.380697626   84.977013682   12.559373155
    1.383171709   85.001095371    4.369247882
    1.385645793   84.989788825  -17.089016074
    1.388119876   84.933817732  -22.177126700
    1.390593960   84.890557573   -7.765328613
    1.393068043   84.894492419   12.978840271
    1.395542127   84.956176088   33.978989020
    1.398016210   85.049227834   38.845503563
    1.400490294   85.153298087   44.800852435
    1.402964377   85.277482236   54.750547405
    1.405438461   85.423065670   59.116558119
    1.407912544   85.570930213   57.015023327
    1.410386628   85.684219401   29.179477909
    1.412860711   85.718075251   -3.885011288
    1.415334795   85.666649673  -31.756760033
    1.417808878   85.584997098  -30.005406352
    1.420282962   85.532444283   -8.865898664
    1.422757045   85.546196155   17.490918995
    1.425231129   85.615236514   34.645054591
    1.427705212   85.702716318   33.112971141
    1.430179296   85.780914931   27.266893566
    1.432653379   85.846738136   26.919169777
    1.435127463   85.905270742   15.538714121
    1.437601546   85.913098140   -5.583320969
    1.440075630   85.881002825  -21.245372017
    1.442549713   85.818652130  -26.837093747
    1.445023797   85.767521544  -15.923520228
    1.447497880   85.739020784   -6.756347656
    1.449971964   85.739429493    3.248399066
    1.452446047   85.746614977    2.484271690
    1.454920131   85.743615332   -0.846575121
    1.457394214   85.760945160   17.674834344
    1.459868298   85.854443652   56.110260022
    1.462342381   86.023455129   76.369313318
    1.464816465   86.202202421   64.399059320
    1.467290548   86.319546299   31.919770838
    1.469764632   86.367894302   10.954117529
    1.472238715   86.398696364   17.724826414
    1.474712799   86.478117478   44.718664937
    1.477186882   86.592168606   39.991778682
    1.479660966   86.648609242   -1.709455820
    1.482135049   86.586076391  -46.997728683
    1.484609133   86.434944693  -65.267158523
    1.487083216   86.291923278  -43.315234320
    1.489557300   86.243610150    2.695895645
    1.492031383   86.299517729   37.904349410
    1.494505467   86.399942113   37.101302457
    1.496979550   86.459271757    8.716211815
    1.499453634   86.463946129   -4.719577019
    1.501927717   86.457198033    3.471059801
    1.504401801   86.477711350   14.926420239
    1.506875884   86.512322699   12.210669054
    1.509349968   86.545781350    9.458629952
    1.511824051   86.555427170    0.514806159
    1.514298135   86.555678744   -0.889302606
    1.516772218   86.555602874    5.497731623
    1.519246302   86.580271713   13.138695108
    1.521720385   86.638148243   35.589435026
    1.524194469   86.746999967   47.078643922
    1.526668552   86.858784091   36.365810033
    1.529142636   86.930760476   20.737018610
    1.531616719   86.977902610   15.883695543
    1.534090803   87.015439072   20.877675010
    1.536564886   87.065401328   18.413780447
    1.539038970   87.115951888   21.518674962
    1.541513053   87.178834854   27.942376016
    1.543987137   87.265470109   41.306476271
    1.546461220   87.382886072   51.616477250
    1.548935304   87.507952818   48.046460065
    1.551409387   87.602468661   27.083628255
    1.553883471   87.619758703  -11.721006698
    1.556357554   87.557716973  -30.721449494
    1.558831638   87.497412070  -15.645219673
    1.561305721   87.491792677   12.201480744
    1.563779805   87.554887027   33.085358720
    1.566253888   87.647478112   39.175444439
    1.568727972   87.742217812   33.405245013
    1.571202055   87.825757355   34.804587648
    1.573676139   87.908259784   30.377512382
    1.576150222   87.983912993   26.020432793
    1.578624306   88.050199143   23.886888229
    1.581098389   88.109883603   26.647724814
    1.583572473   88.177251160   34.391994844
    1.586046556   88.265497055   37.285649221
    1.588520640   88.350197054   25.086799911
    1.590994723   88.388265503    1.705329531
    1.593468807   88.360611652  -22.647922000
    1.595942890   88.273776712  -39.899719848
    1.598416974   88.188586267  -24.845647087
    1.600891057   88.180720498   19.028444258
    1.603365140   88.264254488   46.765632965
    1.605839224   88.388821532   47.166073341
    1.608313307   88.462950268    9.657747370
    1.610787391   88.431471399  -32.907777063
    1.613261474   88.328327906  -43.596300143
    1.615735558   88.245042384  -24.405156155
    1.618209641   88.218625311    2.783032005
    1.620683725   88.229711219    2.348767027
    1.623157808   88.212309302  -17.240842452
    1.625631892   88.152819508  -30.379988629
    1.628105975   88.090477745  -15.752326067
    1.630580059   88.101181437   27.166086155
    1.633054142   88.217849029   62.897361621
    1.635528226   88.382048041   63.466534621
    1.638002309   88.501396617   28.348601716
    1.640476393   88.535505561    3.195353832
    1.642950476   88.531128788   -3.221416322
    1.645424560   88.523223515    1.400343448
    1.647898643   88.535041493    2.821054229
    1.650372727   88.537506983   -4.771131020
    1.652846810   88.516012619  -13.961934924
    1.655320894   88.492534374   -4.943978168
    1.657794977   88.510981178   24.761760695
    1.660269061   88.608880095   51.308286743
    1.662743144   88.740308414   52.502796156
    1.665217228   88.838607701   21.411393259
    1.667691311   88.854130121   -4.009255136
    1.670165395   88.815396876  -22.064890238
    1.672639478   88.780609863   -3.734354110
    1.675113562   88.815531159   32.109878730
    1.677587645   88.933485716   64.606798831
    1.680061729   89.123484924   81.277450329
    1.682535812   89.322165007   74.521861009
    1.685009896   89.470228970   41.076055648
    1.687483979   89.520486628    2.059333894
    1.689958063   89.492784730  -21.213410575
    1.692432146   89.423079768  -29.562385297
    1.694906230   89.352812523  -21.488858021
    1.697380313   89.326918941   -1.831477831
    1.699854397   89.349158413   20.156888502
    1.702328480   89.418365304   30.524278363
    1.704802564   89.492905712   23.481135622
    1.707276647   89.528112079   -1.133736280
    1.709750731   89.480970681  -37.009384533
    1.712224814   89.352232924  -61.020903536
    1.714698898   89.201078691  -54.242062201
    1.717172981   89.109723738  -17.243240198
    1.719647065   89.105402298    9.530915596
    1.722121148   89.133516270    8.551037566
    1.724595232   89.132366990   -7.863735036
    1.727069315   89.096771720  -11.251763705
    1.729543399   89.094081574    9.460332797
    1.732017482   89.161052145   39.569368646
    1.734491566   89.264842028   34.229743231
    1.736965649   89.304836437   -3.775135170
    1.739439733   89.235120566  -47.163632892
    1.741913816   89.103881937  -48.357548942
    1.744387900   89.033524736   -2.403466520
    1.746861983   89.087076591   41.692169397
    1.749336067   89.219760668   56.399470255
    1.751810150   89.327925851   25.628214093
    1.754284234   89.334116271  -16.972673217
    1.756758317   89.263815516  -37.018894478
    1.759232401   89.192878506  -16.374183517
    1.761706484   89.178060603    6.508940283
    1.764180568   89.192909305    6.029685775
    1.766654651   89.189423053   -6.719676229
    1.769128735   89.156591248  -17.498145868
    1.771602818   89.111436668  -12.543461158
    1.774076902   89.096786893    0.141251032
    1.776550985   89.106547111    3.772591736
    1.779025069   89.106951313   -6.832042704
    1.781499152   89.071287293  -27.621261862
    1.783973236   89.000898247  -29.294489484
    1.786447319   88.942340573  -11.869714482
    1.788921403   88.944826410   14.697232760
    1.791395486   88.990926754   19.092999361
    1.793869570   89.021918560   -0.639625319
    1.796343653   88.975001045  -33.177130945
    1.798817737   88.894278386  -27.807182698
    1.801291820   88.856028099   -0.099694275
    1.803765904   88.895512502   29.748825913
    1.806239987   88.995216270   44.943266260
    1.808714071   89.098924289   34.386072446
    1.811188154   89.166810303   23.966665545
    1.813662238   89.214501063   20.520648606
    1.816136321   89.263611255   24.594811204
    1.818610405   89.316848666   14.570278224
    1.821084488   89.328476120   -3.416699106
    1.823558572   89.299882284  -20.062569543
    1.826032655   89.257426246  -14.107281839
    1.828506739   89.254394911    6.625135759
    1.830980822   89.287317190   14.627317201
    1.833454906   89.322961824   11.937852175
    1.835928989   89.339818614    4.543177145
    1.838403073   89.350774381    8.260898511
    1.840877156   89.377514498   10.670442989
    1.843351240   89.396850565    3.668284642
    1.845825323   89.382159114  -13.985811249
    1.848299407   89.344870395  -17.180948581
    1.850773490   89.298604549  -16.929427150
    1.853247574   89.278743032   -2.180544101
    1.855721657   89.297567387   11.888677037
    1.858195741   89.320480119    2.506298492
    1.860669824   89.304957413  -13.843336637
    1.863143908   89.255284661  -20.572186877
    1.865617991   89.207151771  -10.978945740
    1.868092075   89.190273291   -5.851549776
    1.870566158   89.176661324   -9.135279843
    1.873040242   89.149620021  -14.734619413
    1.875514325   89.112183962  -13.017093911
    1.877988409   89.105106890    8.220434206
    1.880462492   89.168331487   41.372235595
    1.882936576   89.302680252   63.038388931
    1.885410659   89.467987952   67.475402916
    1.887884743   89.622119981   57.023440018
    1.890358826   89.729287979   28.848640855
    1.892832910   89.764302337    2.923301474
    1.895306993   89.733905108  -26.888346905
    1.897781077   89.637812484  -47.619450300
    1.900255160   89.517386166  -44.217312096
    1.902729244   89.458186480   -6.557508914
    1.905203327   89.496359555   34.057521483
    1.907677411   89.602627514   39.868645202
    1.910151494   89.671424294   10.087224141
    1.912625578   89.646593799  -26.121758986
    1.915099661   89.548268456  -44.613076405
    1.917573745   89.453016965  -30.398446890
    1.920047828   89.410012386   -7.316241873
    1.922521912   89.408132258    1.276526274
    1.924995995   89.403575576   -3.702407674
    1.927470079   89.394852868    0.534580842
    1.929944162   89.419145566   21.015388149
    1.932418245   89.494318955   35.702989773
    1.934892329   89.579362041   28.038333215
    1.937366412   89.605420834  -10.368396134
    1.939840496   89.541519848  -39.602875251
    1.942314579   89.448137813  -27.212319423
    1.944788663   89.428082314   11.460307552
    1.947262746   89.505703158   50.105790580
    1.949736830   89.648963372   59.712130588
    1.952210913   89.787314268   44.535310780
    1.954684997   89.872665372   23.190184710
    1.957159080   89.914042602    9.759745137
    1.959633164   89.934488229    3.796683936
    1.962107247   89.943900867    3.028250667
    1.964581331   89.938408109   -4.972029763
    1.967055414   89.915304244  -14.501163424
    1.969529498   89.864514885  -25.931012218
    1.972003581   89.772768758  -41.973006211
    1.974477665   89.669220991  -42.054296801
    1.976951748   89.576215226  -30.754380948
    1.979425832   89.526794982   -8.730041003
    1.981899915   89.539893614   16.345710667
    1.984373999   89.605615786   31.573802745
    1.986848082   89.680159206   23.298493036
    1.989322166   89.728913122   11.244467670
    1.991796249   89.736243614   -3.221530723
    1.994270333   89.724399570   -7.733783870
    1.996744416   89.692846432  -15.535730897
    1.999218500   89.643063168  -26.412700562
    2.001692583   89.576486751  -28.463622941
    2.004166667   89.527822829   -9.229255649
    2.006640750   89.539414386   20.234467780
    2.009114834   89.617214621   38.558475686
    2.011588917   89.729476313   47.444652177
    2.014063001   89.843558285   41.843681592
    2.016537084   89.933349569   30.610685116
    2.019011168   89.991646444   15.441421739
    2.021485251   89.997523787   -6.537943623
    2.023959335   89.955389659  -29.942600840
    2.026433418   89.870961578  -37.718093385
    2.028907502   89.787421985  -28.661251079
    2.031381585   89.753044288    1.276283213
    2.033855669   89.792735326   28.575463109
    2.036329752   89.876525844   33.155562554
    2.038803836   89.941138801   17.668557509
    2.041277919   89.956748956   -1.377716781
    2.043752003   89.926601317  -22.372929837
    2.046226086   89.857450448  -30.644045672
    2.048700170   89.786052957  -26.803578055
    2.051174253   89.738244259  -15.276753912
    2.053648337   89.727338781    3.942891738
    2.056122420   89.754562374   16.966073851
    2.058596504   89.804155253   21.918445822
    2.061070587   89.871069774   28.687263284
    2.063544671   89.935149815   20.533565109
    2.066018754   89.976596024   12.693031053
    2.068492838   90.003063184    7.756987433
    2.070966921   90.025587864   11.872999961
    2.073441005   90.061759211   16.118435223
    2.075915088   90.121227051   29.582659597
    2.078389172   90.195077876   27.659960862
    2.080863255   90.257303445   23.347031833
    2.083337339   90.283602722   -0.643456485
    2.085811422   90.252583112  -25.499025966
    2.088285506   90.173595762  -37.398112176
    2.090759589   90.082160505  -33.320144727
    2.093233673   89.992996452  -34.678003323
    2.095707756   89.916589547  -27.867079915
    2.098181840   89.853911081  -22.719242037
    2.100655923   89.810716596  -18.676762079
    2.103130007   89.770767222  -14.456078380
    2.105604090   89.736918012  -14.534304902
    2.108078174   89.698805784  -13.705265107
    2.110552257   89.679390703   -0.703868853
    2.113026341   89.711317792   30.525453816
    2.115500424   89.832912216   65.014467273
    2.117974508   90.012024561   73.449592505
    2.120448591   90.168154488   51.678530541
    2.122922675   90.241956932   11.966269451
    2.125396758   90.239711345   -9.249208354
    2.127870842   90.225840688    3.044312211
    2.130344925   90.268202654   32.324302200
    2.132819009   90.357115480   33.840745275
    2.135293092   90.418111580   11.468210225
    2.137767176   90.400778058  -22.252400565
    2.140241259   90.329813328  -32.094168417
    2.142715343   90.256947459  -25.491475059
    2.145189426   90.211776949  -10.257782157
    2.147663510   90.189383353  -10.809502078
    2.150137593   90.152380014  -25.929019478
    2.152611677   90.094589446  -19.868569680
    2.155085760   90.063912877   -3.933210879
    2.157559844   90.081955391   20.948929866
    2.160033927   90.164630302   43.076073513
    2.162508011   90.286341954   49.985837005
    2.164982094   90.394565839   33.406120431
    2.167456178   90.440147487    2.645113588
    2.169930261   90.410809255  -22.661241248
    2.172404345   90.319275466  -44.583027324
    2.174878428   90.214986141  -37.999070478
    2.177352512   90.145658151  -17.680870557
    2.179826595   90.128995627    6.244167045
    2.182300679   90.164295178   18.473058261
    2.184774762   90.223172223   27.559231701
    2.187248846   90.298071620   36.005601800
    2.189722929   90.388239779   33.729789599
    2.192197013   90.469323017   27.542970283
    2.194671096   90.516305270    5.664159341
    2.197145180   90.485423122  -28.551574965
    2.199619263   90.380277317  -52.676969116
    2.202093347   90.267812728  -40.395991714
    2.204567430   90.207676448  -11.403614334
    2.207041514   90.217900645   15.283306819
    2.209515597   90.257331214   12.058394502
    2.211989681   90.248480712  -23.809280599
    2.214463764   90.139682172  -63.006435980
    2.216937848   89.964628313  -71.630264044
    2.219411931   89.809582338  -50.824054949
    2.221886015   89.716732100  -23.336282867
    2.224360098   89.694749275    0.805651122
    2.226834182   89.699921277    0.819353932
    2.229308265   89.712599235   11.571992703
    2.231782349   89.754995895   28.588340568
    2.234256432   89.850601842   46.814536633
    2.236730516   89.980198523   56.555598331
    2.239204599   90.101648518   41.073100413
    2.241678683   90.185732823   24.107461148
    2.244152766   90.217372875    1.147409936
    2.246626850   90.211916939   -3.067307188
    2.249100933   90.199448470   -4.964970108
    2.251575017   90.191984482   -6.125557971
    2.254049100   90.163534809  -15.448632537
    2.256523183   90.110121897  -29.901510727
    2.258997267   90.017142589  -42.469160382
    2.261471350   89.903983301  -46.222706773
    2.263945434   89.799773905  -38.504553108
    2.266419517   89.728698266  -19.069628990
    2.268893601   89.694366457  -13.612943255
    2.271367684   89.653425522  -21.372028411
    2.273841768   89.595415316  -26.064985938
    2.276315851   89.524706408  -29.467723940
    2.278789935   89.483275902    0.548092838
    2.281264018   89.523400632   34.738639130
    2.283738102   89.635635410   49.601098720
    2.286212185   89.751618414   44.780199723
    2.288686269   89.832340242   20.156914666
    2.291160352   89.866688485    8.671566092
    2.293634436   89.886439206   10.123841435
    2.296108519   89.934696078   28.407584436
    2.298582603   90.019519118   35.942227676
    2.301056686   90.099510727   27.912028498
    2.303530770   90.152172849   15.258657015
    2.306004853   90.165045516   -2.688489145
    2.308478937   90.143974957  -11.157403493
    2.310953020   90.097637603  -24.978128966
    2.313427104   90.008644103  -44.726207116
    2.315901187   89.889766556  -47.940947756
    2.318375271   89.799378713  -20.893045724
    2.320849354   89.797023430   17.662062169
    2.323323438   89.870747536   36.018238334
    2.325797521   89.942249476   13.917042220
    2.328271605   89.939036473  -15.069464830
    2.330745688   89.886421749  -19.527667153
    2.333219772   89.857777623    2.402368982
    2.335693855   89.901715161   33.141436659
    2.338167939   89.992129085   33.460155776
    2.340642022   90.045361389    7.499354880
    2.343116106   90.042183093   -3.260850216
    2.345590189   90.045841963   12.056699107
    2.348064273   90.116889873   40.856368124
    2.350538356   90.225481248   45.332463126
    2.353012440   90.295337999    3.719709232
    2.355486523   90.235115186  -44.604352164
    2.357960607   90.103207999  -52.706082786
    2.360434690   90.008660309  -17.654771382
    2.362908774   90.029284266   32.669600172
    2.365382857   90.138542897   47.555850724
    2.367856941   90.232110780   20.099337363
    2.370331024   90.219452072  -30.965539092
    2.372805108   90.104864115  -53.352085997
    2.375279191   89.985119066  -39.618798455
    2.377753275   89.931733793   -3.536453518
    2.380227358   89.960930711   24.330604559
    2.382701442   90.015017985   18.471535720
    2.385175525   90.032490136   -1.993628103
    2.387649609   90.014025833  -10.763388090
    2.390123692   89.993587406   -0.150040453
    2.392597776   90.029323613   29.768092135
    2.395071859   90.138961694   56.599014197
    2.397545943   90.292450598   61.126032118
    2.400020026   90.405562824   30.318047859
    2.402494110   90.422024895  -15.690808698
    2.404968193   90.352394246  -35.562954850
    2.407442277   90.262875381  -32.045048058
    2.409916360   90.201126897  -19.775883408
    2.412390444   90.171582218   -8.851472956
    2.414864527   90.152261089   -7.717241917
    2.417338611   90.134907358   -8.801355925
    2.419812694   90.115134366   -5.993897474
    2.422286778   90.106053282    1.455305879
    2.424760861   90.126898191   12.588624396
    2.427234945   90.158997142    8.658060283
    2.429709028   90.174151087    1.767181606
    2.432183112   90.163233624   -9.376903154
    2.434657195   90.149505679    0.351905293
    2.437131279   90.180462763   22.059674289
    2.439605362   90.261286333   38.807964127
    2.442079446   90.346611705   25.690345998
    2.444553529   90.384791508    1.812507672
    2.447027613   90.361898517  -17.016883474
    2.449501696   90.314245179  -17.214561643
    2.451975780   90.295936216    7.070731583
    2.454449863   90.340662345   27.800583738
    2.456923947   90.418210284   29.817398097
    2.459398030   90.478239131   15.119052544
    2.461872114   90.495915494    1.324815863
    2.464346197   90.507114760    9.085148924
    2.466820281   90.533293820    9.842581684
    2.469294364   90.555371816    8.179040757
    2.471768448   90.557508310   -5.350968748
    2.474242531   90.530357342  -18.145735310
    2.476716615   90.472462713  -26.936416077
    2.479190698   90.408535078  -28.235864832
    2.481664782   90.335920988  -32.621211919
    2.484138865   90.246100643  -44.740709693
    2.486612949   90.130908111  -45.556502660
    2.489087032   90.048840497  -22.895956433
    2.491561116   90.033294404   10.865238073
    2.494035199   90.084071818   26.980450224
    2.496509283   90.136898361   12.353692376
    2.498983366   90.133073740  -17.624570862
    2.501457450   90.071279109  -24.647622848
    2.503931533   90.016034934  -14.247162259
    2.506405617   90.018113379   11.856731417
    2.508879700   90.074941905   28.648533787
    2.511353784   90.141169949   18.951933603
    2.513827867   90.161907001   -5.985854872
    2.516301951   90.111815812  -28.413377552
    2.518776034   90.052898603  -12.622374777
    2.521250118   90.053285237   17.489522729
    2.523724201   90.135594033   45.676822918
    2.526198285   90.256404326   46.721393565
    2.528672368   90.353725331   27.848139030
    2.531146452   90.389426485    1.031140804
    2.533620535   90.375844998   -9.699153190
    2.536094619   90.360340897    0.666903982
    2.538568702   90.384211959   14.545608953
    2.541042786   90.424894142   12.845837517
    2.543516869   90.427035445  -12.526977725
    2.545990953   90.361626585  -37.896752595
    2.548465036   90.244048133  -52.128953109
    2.550939120   90.141993198  -27.258042807
    2.553413203   90.120842859   11.496645991
    2.555887287   90.184976498   35.803795510
    2.558361370   90.278336501   35.710572644
    2.560835454   90.340319052   10.065887599
    2.563309537   90.337089160   -9.215136481
    2.565783621   90.297062686  -18.821332325
    2.568257704   90.249198697  -18.630607165
    2.570731788   90.202241800  -17.742569897
    2.573205871   90.151034289  -21.093962952
    2.575679955   90.110592059   -8.631549572
    2.578154038   90.116422242   14.566286879
    2.580628121   90.168541987   24.645987644
    2.583102205   90.227796578   17.156824587
    2.585576288   90.227185664  -20.248664265
    2.588050372   90.135653366  -50.448104063
    2.590524455   90.014137976  -37.918535045
    2.592998539   89.981667704   15.504646205
    2.595472622   90.092922817   69.152820496
    2.597946706   90.284266846   77.240843687
    2.600420789   90.448944071   44.576648239
    2.602894873   90.500391996   -4.164306555
    2.605368956   90.444814821  -30.309632541
    2.607843040   90.379186952  -14.999366007
    2.610317123   90.375658740   11.705823459
    2.612791207   90.431512485   31.514752731
    2.615265290   90.491821459   13.981325472
    2.617739374   90.489375129  -16.607924236
    2.620213457   90.426153523  -31.173635875
    2.622687541   90.343148097  -29.027952396
    2.625161624   90.300934494   -6.090655209
    2.627635708   90.313809145   17.701821971
    2.630109791   90.370729531   29.388276265
    2.632583875   90.450846648   33.728286837
    2.635057958   90.529922111   26.922613883
    2.637532042   90.587404124   16.351001379
    2.640006125   90.605518210   -6.576403031
    2.642480209   90.545504536  -43.540369075
    2.644954292   90.400015899  -68.410796874
    2.647428376   90.229448437  -67.620299881
    2.649902459   90.092098823  -42.749705540
    2.652376543   90.025380174  -14.767220498
    2.654850626   90.017703057    8.702069425
    2.657324710   90.058757498   23.279968508
    2.659798793   90.123755669   30.053735690
    2.662272877   90.208192944   36.858524252
    2.664746960   90.290626542   29.779701931
    2.667221044   90.349799446   15.214417621
    2.669695127   90.374025955    6.076913332
    2.672169211   90.373990935   -0.348297400
    2.674643294   90.375825695    3.353482713
    2.677117378   90.387370230    3.952764172
    2.679591461   90.384591217   -5.276013573
    2.682065545   90.357927939  -18.920047068
    2.684539628   90.303387385  -27.017707270
    2.687013712   90.239463013  -20.959012800
    2.689487795   90.217022520   -0.616997741
    2.691961879   90.227858627    7.596349925
    2.694435962   90.246091936    4.215144051
    2.696910046   90.232712041  -14.157493387
    2.699384129   90.184089680  -23.275364465
    2.701858213   90.140680290   -9.642182011
    2.704332296   90.160821851   27.787529359
    2.706806380   90.267058098   51.921472105
    2.709280463   90.396181401   47.652420799
    2.711754547   90.485689595   22.285174326
    2.714228630   90.518235108    6.525424863
    2.716702714   90.508499582  -11.754713295
    2.719176797   90.470134880  -19.630001809
    2.721650881   90.394534809  -39.343368838
    2.724124964   90.286299880  -46.444330906
    2.726599048   90.180091567  -38.906149703
    2.729073131   90.121973809   -1.517605792
    2.731547215   90.174321423   40.148017810
    2.734021298   90.303360663   56.413728657
    2.736495382   90.429154535   39.224198210
    2.738969465   90.484136186   -1.921800613
    2.741443549   90.418009421  -47.720134723
    2.743917632   90.281750386  -56.858222745
    2.746391716   90.174740327  -22.449031152
    2.748865799   90.172622611   18.422811502
    2.751339883   90.257795624   44.515387365
    2.753813966   90.378350017   45.424487704
    2.756288050   90.457570004   14.940917301
    2.758762133   90.461430806   -8.762377769
    2.761236217   90.430887392  -12.307746775
    2.763710300   90.426887588    8.208417298
    2.766184384   90.456563013   16.200647330
    2.768658467   90.484853965    4.196890030
    2.771132551   90.464332023  -17.119159944
    2.773606634   90.422819043  -15.178778183
    2.776080718   90.405228873   -1.455524157
    2.778554801   90.416668204   10.425065145
    2.781028885   90.421713569  -10.545977975
    2.783502968   90.347310147  -44.398212828
    2.785977052   90.225992640  -45.029935996
    2.788451135   90.172201510    5.538097290
    2.790925219   90.251376778   53.918905157
    2.793399302   90.427125711   79.430079318
    2.795873386   90.603000320   56.156225903
    2.798347469   90.673216586    2.689739090
    2.800821553   90.632350494  -31.951812274
    2.803295636   90.558173829  -25.402897176
    2.805769720   90.517323414  -10.305384641
    2.808243803   90.498003278   -9.907741274
    2.810717887   90.439138705  -39.761238809
    2.813191970   90.314436205  -57.263944360
    2.815666054   90.188383193  -38.364801299
    2.818140137   90.140755155    6.013827622
    2.820614221   90.202740813   43.630168811
    2.823088304   90.316143174   44.404278450
    2.825562388   90.395162865   17.799201259
    2.828036471   90.415435749    3.976654661
    2.830510555   90.428827983    9.551013888
    2.832984638   90.471938600   27.951929890
    2.835458722   90.546360035   29.752878824
    2.837932805   90.590976939    2.260217097
    2.840406889   90.552105948  -32.838932398
    2.842880972   90.458874010  -37.994832966
    2.845355056   90.375648622  -24.525588538
    2.847829139   90.347429402    3.992782601
    2.850303223   90.398012554   34.838385853
    2.852777306   90.512383795   53.348040199
    2.855251390   90.641444277   47.041930133
    2.857725473   90.724394244   20.436764681
    2.860199557   90.746648825   -1.738707422
    2.862673640   90.740873754   -4.221973188
    2.865147724   90.739447937    1.662338926
    2.867621807   90.742161309   -0.208361249
    2.870095891   90.732082597  -10.814518540
    2.872569974   90.669677226  -39.425167981
    2.875044058   90.547431387  -56.001868683
    2.877518141   90.427358771  -35.919988457
    2.879992225   90.391542342    9.711925713
    2.882466308   90.469808752   51.168509144
    2.884940392   90.604689206   51.914125790
    2.887414475   90.693418051   15.275228930
    2.889888559   90.682585822  -24.660860988
    2.892362642   90.599119796  -37.167629806
    2.894836726   90.508215995  -32.007403501
    2.897310809   90.464249099   -5.326491519
    2.899784893   90.475105797    9.226642050
    2.902258976   90.490530965    4.308750933
    2.904733060   90.489968239   -1.032284034
    2.907207143   90.486485321    3.482302634
    2.909681226   90.516233208   19.568846014
    2.912155310   90.575251297   24.597148017
    2.914629393   90.627339243   16.071005353
    2.917103477   90.657353782    7.223417533
    2.919577560   90.682078513   10.585647600
    2.922051644   90.704516096    7.045976497
    2.924525727   90.720537370    2.026271077
    2.926999811   90.705229178  -17.521875677
    2.929473894   90.625748749  -42.122452248
    2.931947978   90.503353553  -54.498293640
    2.934422061   90.360049111  -55.842463012
    2.936896145   90.243562259  -36.193061470
    2.939370228   90.183053230  -15.126758902
    2.941844312   90.169285064    2.864880694
    2.944318395   90.184094497   10.544081840
    2.946792479   90.238103711   32.740594172
    2.949266562   90.338233138   45.404485901
    2.951740646   90.459990017   51.448446101
    2.954214729   90.564400203   32.865301118
    2.956688813   90.594703047   -6.331592198
    2.959162896   90.534830653  -40.907162501
    2.961636980   90.417366996  -47.532758551
    2.964111063   90.315337828  -29.426492988
    2.966585147   90.281596135   -1.911266781
    2.969059230   90.300269762   11.588667455
    2.971533314   90.298729850  -13.708211660
    2.974007397   90.227269674  -43.322688688
    2.976481481   90.114103654  -40.920735288
    2.978955564   90.052838221    1.880487202
    2.981429648   90.118368018   50.002483682
    2.983903731   90.272323191   69.564778187
    2.986377815   90.422295772   46.359006234
    2.988851898   90.475677248   -2.462873982
    2.991325982   90.424992717  -29.591898011
    2.993800065   90.348706807  -24.576001425
    2.996274149   90.311024348   -6.315663100
    2.998748232   90.306344961   -5.482006599
    3.001222316   90.278322347  -20.288832587
    3.003696399   90.199512402  -37.336227063
    3.006170483   90.101821776  -36.108734994
    3.008644566   90.038985520  -10.092062322
    3.011118650   90.063853802   27.959322283
    3.013592733   90.154150324   44.542280836
    3.016066817   90.265765421   40.401082080
    3.018540900   90.339575899   18.697056959
    3.021014984   90.347336019   -8.932747764
    3.023489067   90.312524760  -17.945935770
    3.025963151   90.273816276  -14.672152375
    3.028437234   90.239368093  -11.393906562
    3.030911318   90.219491676   -1.861886238
    3.033385401   90.232418181   13.458350253
    3.035859485   90.275452270   20.555060754
    3.038333568   90.326037565   21.740221715
    3.040807652   90.375403550   16.861711035
    3.043281735   90.401383994    5.144589559
    3.045755819   90.393787375   -5.917916362
    3.048229902   90.383310053   -4.114140346
    3.050703986   90.383286724    6.379754884
    3.053178069   90.398950694    6.067536244
    3.055652153   90.399266600   -9.501309855
    3.058126236   90.343059009  -30.228386648
    3.060600320   90.255406907  -38.873667497
    3.063074403   90.166457160  -26.653800985
    3.065548487   90.133637153   -3.117306445
    3.068022570   90.136027369    6.822066117
    3.070496654   90.155800227    6.968037567
    3.072970737   90.166875917    2.691911702
    3.075444821   90.171118263    1.891949403
    3.077918904   90.186303179    8.674885348
    3.080392988   90.215306052   13.789592868
    3.082867071   90.230381397   -5.911182761
    3.085341155   90.182597825  -33.226679073
    3.087815238   90.078786394  -43.210837251
    3.090289322   89.982352200  -32.152801100
    3.092763405   89.937029482   -4.820970402
    3.095237489   89.943278023    9.551565878
    3.097711572   89.978718939   18.020443444
    3.100185656   90.027021782   23.585316988
    3.102659739   90.097918087   35.288072392
    3.105133823   90.200139348   42.763626459
    3.107607906   90.295985931   34.437640054
    3.110081990   90.352138036    7.379380590
    3.112556073   90.332525688  -19.679182443
    3.115030157   90.270354622  -32.654412084
    3.117504240   90.197586743  -20.160412246
    3.119978324   90.188463923   12.552411127
    3.122452407   90.242267796   33.358563009
    3.124926491   90.339664784   43.211867105
    3.127400574   90.431386333   25.523201819
    3.129874658   90.462081031   -3.596658525
    3.132348741   90.411498262  -35.746727516
    3.134822825   90.311409981  -46.800630485
    3.137296908   90.207978496  -30.480565466
    3.139770992   90.158152210   -5.104850242
    3.142245075   90.170507110   11.336473271
    3.144719159   90.202711095    8.756567055
    3.147193242   90.220293831    4.078217593
    3.149667326   90.221833721    0.149606056
    3.152141409   90.223753200    2.602024445
    3.154615493   90.235307901    8.514518195
    3.157089576   90.271198796   20.595675594
    3.159563660   90.329921722   23.926451748
    3.162037743   90.384865738   20.910926672
    3.164511827   90.428603557   10.444523406
    3.166985910   90.432703210   -4.598063910
    3.169459994   90.401388503  -19.122565621
    3.171934077   90.346724231  -19.452234846
    3.174408161   90.323732168    2.584528077
    3.176882244   90.358193355   21.810425267
    3.179356328   90.428200583   30.429483702
    3.181830411   90.508481686   32.267954652
    3.184304495   90.567114175   11.940653971
    3.186778578   90.580526254   -3.318201433
    3.189252662   90.552575283  -15.222663070
    3.191726745   90.497253855  -27.068377083
    3.194200829   90.431571152  -25.463152464
    3.196674912   90.385723070   -8.827977130
    3.199148996   90.393041996   18.359453309
    3.201623079   90.469037924   42.815072561
    3.204097163   90.576460411   44.982185940
    3.206571246   90.665386896   25.733495499
    3.209045330   90.686313149  -11.344876486
    3.211519413   90.618765970  -41.271858812
    3.213993497   90.475713114  -73.769819930
    3.216467580   90.258791261  -96.026050312
    3.218941664   90.012138194 -100.539867394
    3.221415747   89.788996557  -69.621191192
    3.223889831   89.678656039  -14.749658838
    3.226363914   89.726595511   50.169201291
    3.228837998   89.915243485   97.856412626
    3.231312081   90.161260381   97.644159440
    3.233786164   90.351127967   53.173400752
    3.236260248   90.418276347   -0.128205758
    3.238734331   90.359699089  -44.505488735
    3.241208415   90.217020282  -63.610474343
    3.243682498   90.068017908  -52.165976486
    3.246156582   89.977125250  -20.327188401
    3.248630665   89.976436407   20.681938431
    3.251104749   90.071232557   51.368442473
    3.253578832   90.211265714   61.142900635
    3.256052916   90.350557143   53.637110862
    3.258526999   90.476505906   45.208676704
    3.261001083   90.574657004   30.982110540
    3.263475166   90.619306578    6.636888636
    3.265949250   90.607075441  -14.286969409
    3.268423333   90.540394501  -39.056312146
    3.270897417   90.430008082  -45.654922333
    3.273371500   90.311455809  -45.097272415
    3.275845584   90.212776235  -33.297047023
    3.278319667   90.134950278  -27.533526579
    3.280793751   90.077171926  -16.613877443
    3.283267834   90.029961838  -16.795026445
    3.285741918   90.011999528    2.536678254
    3.288216001   90.042658224   24.206077031
    3.290690085   90.126264259   39.969727360
    3.293164168   90.223947715   37.798153120
    3.295638252   90.298788383   20.137360159
    3.298112335   90.339369414   15.220914099
    3.300586419   90.380979863   21.155794265
    3.303060502   90.440225125   26.123314796
    3.305534586   90.493650326   17.097335988
    3.308008669   90.505548741  -11.248465830
    3.310482753   90.426525274  -50.485104260
    3.312956836   90.279725951  -61.413473673
    3.315430920   90.143405193  -43.539723732
    3.317905003   90.077638336   -4.520034845
    3.320379087   90.113013712   31.781717791
    3.322853170   90.218582657   47.296808946
    3.325327254   90.347998305   52.588321880
    3.327801337   90.464267873   42.526758125
    3.330275421   90.553694547   23.122599718
    3.332749504   90.588196495    8.322972629
    3.335223588   90.617619008   15.967901779
    3.337697671   90.673673455   31.289857325
    3.340171755   90.752103923   30.502682310
    3.342645838   90.814229190   16.359291749
    3.345119922   90.802885286  -25.693871965
    3.347594005   90.700838788  -48.638069686
    3.350068089   90.574183924  -44.377517822
    3.352542172   90.487950742  -23.011944224
    3.355016256   90.459294718   -2.903417477
    3.357490339   90.452464269   -5.707967661
    3.359964423   90.412811147  -25.080749162
    3.362438506   90.349126879  -23.037617381
    3.364912590   90.319450774    4.895997134
    3.367386673   90.378330847   44.229871428
    3.369860757   90.512517474   58.711465171
    3.372334840   90.629483961   32.104927892
    3.374808924   90.654515360  -14.014053771
    3.377283007   90.561263395  -55.797889949
    3.379757091   90.386365760  -82.233952826
    3.382231174   90.188717386  -72.556996785
    3.384705258   90.049783751  -40.924521791
    3.387179341   89.993377790   -6.448413776
    3.389653425   89.994569485    7.678949518
    3.392127508   90.012117724    6.516630318
    3.394601592   90.006784429   -7.434381417
    3.397075675   89.987421229   -3.332021324
    3.399549759   89.998003149   16.007172681
    3.402023842   90.063310147   37.562127377
    3.404497926   90.170971768   45.690754268
    3.406972009   90.260437288   23.985561327
    3.409446093   90.278089094   -5.089248434
    3.411920176   90.247581313  -16.983557466
    3.414394260   90.209435929  -10.155759921
    3.416868343   90.203891217    7.253323931
    3.419342427   90.235233190   15.333201697
    3.421816510   90.270860355   12.085478406
    3.424290594   90.279274688   -1.198519385
    3.426764677   90.285892828    8.981402458
    3.429238761   90.315117301   16.685352004
    3.431712844   90.363353350   22.731048873
    3.434186928   90.416532742   15.511177310
    3.436661011   90.432477145   -6.135470322
    3.439135095   90.388938868  -25.802614462
    3.441609178   90.310356260  -30.003861044
    3.444083262   90.243691431  -20.781924638
    3.446557345   90.223515758    4.228947969
    3.449031429   90.263665660   24.958700356
    3.451505512   90.336941943   29.624190177
    3.453979596   90.386020827   11.050464065
    3.456453679   90.384606101   -9.036426104
    3.458927763   90.348093940  -14.496450917
    3.461401846   90.297364852  -24.852418391
    3.463875930   90.242910113  -16.725379463
    3.466350013   90.215832423   -3.704246836
    3.468824097   90.223317959   11.439658308
    3.471298180   90.258798409   16.948321185
    3.473772264   90.311934469   29.297703476
    3.476246347   90.392434426   34.669044647
    3.478720431   90.459880016   21.641812991
    3.481194514   90.498907895   11.715020133
    3.483668598   90.520660802    5.536809326
    3.486142681   90.534458350    7.482628320
    3.488616765   90.563226151   16.247105071
    3.491090848   90.587753514    2.326725148
    3.493564932   90.572523636  -15.790680665
    3.496039015   90.511908893  -35.447195099
    3.498513099   90.401321651  -51.968931639
    3.500987182   90.281084155  -46.083931878
    3.503461266   90.192663485  -21.400596042
    3.505935349   90.176969052   10.192894039
    3.508409433   90.231376296   27.525766311
    3.510883516   90.294494161   19.570885312
    3.513357600   90.331951517    8.461742663
    3.515831683   90.347924514    8.649897591
    3.518305767   90.381160233   19.237149670
    3.520779850   90.441747360   26.157056669
    3.523253934   90.503925067   18.319474050
    3.525728017   90.512951214  -11.886863629
    3.528202101   90.441683964  -37.529021870
    3.530676184   90.342728172  -34.095950022
    3.533150268   90.285146669  -10.303641742
    3.535624351   90.303849986   18.020203205
    3.538098435   90.340365607    5.976133173
    3.540572518   90.302758675  -37.560187714
    3.543046602   90.185117158  -52.896190956
    3.545520685   90.070564608  -31.103133215
    3.547994769   90.055503973   20.212447082
    3.550468852   90.163224954   59.576128465
    3.552942936   90.324081800   58.244991633
    3.555417019   90.425310830   22.522091470
    3.557891102   90.429903296  -19.667673879
    3.560365186   90.368935814  -26.961935215
    3.562839269   90.321751158  -10.988347282
    3.565313353   90.333834291   19.240972059
    3.567787436   90.390792010   19.450700904
    3.570261520   90.414175011   -5.184599679
    3.572735603   90.370898041  -29.466906402
    3.575209687   90.284623473  -36.212010590
    3.577683770   90.200261174  -28.068228310
    3.580157854   90.147986509  -10.872784427
    3.582631937   90.124674694   -6.843043379
    3.585106021   90.101323718  -16.846169643
    3.587580104   90.040237960  -29.182540535
    3.590054188   89.960467993  -32.327644440
    3.592528271   89.898497348  -16.080898134
    3.595002355   89.887552221    8.454939572
    3.597476438   89.926956599   19.048385564
    3.599950522   89.986026506   26.379917546
    3.602424605   90.050862331   21.694067773
    3.604898689   90.100423995   18.391695191
    3.607372772   90.137323342   12.195284947
    3.609846856   90.165804120   10.392429760
    3.612320939   90.191600766    6.178451759
    3.614795023   90.193768912   -2.193294816
    3.617269106   90.170366021  -17.720260881
    3.619743190   90.115125187  -22.677389148
    3.622217273   90.063089185  -17.561235128
    3.624691357   90.029608002   -7.308057869
    3.627165440   90.018370934    1.468577099
    3.629639524   90.044973948   23.329867202
    3.632113607   90.127041637   41.987248203
    3.634587691   90.251897096   54.732724915
    3.637061774   90.368889647   35.486242059
    3.639535858   90.394753513  -15.787107741
    3.642009941   90.300857519  -56.945099356
    3.644484025   90.137096434  -68.098809412
    3.646958108   90.002356081  -34.448732462
    3.649432192   89.991678353   24.004733274
    3.651906275   90.094271382   54.391874556
    3.654380359   90.240858228   56.731894263
    3.656854442   90.341327779   26.223603918
    3.659328526   90.375444948    4.821158295
    3.661802609   90.385031382    3.200943882
    3.664276693   90.398270069    8.592471226
    3.666750776   90.421267557    7.769715149
    3.669224860   90.416560059   -8.606491413
    3.671698943   90.389948726   -9.755608117
    3.674173027   90.377913695    2.364569834
    3.676647110   90.388458515    5.817589105
    3.679121194   90.393852511   -3.776322042
    3.681595277   90.360252616  -25.682400690
    3.684069361   90.290672000  -27.075144519
    3.686543444   90.229643859  -18.179164910
    3.689017528   90.210003641    4.984522820
    3.691491611   90.242124593   18.095133562
    3.693965695   90.278174054    6.915726095
    3.696439778   90.278759336   -6.342733733
    3.698913862   90.241143120  -20.530206103
    3.701387945   90.187604306  -16.024267046
    3.703862029   90.180600781    6.021126083
    3.706336112   90.215225617   25.447794507
    3.708810196   90.289843330   34.661461839
    3.711284279   90.363482767   22.116690778
    3.713758363   90.386567550   -6.853792856
    3.716232446   90.327372453  -39.338931464
    3.718706530   90.215836053  -40.757137587
    3.721180613   90.173868899   11.779669003
    3.723654697   90.265337744   56.886557319
    3.726128780   90.416744274   60.308407535
    3.728602864   90.524338243   20.675833773
    3.731076947   90.500520615  -37.590119684
    3.733551031   90.367522723  -57.659046657
    3.736025114   90.249464643  -28.664160429
    3.738499198   90.246618268   23.658811925
    3.740973281   90.333162280   39.782130294
    3.743447365   90.411992741   15.839798906
    3.745921448   90.396930800  -27.042474232
    3.748395532   90.291947557  -47.669416395
    3.750869615   90.198751330  -19.896991448
    3.753343699   90.210061012   25.343525739
    3.755817782   90.325927936   60.726121141
    3.758291866   90.465221910   50.597442405
    3.760765949   90.548539278   16.244224762
    3.763240033   90.542537653  -19.955055812
    3.765714116   90.467529200  -34.808183092
    3.768188200   90.391712577  -19.533221744
    3.770662283   90.365401236   -3.218145059
    3.773136367   90.363860128   -1.328736943
    3.775610450   90.346348067  -13.833647784
    3.778084534   90.297387308  -25.661314870
    3.780558617   90.221586261  -31.611438085
    3.783032701   90.164250806   -7.837085090
    3.785506784   90.177821657   16.356761964
    3.787980868   90.228460215   18.989648560
    3.790454951   90.258232007    3.001476290
    3.792929035   90.241144517  -18.906208743
    3.795403118   90.179760596  -26.776361178
    3.797877202   90.132775427   -9.371488966
    3.800351285   90.145467474   17.174518175
    3.802825369   90.207026423   28.493480526
    3.805299452   90.279656094   26.509330504
    3.807773536   90.330944870   20.584890791
    3.810247619   90.390126853   23.251654593
    3.812721703   90.466650263   37.543461480
    3.815195786   90.569310415   39.921269480
    3.817669870   90.643465010   20.063240483
    3.820143953   90.659134804   -8.950995844
    3.822618037   90.616925103  -21.254532465
    3.825092120   90.568574199  -14.455643674
    3.827566204   90.544368162   -9.597125743
    3.830040287   90.493081585  -33.762540138
    3.832514371   90.368010327  -66.819637000
    3.834988454   90.175749127  -82.557906935
    3.837462538   89.997781969  -53.667751755
    3.839936621   89.945309504   11.361402470
    3.842410705   90.039153713   57.847070608
    3.844884788   90.205879276   68.045622784
    3.847358872   90.347948432   38.156866699
    3.849832955   90.390038475   -7.603805278
    3.852307039   90.325116783  -42.655970276
    3.854781122   90.208781887  -49.484075004
    3.857255206   90.091659596  -42.565653124
    3.859729289   90.003843343  -27.717462653
    3.862203373   89.964837817   -1.108815128
    3.864677456   89.996281251   25.985945826
    3.867151540   90.077798412   35.488950719
    3.869625623   90.157903785   25.845923644
    3.872099707   90.201451834   12.572119264
    3.874573790   90.229148712   11.700843345
    3.877047874   90.288257416   34.886455434
    3.879521957   90.412201307   64.979449020
    3.881996040   90.581365992   64.540232198
    3.884470124   90.723046064   42.114511168
    3.886944207   90.767842405   -4.908026766
    3.889418291   90.712001258  -38.909562545
    3.891892374   90.599916049  -48.187049670
    3.894366458   90.497501728  -34.065207167
    3.896840541   90.435238530  -20.306189334
    3.899314625   90.396876438  -15.626761506
    3.901788708   90.344223719  -28.034564976
    3.904262792   90.275923234  -30.434155084
    3.906736875   90.208705065  -24.343902045
    3.909210959   90.169297510   -7.582392162
    3.911685042   90.168099183    7.100254527
    3.914159126   90.198001130   10.712189648
    3.916633209   90.207383538   -6.414746206
    3.919107293   90.165544106  -23.025210036
    3.921581376   90.091355133  -29.299174164
    3.924055460   90.037735184  -12.038399594
    3.926529543   90.050361714   19.286366320
    3.929003627   90.133798030   43.845420675
    3.931477710   90.227209884   27.379758603
    3.933951794   90.264883826   -0.532518597
    3.936425877   90.241086251  -14.811012515
    3.938899961   90.219626082   -0.105306405
    3.941374044   90.245276879   17.698619061
    3.943848128   90.286592660    9.261081448
    3.946322211   90.284513042  -14.151357038
    3.948796295   90.215345443  -41.494719879
    3.951270378   90.111244477  -38.127649362
    3.953744462   90.058734195   -4.490685276
    3.956218545   90.095556143   29.691980507
    3.958692629   90.174472673   31.161919264
    3.961166712   90.218635887    2.024468144
    3.963640796   90.195392929  -21.375401461
    3.966114879   90.136786911  -24.745541609
    3.968588963   90.101327515   -2.175955471
    3.971063046   90.113444378   10.178447938
    3.973537130   90.141159859   10.846990149
    3.976011213   90.159610559    6.593944005
    3.978485297   90.181265786   13.574881469
    3.980959380   90.223027392   19.384277966
    3.983433464   90.274059266   22.770915819
    3.985907547   90.329938601   18.024860827
    3.988381631   90.365230131    9.781043764
    3.990855714   90.366796379   -8.313104350
    3.993329798   90.335743741  -17.536219037
    3.995803881   90.286623785  -21.283668914
    3.998277965   90.229584305  -25.395502964
    4.000752048   90.174257182  -18.205695063
    4.003226132   90.168215682   13.677758550
    4.005700215   90.257895223   55.736073862
    4.008174299   90.409251596   67.072585645
    4.010648382   90.555587157   45.348885962
    4.013122466   90.614756836   -0.156083856
    4.015596549   90.553225715  -47.354210563
    4.018070633   90.414450509  -61.696158670
    4.020544716   90.277771208  -48.821426759
    4.023018800   90.185389234  -26.916015293
    4.025492883   90.129263342  -20.686033579
    4.027966967   90.062885577  -37.036350433
    4.030441050   89.946818580  -54.999875824
    4.032915134   89.801464198  -54.737300467
    4.035389217   89.691226740  -30.511337394
    4.037863301   89.663367617    9.999656114
    4.040337384   89.728804041   42.973468317
    4.042811468   89.859513338   55.461872837
    4.045285551   89.978405620   37.767005702
    4.047759635   90.018138728   -7.273342185
    4.050233718   89.952966420  -40.956644610
    4.052707802   89.841938977  -48.625743919
    4.055181885   89.735861916  -36.610051670
    4.057655969   89.678065957   -9.242953849
    4.060130052   89.691935294   19.549376614
    4.062604136   89.772978282   44.816274617
    4.065078219   89.898616949   51.440710824
    4.067552303   90.009223572   36.039234807
    4.070026386   90.071846694    9.505395152
    4.072500470   90.062843102  -17.976441183
    4.074974553   89.983625543  -46.628122065
    4.077448637   89.841624307  -65.025249873
    4.079922720   89.693794672  -53.436133542
    4.082396804   89.593932507  -24.926278027
    4.084870887   89.579301345   14.879670844
    4.087344971   89.644375927   31.821916095
    4.089819054   89.725332879   30.594859233
    4.092293138   89.776158274    5.379072467
    4.094767221   89.754386862  -22.909084588
    4.097241305   89.678231594  -30.397713313
    4.099715388   89.636746182   -1.506702408
    4.102189472   89.686313624   39.216402206
    4.104663555   89.811117536   56.317074705
    4.107137639   89.931698812   36.645270251
    4.109611722   89.979411139    4.667173304
    4.112085806   89.985576572    4.579920490
    4.114559889   90.007248402   16.977024529
    4.117033973   90.065558329   26.498310866
    4.119508056   90.118832814    9.772429223
    4.121982140   90.109287485  -19.589578605
    4.124456223   90.023888554  -45.341154877
    4.126930307   89.932940109  -21.698309910
    4.129404390   89.935502784   21.132152257
    4.131878474   90.023187210   44.312502352
    4.134352557   90.115727440   24.866459540
    4.136826641   90.122490538  -21.145786617
    4.139300724   90.030434035  -45.184245285
    4.141774808   89.927539080  -31.519962695
    4.144248891   89.914348860   23.975125757
    4.146722975   90.025278868   61.857867524
    4.149197058   90.196639620   70.738164164
    4.151671142   90.353557959   53.853474303
    4.154145225   90.463793948   35.770240996
    4.156619309   90.540957791   31.628528453
    4.159093392   90.625549075   41.618591516
    4.161567476   90.747773091   56.642772859
    4.164041559   90.894527263   65.659545557
    4.166515643   91.061390284   68.481927007
    4.168989726   91.244262802   79.197308156
    4.171463810   91.460582992   94.476535776
    4.173937893   91.722312601  119.012618931
    4.176411977   92.044063710  140.015125485
    4.178886060   92.413148594  156.821737814
    4.181360144   92.817971303  169.206980998
    4.183834227   93.241516972  176.401773099
    4.186308311   93.704687214  197.661699795
    4.188782394   94.224405054  227.448524553
    4.191256478   94.850746924  279.342679424
    4.193730561   95.604509327  329.086861431
    4.196204645   96.449909484  349.483255436
    4.198678728   97.320760651  354.018633530
    4.201152812   98.198520472  356.389017923
    4.203626895   99.096689100  371.278369379
    4.206100979  100.051069457  401.435581260
    4.208575062  101.097223083  444.558222567
    4.211049145  102.218544947  459.372347904
    4.213523229  103.352902695  453.173263395
    4.215997312  104.464964004  446.629013731
    4.218471396  105.579181673  460.569028208
    4.220945479  106.758548319  492.703899770
    4.223419563  108.020247638  523.974516083
    4.225893646  109.337543279  537.677011844
    4.228367730  110.687188847  555.545796868
    4.230841813  112.098222627  583.628583430
    4.233315897  113.578818586  617.049016781
    4.235789980  115.153590856  654.468148471
    4.238264064  116.796516338  676.115990166
    4.240738147  118.489614820  691.394581883
    4.243212231  120.208840787  700.917853856
    4.245686314  121.959437082  715.919127475
    4.248160398  123.760300806  742.162911804
    4.250634481  125.631606023  770.580731313
    4.253108565  127.574760932  801.257475120
    4.255582648  129.601181379  840.361282567
    4.258056732  131.738257849  889.495467679
    4.260530815  133.980218670  920.959836639
    4.263004899  136.267177239  916.973039907
    4.265478982  138.491816627  877.751157868
    4.267953066  140.582655347  814.267253216
    4.270427149  142.531638948  763.438274022
    4.272901233  144.389928944  741.928202268
    4.275375316  146.209503756  727.022396223
    4.277849400  147.977926494  695.683041280
    4.280323483  149.628035648  631.619829385
    4.282797567  151.082821530  542.791458765
    4.285271650  152.327641769  468.708602451
    4.287745734  153.434217723  433.663365774
    4.290219817  154.514937430  447.445499786
    4.292693901  155.658651855  477.821366195
    4.295167984  156.882275413  510.860774476
    4.297642068  158.152756985  513.668803755
    4.300116151  159.401700562  492.882599076
    4.302590235  160.591372136  468.634429635
    4.305064318  161.721715883  444.284659372
    4.307538402  162.785780808  418.888747187
    4.310012485  163.779889294  381.062434878
    4.312486569  164.654024437  320.221385023
    4.314960652  165.357481429  251.871412792
    4.317434736  165.901435047  194.745553798
    4.319908819  166.350497348  176.773163917
    4.322382903  166.795051343  184.868530841
    4.324856986  167.278930000  210.336163719
    4.327331070  167.822804506  220.834818892
    4.329805153  168.369678675  217.396215045
    4.332279237  168.872344887  186.929368676
    4.334753320  169.308190565  165.003632012
    4.337227404  169.697504360  149.114999016
    4.339701487  170.062211555  147.167742272
    4.342175571  170.419576660  141.596675153
    4.344649654  170.763255089  141.752652124
    4.347123738  171.117025086  150.120586403
    4.349597821  171.519812828  179.597324856
    4.352071905  172.028828407  230.947242620
    4.354545988  172.660083668  277.143925081
    4.357020072  173.384806791  309.159170948
    4.359494155  174.179825914  330.617767506
    4.361968239  175.031493133  356.864943512
    4.364442322  175.962048563  399.895329443
    4.366916406  177.008148812  442.917055938
    4.369390489  178.130195126  458.840879696
    4.371864573  179.247742630  440.276282791
    4.374338656  180.314698191  421.243944246
    4.376812740  181.335095965  405.876023349
    4.379286823  182.361868359  425.772031286
    4.381760907  183.438439375  444.118482809
    4.384234990  184.541050384  441.552999892
    4.386709074  185.610674099  420.906368796
    4.389183157  186.642522937  417.500985681
    4.391657241  187.725281386  467.946530975
    4.394131324  188.989304091  556.047381049
    4.396605408  190.481289294  646.343874881
    4.399079491  192.149133499  690.762460695
    4.401553575  193.842355213  667.822205814
    4.404027658  195.422587236  606.793084996
    4.406501742  196.845657868  550.300670374
    4.408975825  198.182733280  541.025810102
    4.411449909  199.570092126  587.167431919
    4.413923992  201.106788951  657.021280447
    4.416398076  202.802415230  704.257309001
    4.418872159  204.548987578  700.480655000
    4.421346243  206.243586270  663.680473781
    4.423820326  207.849720007  634.411726992
    4.426294410  209.426276015  650.242215326
    4.428768493  211.085528741  693.358192641
    4.431242577  212.852849224  729.652939716
    4.433716660  214.640879709  707.040169501
    4.436190744  216.304448026  637.869835224
    4.438664827  217.833281232  608.351507186
    4.441138911  219.414915689  686.084114581
    4.443612994  221.294202143  838.181715656
    4.446087078  223.573061927  993.367615533
    4.448561161  226.125017049 1045.223668670
    4.451035245  228.638867372  968.390235465
    4.453509328  230.853471173  814.894515089
    4.455983412  232.692756616  681.107813294
    4.458457495  234.308085676  645.858380418
    4.460931579  235.970981874  714.591834484
    4.463405662  237.897897958  854.270730483
    4.465879746  240.212852768 1012.750686353
    4.468353829  242.874681782 1125.799038844
    4.470827913  245.709063334 1144.749213500
    4.473301996  248.461470496 1063.104631441
    4.475776080  250.931032196  930.368477475
    4.478250163  253.077815947  816.854200821
    4.480724247  255.047432413  788.354984428
    4.483198330  257.047311158  838.413977541
    4.485672414  259.226011427  927.199538035
    4.488146497  261.619234679 1001.565059568
    4.490620581  264.140062947 1026.110026170
    4.493094664  266.663137564 1008.602746803
    4.495568748  269.116913218  976.494862100
    4.498042831  271.509514558  962.466750653
    4.500516915  273.920429349  994.110582973
    4.502990998  276.455261996 1057.989669449
    4.505465082  279.160849482 1123.129464242
    4.507939165  281.970233785 1134.869295201
    4.510413249  284.689931142 1047.689228916
    4.512887332  287.076448931  870.585169234
    4.515361416  288.954578385  644.133209923
    4.517835499  290.264987983  418.974174123
    4.520309583  291.071712547  240.900812039
    4.522783666  291.512314207  124.259357806
    4.525257750  291.724705310   54.666454264
    4.527731833  291.811300143   20.444831310
    4.530205917  291.841726679    5.100436690
    4.532680000  291.848337508   -0.000000000
