#! FIELDS z_axis.lp dist.ld f_reweighted
#! SET normalisation  1.000000
#! SET min_z_axis.lp 0.0
#! SET max_z_axis.lp 5.0
#! SET nbins_z_axis.lp  50
#! SET periodic_z_axis.lp false
#! SET min_dist.ld 0.0
#! SET max_dist.ld 1.4
#! SET nbins_dist.ld  50
#! SET periodic_dist.ld false
 0.000000 0.000000 inf
 0.100000 0.000000 inf
 0.200000 0.000000 inf
 0.300000 0.000000 inf
 0.400000 0.000000 inf
 0.500000 0.000000 inf
 0.600000 0.000000 inf
 0.700000 0.000000 40.086266
 0.800000 0.000000 29.424544
 0.900000 0.000000 inf
 1.000000 0.000000 inf
 1.100000 0.000000 inf
 1.200000 0.000000 inf
 1.300000 0.000000 inf
 1.400000 0.000000 inf
 1.500000 0.000000 inf
 1.600000 0.000000 83.525125
 1.700000 0.000000 inf
 1.800000 0.000000 inf
 1.900000 0.000000 73.092978
 2.000000 0.000000 75.127205
 2.100000 0.000000 70.262856
 2.200000 0.000000 76.378507
 2.300000 0.000000 74.165599
 2.400000 0.000000 78.239962
 2.500000 0.000000 73.845584
 2.600000 0.000000 74.207269
 2.700000 0.000000 77.762835
 2.800000 0.000000 76.083912
 2.900000 0.000000 75.624382
 3.000000 0.000000 77.039710
 3.100000 0.000000 77.137088
 3.200000 0.000000 71.331454
 3.300000 0.000000 76.970356
 3.400000 0.000000 76.984646
 3.500000 0.000000 76.454884
 3.600000 0.000000 78.215404
 3.700000 0.000000 77.325617
 3.800000 0.000000 78.122424
 3.900000 0.000000 73.964719
 4.000000 0.000000 78.041000
 4.100000 0.000000 80.082419
 4.200000 0.000000 76.845750
 4.300000 0.000000 74.172206
 4.400000 0.000000 75.959508
 4.500000 0.000000 75.441388
 4.600000 0.000000 77.297038
 4.700000 0.000000 74.797721
 4.800000 0.000000 80.712375
 4.900000 0.000000 75.813721
 5.000000 0.000000 77.849774

 0.000000 0.028000 inf
 0.100000 0.028000 inf
 0.200000 0.028000 inf
 0.300000 0.028000 inf
 0.400000 0.028000 inf
 0.500000 0.028000 inf
 0.600000 0.028000 inf
 0.700000 0.028000 40.293983
 0.800000 0.028000 17.065369
 0.900000 0.028000 inf
 1.000000 0.028000 inf
 1.100000 0.028000 inf
 1.200000 0.028000 inf
 1.300000 0.028000 inf
 1.400000 0.028000 74.136632
 1.500000 0.028000 inf
 1.600000 0.028000 75.436708
 1.700000 0.028000 66.559741
 1.800000 0.028000 inf
 1.900000 0.028000 69.207692
 2.000000 0.028000 69.014334
 2.100000 0.028000 72.010527
 2.200000 0.028000 67.783204
 2.300000 0.028000 68.861972
 2.400000 0.028000 66.948773
 2.500000 0.028000 69.246529
 2.600000 0.028000 68.058641
 2.700000 0.028000 63.906363
 2.800000 0.028000 70.990588
 2.900000 0.028000 67.806476
 3.000000 0.028000 71.167101
 3.100000 0.028000 71.966636
 3.200000 0.028000 70.725779
 3.300000 0.028000 70.866503
 3.400000 0.028000 70.361033
 3.500000 0.028000 69.759881
 3.600000 0.028000 62.817921
 3.700000 0.028000 70.734670
 3.800000 0.028000 66.699673
 3.900000 0.028000 71.143699
 4.000000 0.028000 72.828804
 4.100000 0.028000 70.489248
 4.200000 0.028000 71.882498
 4.300000 0.028000 70.676960
 4.400000 0.028000 70.316697
 4.500000 0.028000 71.256670
 4.600000 0.028000 70.421188
 4.700000 0.028000 70.831462
 4.800000 0.028000 63.197625
 4.900000 0.028000 70.644091
 5.000000 0.028000 63.450807

 0.000000 0.056000 inf
 0.100000 0.056000 inf
 0.200000 0.056000 inf
 0.300000 0.056000 inf
 0.400000 0.056000 inf
 0.500000 0.056000 inf
 0.600000 0.056000 inf
 0.700000 0.056000 27.994239
 0.800000 0.056000 16.272981
 0.900000 0.056000 inf
 1.000000 0.056000 inf
 1.100000 0.056000 inf
 1.200000 0.056000 inf
 1.300000 0.056000 inf
 1.400000 0.056000 73.398440
 1.500000 0.056000 65.472944
 1.600000 0.056000 67.645498
 1.700000 0.056000 62.514642
 1.800000 0.056000 67.749044
 1.900000 0.056000 66.380997
 2.000000 0.056000 63.716830
 2.100000 0.056000 67.157314
 2.200000 0.056000 65.040883
 2.300000 0.056000 67.710585
 2.400000 0.056000 67.496540
 2.500000 0.056000 65.691396
 2.600000 0.056000 68.471359
 2.700000 0.056000 67.477367
 2.800000 0.056000 68.604005
 2.900000 0.056000 68.052359
 3.000000 0.056000 67.873203
 3.100000 0.056000 67.201029
 3.200000 0.056000 68.312712
 3.300000 0.056000 68.103059
 3.400000 0.056000 68.558508
 3.500000 0.056000 68.279782
 3.600000 0.056000 69.225253
 3.700000 0.056000 64.304475
 3.800000 0.056000 68.209812
 3.900000 0.056000 67.222480
 4.000000 0.056000 69.358736
 4.100000 0.056000 68.536205
 4.200000 0.056000 68.544437
 4.300000 0.056000 66.728226
 4.400000 0.056000 69.231599
 4.500000 0.056000 68.447078
 4.600000 0.056000 67.611194
 4.700000 0.056000 67.426721
 4.800000 0.056000 68.263214
 4.900000 0.056000 61.687129
 5.000000 0.056000 68.983896

 0.000000 0.084000 inf
 0.100000 0.084000 inf
 0.200000 0.084000 inf
 0.300000 0.084000 inf
 0.400000 0.084000 inf
 0.500000 0.084000 inf
 0.600000 0.084000 inf
 0.700000 0.084000 39.245326
 0.800000 0.084000 22.434440
 0.900000 0.084000 inf
 1.000000 0.084000 inf
 1.100000 0.084000 inf
 1.200000 0.084000 inf
 1.300000 0.084000 inf
 1.400000 0.084000 62.245848
 1.500000 0.084000 66.558324
 1.600000 0.084000 64.343250
 1.700000 0.084000 63.434807
 1.800000 0.084000 67.355904
 1.900000 0.084000 67.056056
 2.000000 0.084000 65.835266
 2.100000 0.084000 67.005357
 2.200000 0.084000 66.349457
 2.300000 0.084000 67.069426
 2.400000 0.084000 66.837966
 2.500000 0.084000 66.562363
 2.600000 0.084000 66.983881
 2.700000 0.084000 68.114149
 2.800000 0.084000 68.123658
 2.900000 0.084000 67.507771
 3.000000 0.084000 67.950428
 3.100000 0.084000 68.233086
 3.200000 0.084000 67.087893
 3.300000 0.084000 67.452914
 3.400000 0.084000 67.365822
 3.500000 0.084000 67.743430
 3.600000 0.084000 67.078472
 3.700000 0.084000 67.688593
 3.800000 0.084000 66.148902
 3.900000 0.084000 67.861389
 4.000000 0.084000 67.914526
 4.100000 0.084000 68.347152
 4.200000 0.084000 67.083795
 4.300000 0.084000 65.550829
 4.400000 0.084000 64.638147
 4.500000 0.084000 67.799315
 4.600000 0.084000 63.013059
 4.700000 0.084000 67.507471
 4.800000 0.084000 66.889239
 4.900000 0.084000 67.851781
 5.000000 0.084000 69.204533

 0.000000 0.112000 inf
 0.100000 0.112000 inf
 0.200000 0.112000 inf
 0.300000 0.112000 inf
 0.400000 0.112000 inf
 0.500000 0.112000 inf
 0.600000 0.112000 inf
 0.700000 0.112000 40.142673
 0.800000 0.112000 28.865802
 0.900000 0.112000 inf
 1.000000 0.112000 inf
 1.100000 0.112000 inf
 1.200000 0.112000 inf
 1.300000 0.112000 inf
 1.400000 0.112000 62.213088
 1.500000 0.112000 64.408510
 1.600000 0.112000 63.143966
 1.700000 0.112000 61.761267
 1.800000 0.112000 64.226010
 1.900000 0.112000 64.847815
 2.000000 0.112000 65.590449
 2.100000 0.112000 67.254059
 2.200000 0.112000 61.881992
 2.300000 0.112000 66.406570
 2.400000 0.112000 65.680540
 2.500000 0.112000 67.439904
 2.600000 0.112000 66.207831
 2.700000 0.112000 65.817295
 2.800000 0.112000 66.898371
 2.900000 0.112000 66.871035
 3.000000 0.112000 62.713983
 3.100000 0.112000 66.309194
 3.200000 0.112000 67.826155
 3.300000 0.112000 67.072314
 3.400000 0.112000 66.691048
 3.500000 0.112000 61.232432
 3.600000 0.112000 67.148188
 3.700000 0.112000 65.067380
 3.800000 0.112000 66.578007
 3.900000 0.112000 67.184657
 4.000000 0.112000 67.492843
 4.100000 0.112000 67.792664
 4.200000 0.112000 60.109980
 4.300000 0.112000 66.091130
 4.400000 0.112000 66.071008
 4.500000 0.112000 66.397882
 4.600000 0.112000 67.007869
 4.700000 0.112000 67.282964
 4.800000 0.112000 66.475927
 4.900000 0.112000 66.399339
 5.000000 0.112000 58.245488

 0.000000 0.140000 inf
 0.100000 0.140000 inf
 0.200000 0.140000 inf
 0.300000 0.140000 inf
 0.400000 0.140000 inf
 0.500000 0.140000 inf
 0.600000 0.140000 inf
 0.700000 0.140000 38.360969
 0.800000 0.140000 29.519749
 0.900000 0.140000 inf
 1.000000 0.140000 inf
 1.100000 0.140000 inf
 1.200000 0.140000 inf
 1.300000 0.140000 inf
 1.400000 0.140000 59.674600
 1.500000 0.140000 59.585534
 1.600000 0.140000 63.388572
 1.700000 0.140000 60.771652
 1.800000 0.140000 65.479751
 1.900000 0.140000 64.603438
 2.000000 0.140000 65.592324
 2.100000 0.140000 65.401754
 2.200000 0.140000 62.061863
 2.300000 0.140000 64.952575
 2.400000 0.140000 65.326458
 2.500000 0.140000 65.690703
 2.600000 0.140000 64.897139
 2.700000 0.140000 65.071515
 2.800000 0.140000 65.767356
 2.900000 0.140000 66.539936
 3.000000 0.140000 66.098671
 3.100000 0.140000 66.986204
 3.200000 0.140000 66.428065
 3.300000 0.140000 65.801798
 3.400000 0.140000 65.507375
 3.500000 0.140000 65.379756
 3.600000 0.140000 65.505176
 3.700000 0.140000 63.371860
 3.800000 0.140000 65.867107
 3.900000 0.140000 59.582300
 4.000000 0.140000 66.539374
 4.100000 0.140000 66.098808
 4.200000 0.140000 66.665464
 4.300000 0.140000 64.511826
 4.400000 0.140000 64.923958
 4.500000 0.140000 63.669478
 4.600000 0.140000 65.436175
 4.700000 0.140000 66.316190
 4.800000 0.140000 66.611572
 4.900000 0.140000 57.323393
 5.000000 0.140000 67.270878

 0.000000 0.168000 inf
 0.100000 0.168000 inf
 0.200000 0.168000 inf
 0.300000 0.168000 inf
 0.400000 0.168000 inf
 0.500000 0.168000 inf
 0.600000 0.168000 inf
 0.700000 0.168000 32.258854
 0.800000 0.168000 28.466727
 0.900000 0.168000 inf
 1.000000 0.168000 inf
 1.100000 0.168000 inf
 1.200000 0.168000 inf
 1.300000 0.168000 67.761530
 1.400000 0.168000 57.604397
 1.500000 0.168000 57.266970
 1.600000 0.168000 62.299229
 1.700000 0.168000 59.112171
 1.800000 0.168000 64.798015
 1.900000 0.168000 62.706919
 2.000000 0.168000 64.115069
 2.100000 0.168000 63.412000
 2.200000 0.168000 63.005852
 2.300000 0.168000 61.028414
 2.400000 0.168000 66.189721
 2.500000 0.168000 64.789204
 2.600000 0.168000 59.884779
 2.700000 0.168000 65.387199
 2.800000 0.168000 65.561346
 2.900000 0.168000 65.237752
 3.000000 0.168000 63.918578
 3.100000 0.168000 66.589215
 3.200000 0.168000 66.670738
 3.300000 0.168000 65.813479
 3.400000 0.168000 64.882862
 3.500000 0.168000 59.608949
 3.600000 0.168000 65.891587
 3.700000 0.168000 65.619820
 3.800000 0.168000 65.249640
 3.900000 0.168000 65.253508
 4.000000 0.168000 66.484691
 4.100000 0.168000 65.341902
 4.200000 0.168000 62.743486
 4.300000 0.168000 64.984639
 4.400000 0.168000 66.920780
 4.500000 0.168000 65.964548
 4.600000 0.168000 66.173732
 4.700000 0.168000 65.091149
 4.800000 0.168000 65.950130
 4.900000 0.168000 66.100945
 5.000000 0.168000 66.710554

 0.000000 0.196000 inf
 0.100000 0.196000 inf
 0.200000 0.196000 inf
 0.300000 0.196000 inf
 0.400000 0.196000 inf
 0.500000 0.196000 inf
 0.600000 0.196000 inf
 0.700000 0.196000 32.765473
 0.800000 0.196000 30.042004
 0.900000 0.196000 inf
 1.000000 0.196000 inf
 1.100000 0.196000 inf
 1.200000 0.196000 inf
 1.300000 0.196000 59.865413
 1.400000 0.196000 49.168929
 1.500000 0.196000 54.803332
 1.600000 0.196000 61.936843
 1.700000 0.196000 61.262934
 1.800000 0.196000 61.776768
 1.900000 0.196000 64.599767
 2.000000 0.196000 63.085253
 2.100000 0.196000 59.096537
 2.200000 0.196000 64.102652
 2.300000 0.196000 64.631634
 2.400000 0.196000 63.995431
 2.500000 0.196000 63.535625
 2.600000 0.196000 64.664384
 2.700000 0.196000 64.940475
 2.800000 0.196000 65.533182
 2.900000 0.196000 64.728872
 3.000000 0.196000 64.531547
 3.100000 0.196000 65.020979
 3.200000 0.196000 65.219937
 3.300000 0.196000 63.872996
 3.400000 0.196000 64.619521
 3.500000 0.196000 61.809441
 3.600000 0.196000 62.337344
 3.700000 0.196000 62.989688
 3.800000 0.196000 64.714227
 3.900000 0.196000 65.357044
 4.000000 0.196000 65.042217
 4.100000 0.196000 63.911026
 4.200000 0.196000 63.434665
 4.300000 0.196000 62.631237
 4.400000 0.196000 65.311080
 4.500000 0.196000 65.367061
 4.600000 0.196000 64.888200
 4.700000 0.196000 65.121561
 4.800000 0.196000 65.579724
 4.900000 0.196000 63.201991
 5.000000 0.196000 66.776343

 0.000000 0.224000 inf
 0.100000 0.224000 inf
 0.200000 0.224000 inf
 0.300000 0.224000 inf
 0.400000 0.224000 inf
 0.500000 0.224000 inf
 0.600000 0.224000 inf
 0.700000 0.224000 35.765837
 0.800000 0.224000 35.728871
 0.900000 0.224000 inf
 1.000000 0.224000 inf
 1.100000 0.224000 inf
 1.200000 0.224000 inf
 1.300000 0.224000 62.177778
 1.400000 0.224000 55.363531
 1.500000 0.224000 54.714565
 1.600000 0.224000 58.924264
 1.700000 0.224000 62.159041
 1.800000 0.224000 61.812536
 1.900000 0.224000 63.344416
 2.000000 0.224000 59.912570
 2.100000 0.224000 63.187813
 2.200000 0.224000 63.345703
 2.300000 0.224000 61.578477
 2.400000 0.224000 64.469623
 2.500000 0.224000 65.809833
 2.600000 0.224000 66.229142
 2.700000 0.224000 68.164981
 2.800000 0.224000 63.603258
 2.900000 0.224000 68.019692
 3.000000 0.224000 67.734387
 3.100000 0.224000 68.093131
 3.200000 0.224000 67.636806
 3.300000 0.224000 66.948840
 3.400000 0.224000 67.201107
 3.500000 0.224000 67.319099
 3.600000 0.224000 66.513581
 3.700000 0.224000 64.346622
 3.800000 0.224000 63.661379
 3.900000 0.224000 63.622312
 4.000000 0.224000 66.786197
 4.100000 0.224000 65.632842
 4.200000 0.224000 66.564397
 4.300000 0.224000 65.196554
 4.400000 0.224000 63.682914
 4.500000 0.224000 66.825717
 4.600000 0.224000 52.807167
 4.700000 0.224000 67.856675
 4.800000 0.224000 67.489969
 4.900000 0.224000 63.930228
 5.000000 0.224000 67.762433

 0.000000 0.252000 inf
 0.100000 0.252000 inf
 0.200000 0.252000 inf
 0.300000 0.252000 inf
 0.400000 0.252000 inf
 0.500000 0.252000 inf
 0.600000 0.252000 inf
 0.700000 0.252000 40.729979
 0.800000 0.252000 40.293214
 0.900000 0.252000 69.067790
 1.000000 0.252000 inf
 1.100000 0.252000 inf
 1.200000 0.252000 68.449187
 1.300000 0.252000 58.211738
 1.400000 0.252000 51.625607
 1.500000 0.252000 55.164625
 1.600000 0.252000 60.758217
 1.700000 0.252000 62.017380
 1.800000 0.252000 63.571626
 1.900000 0.252000 63.274110
 2.000000 0.252000 61.680082
 2.100000 0.252000 63.596143
 2.200000 0.252000 62.574526
 2.300000 0.252000 64.617077
 2.400000 0.252000 64.260217
 2.500000 0.252000 67.100363
 2.600000 0.252000 inf
 2.700000 0.252000 inf
 2.800000 0.252000 inf
 2.900000 0.252000 inf
 3.000000 0.252000 inf
 3.100000 0.252000 inf
 3.200000 0.252000 inf
 3.300000 0.252000 inf
 3.400000 0.252000 inf
 3.500000 0.252000 inf
 3.600000 0.252000 inf
 3.700000 0.252000 inf
 3.800000 0.252000 inf
 3.900000 0.252000 inf
 4.000000 0.252000 inf
 4.100000 0.252000 inf
 4.200000 0.252000 inf
 4.300000 0.252000 inf
 4.400000 0.252000 inf
 4.500000 0.252000 52.690844
 4.600000 0.252000 inf
 4.700000 0.252000 inf
 4.800000 0.252000 40.940823
 4.900000 0.252000 inf
 5.000000 0.252000 46.586952

 0.000000 0.280000 inf
 0.100000 0.280000 inf
 0.200000 0.280000 inf
 0.300000 0.280000 inf
 0.400000 0.280000 inf
 0.500000 0.280000 inf
 0.600000 0.280000 inf
 0.700000 0.280000 40.775987
 0.800000 0.280000 44.158266
 0.900000 0.280000 68.072346
 1.000000 0.280000 82.478386
 1.100000 0.280000 inf
 1.200000 0.280000 inf
 1.300000 0.280000 61.734596
 1.400000 0.280000 57.342174
 1.500000 0.280000 56.460405
 1.600000 0.280000 61.769211
 1.700000 0.280000 60.302278
 1.800000 0.280000 61.944814
 1.900000 0.280000 61.527888
 2.000000 0.280000 60.535701
 2.100000 0.280000 61.090289
 2.200000 0.280000 63.927897
 2.300000 0.280000 63.275665
 2.400000 0.280000 64.867462
 2.500000 0.280000 inf
 2.600000 0.280000 inf
 2.700000 0.280000 inf
 2.800000 0.280000 inf
 2.900000 0.280000 inf
 3.000000 0.280000 inf
 3.100000 0.280000 inf
 3.200000 0.280000 inf
 3.300000 0.280000 inf
 3.400000 0.280000 inf
 3.500000 0.280000 inf
 3.600000 0.280000 inf
 3.700000 0.280000 inf
 3.800000 0.280000 inf
 3.900000 0.280000 inf
 4.000000 0.280000 inf
 4.100000 0.280000 inf
 4.200000 0.280000 inf
 4.300000 0.280000 inf
 4.400000 0.280000 inf
 4.500000 0.280000 inf
 4.600000 0.280000 inf
 4.700000 0.280000 inf
 4.800000 0.280000 inf
 4.900000 0.280000 inf
 5.000000 0.280000 inf

 0.000000 0.308000 inf
 0.100000 0.308000 inf
 0.200000 0.308000 inf
 0.300000 0.308000 inf
 0.400000 0.308000 inf
 0.500000 0.308000 inf
 0.600000 0.308000 inf
 0.700000 0.308000 38.938840
 0.800000 0.308000 46.931922
 0.900000 0.308000 57.255372
 1.000000 0.308000 63.274680
 1.100000 0.308000 inf
 1.200000 0.308000 65.603775
 1.300000 0.308000 57.036137
 1.400000 0.308000 58.884285
 1.500000 0.308000 56.541804
 1.600000 0.308000 59.044164
 1.700000 0.308000 60.817130
 1.800000 0.308000 60.508833
 1.900000 0.308000 60.543303
 2.000000 0.308000 60.708174
 2.100000 0.308000 60.779872
 2.200000 0.308000 61.500941
 2.300000 0.308000 64.600196
 2.400000 0.308000 73.084914
 2.500000 0.308000 inf
 2.600000 0.308000 inf
 2.700000 0.308000 inf
 2.800000 0.308000 inf
 2.900000 0.308000 inf
 3.000000 0.308000 inf
 3.100000 0.308000 inf
 3.200000 0.308000 inf
 3.300000 0.308000 inf
 3.400000 0.308000 inf
 3.500000 0.308000 inf
 3.600000 0.308000 inf
 3.700000 0.308000 inf
 3.800000 0.308000 inf
 3.900000 0.308000 inf
 4.000000 0.308000 -141.605263
 4.100000 0.308000 inf
 4.200000 0.308000 -147.759052
 4.300000 0.308000 inf
 4.400000 0.308000 inf
 4.500000 0.308000 inf
 4.600000 0.308000 inf
 4.700000 0.308000 inf
 4.800000 0.308000 inf
 4.900000 0.308000 inf
 5.000000 0.308000 inf

 0.000000 0.336000 inf
 0.100000 0.336000 inf
 0.200000 0.336000 inf
 0.300000 0.336000 inf
 0.400000 0.336000 inf
 0.500000 0.336000 inf
 0.600000 0.336000 inf
 0.700000 0.336000 45.350902
 0.800000 0.336000 54.814049
 0.900000 0.336000 56.013433
 1.000000 0.336000 58.607012
 1.100000 0.336000 inf
 1.200000 0.336000 61.926662
 1.300000 0.336000 59.245166
 1.400000 0.336000 57.485302
 1.500000 0.336000 58.027244
 1.600000 0.336000 60.047458
 1.700000 0.336000 60.972359
 1.800000 0.336000 60.950557
 1.900000 0.336000 61.295450
 2.000000 0.336000 62.461739
 2.100000 0.336000 61.142555
 2.200000 0.336000 61.142799
 2.300000 0.336000 67.303836
 2.400000 0.336000 inf
 2.500000 0.336000 inf
 2.600000 0.336000 inf
 2.700000 0.336000 inf
 2.800000 0.336000 inf
 2.900000 0.336000 inf
 3.000000 0.336000 inf
 3.100000 0.336000 inf
 3.200000 0.336000 inf
 3.300000 0.336000 inf
 3.400000 0.336000 inf
 3.500000 0.336000 inf
 3.600000 0.336000 inf
 3.700000 0.336000 inf
 3.800000 0.336000 inf
 3.900000 0.336000 inf
 4.000000 0.336000 inf
 4.100000 0.336000 inf
 4.200000 0.336000 inf
 4.300000 0.336000 inf
 4.400000 0.336000 inf
 4.500000 0.336000 inf
 4.600000 0.336000 inf
 4.700000 0.336000 inf
 4.800000 0.336000 inf
 4.900000 0.336000 inf
 5.000000 0.336000 inf

 0.000000 0.364000 inf
 0.100000 0.364000 inf
 0.200000 0.364000 inf
 0.300000 0.364000 inf
 0.400000 0.364000 inf
 0.500000 0.364000 inf
 0.600000 0.364000 inf
 0.700000 0.364000 54.218595
 0.800000 0.364000 57.695072
 0.900000 0.364000 54.211962
 1.000000 0.364000 56.709190
 1.100000 0.364000 63.862280
 1.200000 0.364000 61.166762
 1.300000 0.364000 59.975988
 1.400000 0.364000 60.742938
 1.500000 0.364000 57.743758
 1.600000 0.364000 61.219334
 1.700000 0.364000 60.378761
 1.800000 0.364000 61.353446
 1.900000 0.364000 60.860569
 2.000000 0.364000 59.678062
 2.100000 0.364000 62.240432
 2.200000 0.364000 61.056046
 2.300000 0.364000 inf
 2.400000 0.364000 inf
 2.500000 0.364000 inf
 2.600000 0.364000 inf
 2.700000 0.364000 inf
 2.800000 0.364000 inf
 2.900000 0.364000 inf
 3.000000 0.364000 inf
 3.100000 0.364000 inf
 3.200000 0.364000 inf
 3.300000 0.364000 inf
 3.400000 0.364000 inf
 3.500000 0.364000 inf
 3.600000 0.364000 inf
 3.700000 0.364000 inf
 3.800000 0.364000 inf
 3.900000 0.364000 inf
 4.000000 0.364000 inf
 4.100000 0.364000 inf
 4.200000 0.364000 inf
 4.300000 0.364000 inf
 4.400000 0.364000 inf
 4.500000 0.364000 inf
 4.600000 0.364000 inf
 4.700000 0.364000 inf
 4.800000 0.364000 inf
 4.900000 0.364000 inf
 5.000000 0.364000 inf

 0.000000 0.392000 inf
 0.100000 0.392000 inf
 0.200000 0.392000 inf
 0.300000 0.392000 inf
 0.400000 0.392000 inf
 0.500000 0.392000 inf
 0.600000 0.392000 inf
 0.700000 0.392000 63.984665
 0.800000 0.392000 54.768747
 0.900000 0.392000 53.610643
 1.000000 0.392000 54.563806
 1.100000 0.392000 68.161237
 1.200000 0.392000 61.499946
 1.300000 0.392000 64.034028
 1.400000 0.392000 59.995514
 1.500000 0.392000 59.946818
 1.600000 0.392000 58.427387
 1.700000 0.392000 58.299145
 1.800000 0.392000 61.437978
 1.900000 0.392000 61.362546
 2.000000 0.392000 61.897168
 2.100000 0.392000 60.333327
 2.200000 0.392000 68.873722
 2.300000 0.392000 inf
 2.400000 0.392000 inf
 2.500000 0.392000 inf
 2.600000 0.392000 inf
 2.700000 0.392000 inf
 2.800000 0.392000 inf
 2.900000 0.392000 inf
 3.000000 0.392000 inf
 3.100000 0.392000 inf
 3.200000 0.392000 inf
 3.300000 0.392000 inf
 3.400000 0.392000 inf
 3.500000 0.392000 inf
 3.600000 0.392000 inf
 3.700000 0.392000 inf
 3.800000 0.392000 inf
 3.900000 0.392000 inf
 4.000000 0.392000 inf
 4.100000 0.392000 inf
 4.200000 0.392000 inf
 4.300000 0.392000 inf
 4.400000 0.392000 inf
 4.500000 0.392000 inf
 4.600000 0.392000 inf
 4.700000 0.392000 inf
 4.800000 0.392000 inf
 4.900000 0.392000 inf
 5.000000 0.392000 inf

 0.000000 0.420000 inf
 0.100000 0.420000 inf
 0.200000 0.420000 inf
 0.300000 0.420000 inf
 0.400000 0.420000 inf
 0.500000 0.420000 inf
 0.600000 0.420000 inf
 0.700000 0.420000 65.533759
 0.800000 0.420000 56.058916
 0.900000 0.420000 50.046640
 1.000000 0.420000 55.877180
 1.100000 0.420000 77.209127
 1.200000 0.420000 63.323527
 1.300000 0.420000 65.879782
 1.400000 0.420000 59.765503
 1.500000 0.420000 60.153175
 1.600000 0.420000 61.710192
 1.700000 0.420000 59.913889
 1.800000 0.420000 59.416262
 1.900000 0.420000 60.193523
 2.000000 0.420000 60.160813
 2.100000 0.420000 62.100533
 2.200000 0.420000 inf
 2.300000 0.420000 inf
 2.400000 0.420000 inf
 2.500000 0.420000 inf
 2.600000 0.420000 inf
 2.700000 0.420000 inf
 2.800000 0.420000 inf
 2.900000 0.420000 inf
 3.000000 0.420000 inf
 3.100000 0.420000 inf
 3.200000 0.420000 inf
 3.300000 0.420000 inf
 3.400000 0.420000 inf
 3.500000 0.420000 inf
 3.600000 0.420000 inf
 3.700000 0.420000 inf
 3.800000 0.420000 inf
 3.900000 0.420000 inf
 4.000000 0.420000 inf
 4.100000 0.420000 inf
 4.200000 0.420000 inf
 4.300000 0.420000 inf
 4.400000 0.420000 inf
 4.500000 0.420000 inf
 4.600000 0.420000 inf
 4.700000 0.420000 inf
 4.800000 0.420000 inf
 4.900000 0.420000 inf
 5.000000 0.420000 inf

 0.000000 0.448000 inf
 0.100000 0.448000 inf
 0.200000 0.448000 inf
 0.300000 0.448000 inf
 0.400000 0.448000 inf
 0.500000 0.448000 inf
 0.600000 0.448000 inf
 0.700000 0.448000 70.009631
 0.800000 0.448000 56.876516
 0.900000 0.448000 50.214542
 1.000000 0.448000 49.406699
 1.100000 0.448000 75.486650
 1.200000 0.448000 61.084233
 1.300000 0.448000 65.500400
 1.400000 0.448000 63.123552
 1.500000 0.448000 59.760539
 1.600000 0.448000 61.839926
 1.700000 0.448000 60.173924
 1.800000 0.448000 60.267436
 1.900000 0.448000 60.714896
 2.000000 0.448000 61.710528
 2.100000 0.448000 93.086880
 2.200000 0.448000 inf
 2.300000 0.448000 inf
 2.400000 0.448000 inf
 2.500000 0.448000 inf
 2.600000 0.448000 inf
 2.700000 0.448000 inf
 2.800000 0.448000 inf
 2.900000 0.448000 inf
 3.000000 0.448000 inf
 3.100000 0.448000 inf
 3.200000 0.448000 inf
 3.300000 0.448000 inf
 3.400000 0.448000 inf
 3.500000 0.448000 inf
 3.600000 0.448000 inf
 3.700000 0.448000 inf
 3.800000 0.448000 inf
 3.900000 0.448000 inf
 4.000000 0.448000 inf
 4.100000 0.448000 inf
 4.200000 0.448000 inf
 4.300000 0.448000 inf
 4.400000 0.448000 inf
 4.500000 0.448000 inf
 4.600000 0.448000 inf
 4.700000 0.448000 inf
 4.800000 0.448000 inf
 4.900000 0.448000 inf
 5.000000 0.448000 inf

 0.000000 0.476000 inf
 0.100000 0.476000 inf
 0.200000 0.476000 inf
 0.300000 0.476000 inf
 0.400000 0.476000 inf
 0.500000 0.476000 inf
 0.600000 0.476000 inf
 0.700000 0.476000 74.554305
 0.800000 0.476000 58.008548
 0.900000 0.476000 51.833079
 1.000000 0.476000 55.086769
 1.100000 0.476000 66.322233
 1.200000 0.476000 60.355266
 1.300000 0.476000 62.345905
 1.400000 0.476000 61.673235
 1.500000 0.476000 60.857889
 1.600000 0.476000 59.637528
 1.700000 0.476000 58.984999
 1.800000 0.476000 58.529179
 1.900000 0.476000 57.635069
 2.000000 0.476000 64.806411
 2.100000 0.476000 inf
 2.200000 0.476000 inf
 2.300000 0.476000 inf
 2.400000 0.476000 inf
 2.500000 0.476000 inf
 2.600000 0.476000 inf
 2.700000 0.476000 inf
 2.800000 0.476000 inf
 2.900000 0.476000 inf
 3.000000 0.476000 inf
 3.100000 0.476000 inf
 3.200000 0.476000 inf
 3.300000 0.476000 inf
 3.400000 0.476000 inf
 3.500000 0.476000 inf
 3.600000 0.476000 inf
 3.700000 0.476000 inf
 3.800000 0.476000 inf
 3.900000 0.476000 inf
 4.000000 0.476000 inf
 4.100000 0.476000 inf
 4.200000 0.476000 inf
 4.300000 0.476000 inf
 4.400000 0.476000 inf
 4.500000 0.476000 inf
 4.600000 0.476000 inf
 4.700000 0.476000 inf
 4.800000 0.476000 inf
 4.900000 0.476000 inf
 5.000000 0.476000 inf

 0.000000 0.504000 inf
 0.100000 0.504000 inf
 0.200000 0.504000 inf
 0.300000 0.504000 inf
 0.400000 0.504000 inf
 0.500000 0.504000 inf
 0.600000 0.504000 inf
 0.700000 0.504000 inf
 0.800000 0.504000 60.783190
 0.900000 0.504000 50.731794
 1.000000 0.504000 55.537137
 1.100000 0.504000 62.111872
 1.200000 0.504000 60.220937
 1.300000 0.504000 65.757119
 1.400000 0.504000 61.756491
 1.500000 0.504000 59.680997
 1.600000 0.504000 61.025654
 1.700000 0.504000 59.531883
 1.800000 0.504000 59.206468
 1.900000 0.504000 62.477172
 2.000000 0.504000 inf
 2.100000 0.504000 inf
 2.200000 0.504000 inf
 2.300000 0.504000 inf
 2.400000 0.504000 inf
 2.500000 0.504000 inf
 2.600000 0.504000 inf
 2.700000 0.504000 inf
 2.800000 0.504000 inf
 2.900000 0.504000 inf
 3.000000 0.504000 inf
 3.100000 0.504000 inf
 3.200000 0.504000 inf
 3.300000 0.504000 inf
 3.400000 0.504000 inf
 3.500000 0.504000 inf
 3.600000 0.504000 inf
 3.700000 0.504000 inf
 3.800000 0.504000 inf
 3.900000 0.504000 inf
 4.000000 0.504000 inf
 4.100000 0.504000 inf
 4.200000 0.504000 inf
 4.300000 0.504000 inf
 4.400000 0.504000 inf
 4.500000 0.504000 inf
 4.600000 0.504000 inf
 4.700000 0.504000 inf
 4.800000 0.504000 inf
 4.900000 0.504000 inf
 5.000000 0.504000 inf

 0.000000 0.532000 inf
 0.100000 0.532000 inf
 0.200000 0.532000 inf
 0.300000 0.532000 inf
 0.400000 0.532000 inf
 0.500000 0.532000 inf
 0.600000 0.532000 inf
 0.700000 0.532000 inf
 0.800000 0.532000 64.026421
 0.900000 0.532000 48.928248
 1.000000 0.532000 55.908177
 1.100000 0.532000 61.625169
 1.200000 0.532000 55.490038
 1.300000 0.532000 63.193173
 1.400000 0.532000 62.219040
 1.500000 0.532000 61.143587
 1.600000 0.532000 60.713054
 1.700000 0.532000 57.348775
 1.800000 0.532000 59.476603
 1.900000 0.532000 61.682730
 2.000000 0.532000 inf
 2.100000 0.532000 inf
 2.200000 0.532000 inf
 2.300000 0.532000 inf
 2.400000 0.532000 inf
 2.500000 0.532000 inf
 2.600000 0.532000 inf
 2.700000 0.532000 inf
 2.800000 0.532000 inf
 2.900000 0.532000 inf
 3.000000 0.532000 inf
 3.100000 0.532000 inf
 3.200000 0.532000 inf
 3.300000 0.532000 inf
 3.400000 0.532000 inf
 3.500000 0.532000 inf
 3.600000 0.532000 inf
 3.700000 0.532000 inf
 3.800000 0.532000 inf
 3.900000 0.532000 inf
 4.000000 0.532000 inf
 4.100000 0.532000 inf
 4.200000 0.532000 inf
 4.300000 0.532000 inf
 4.400000 0.532000 inf
 4.500000 0.532000 inf
 4.600000 0.532000 inf
 4.700000 0.532000 inf
 4.800000 0.532000 inf
 4.900000 0.532000 inf
 5.000000 0.532000 inf

 0.000000 0.560000 inf
 0.100000 0.560000 inf
 0.200000 0.560000 inf
 0.300000 0.560000 inf
 0.400000 0.560000 inf
 0.500000 0.560000 inf
 0.600000 0.560000 inf
 0.700000 0.560000 inf
 0.800000 0.560000 61.042694
 0.900000 0.560000 48.408695
 1.000000 0.560000 56.537561
 1.100000 0.560000 60.533359
 1.200000 0.560000 59.976177
 1.300000 0.560000 62.637276
 1.400000 0.560000 62.230525
 1.500000 0.560000 61.639529
 1.600000 0.560000 59.817580
 1.700000 0.560000 52.425567
 1.800000 0.560000 60.663838
 1.900000 0.560000 inf
 2.000000 0.560000 inf
 2.100000 0.560000 inf
 2.200000 0.560000 inf
 2.300000 0.560000 inf
 2.400000 0.560000 inf
 2.500000 0.560000 inf
 2.600000 0.560000 inf
 2.700000 0.560000 inf
 2.800000 0.560000 inf
 2.900000 0.560000 inf
 3.000000 0.560000 inf
 3.100000 0.560000 inf
 3.200000 0.560000 inf
 3.300000 0.560000 inf
 3.400000 0.560000 inf
 3.500000 0.560000 inf
 3.600000 0.560000 inf
 3.700000 0.560000 inf
 3.800000 0.560000 inf
 3.900000 0.560000 inf
 4.000000 0.560000 inf
 4.100000 0.560000 inf
 4.200000 0.560000 inf
 4.300000 0.560000 inf
 4.400000 0.560000 inf
 4.500000 0.560000 inf
 4.600000 0.560000 inf
 4.700000 0.560000 inf
 4.800000 0.560000 inf
 4.900000 0.560000 inf
 5.000000 0.560000 inf

 0.000000 0.588000 inf
 0.100000 0.588000 inf
 0.200000 0.588000 inf
 0.300000 0.588000 inf
 0.400000 0.588000 inf
 0.500000 0.588000 inf
 0.600000 0.588000 inf
 0.700000 0.588000 inf
 0.800000 0.588000 58.474257
 0.900000 0.588000 52.423829
 1.000000 0.588000 59.448122
 1.100000 0.588000 60.805983
 1.200000 0.588000 61.460210
 1.300000 0.588000 63.653796
 1.400000 0.588000 63.142494
 1.500000 0.588000 60.478788
 1.600000 0.588000 57.943139
 1.700000 0.588000 58.240512
 1.800000 0.588000 70.235299
 1.900000 0.588000 inf
 2.000000 0.588000 inf
 2.100000 0.588000 inf
 2.200000 0.588000 inf
 2.300000 0.588000 inf
 2.400000 0.588000 inf
 2.500000 0.588000 inf
 2.600000 0.588000 inf
 2.700000 0.588000 inf
 2.800000 0.588000 inf
 2.900000 0.588000 inf
 3.000000 0.588000 inf
 3.100000 0.588000 inf
 3.200000 0.588000 inf
 3.300000 0.588000 inf
 3.400000 0.588000 inf
 3.500000 0.588000 inf
 3.600000 0.588000 inf
 3.700000 0.588000 inf
 3.800000 0.588000 inf
 3.900000 0.588000 inf
 4.000000 0.588000 inf
 4.100000 0.588000 inf
 4.200000 0.588000 inf
 4.300000 0.588000 inf
 4.400000 0.588000 inf
 4.500000 0.588000 inf
 4.600000 0.588000 inf
 4.700000 0.588000 inf
 4.800000 0.588000 inf
 4.900000 0.588000 inf
 5.000000 0.588000 inf

 0.000000 0.616000 inf
 0.100000 0.616000 inf
 0.200000 0.616000 inf
 0.300000 0.616000 inf
 0.400000 0.616000 inf
 0.500000 0.616000 inf
 0.600000 0.616000 inf
 0.700000 0.616000 inf
 0.800000 0.616000 57.268098
 0.900000 0.616000 53.873596
 1.000000 0.616000 59.668288
 1.100000 0.616000 60.374212
 1.200000 0.616000 62.274035
 1.300000 0.616000 62.858158
 1.400000 0.616000 61.123044
 1.500000 0.616000 57.346138
 1.600000 0.616000 56.305272
 1.700000 0.616000 58.717312
 1.800000 0.616000 inf
 1.900000 0.616000 inf
 2.000000 0.616000 inf
 2.100000 0.616000 inf
 2.200000 0.616000 inf
 2.300000 0.616000 inf
 2.400000 0.616000 inf
 2.500000 0.616000 inf
 2.600000 0.616000 inf
 2.700000 0.616000 inf
 2.800000 0.616000 inf
 2.900000 0.616000 inf
 3.000000 0.616000 inf
 3.100000 0.616000 inf
 3.200000 0.616000 inf
 3.300000 0.616000 inf
 3.400000 0.616000 inf
 3.500000 0.616000 inf
 3.600000 0.616000 inf
 3.700000 0.616000 inf
 3.800000 0.616000 inf
 3.900000 0.616000 inf
 4.000000 0.616000 inf
 4.100000 0.616000 inf
 4.200000 0.616000 inf
 4.300000 0.616000 inf
 4.400000 0.616000 inf
 4.500000 0.616000 inf
 4.600000 0.616000 inf
 4.700000 0.616000 inf
 4.800000 0.616000 inf
 4.900000 0.616000 inf
 5.000000 0.616000 inf

 0.000000 0.644000 inf
 0.100000 0.644000 inf
 0.200000 0.644000 inf
 0.300000 0.644000 inf
 0.400000 0.644000 inf
 0.500000 0.644000 inf
 0.600000 0.644000 inf
 0.700000 0.644000 71.974239
 0.800000 0.644000 53.501918
 0.900000 0.644000 56.353188
 1.000000 0.644000 61.376521
 1.100000 0.644000 59.602493
 1.200000 0.644000 61.515239
 1.300000 0.644000 61.878104
 1.400000 0.644000 61.733239
 1.500000 0.644000 58.490347
 1.600000 0.644000 57.084081
 1.700000 0.644000 74.992352
 1.800000 0.644000 inf
 1.900000 0.644000 inf
 2.000000 0.644000 inf
 2.100000 0.644000 inf
 2.200000 0.644000 inf
 2.300000 0.644000 inf
 2.400000 0.644000 inf
 2.500000 0.644000 inf
 2.600000 0.644000 inf
 2.700000 0.644000 inf
 2.800000 0.644000 inf
 2.900000 0.644000 inf
 3.000000 0.644000 inf
 3.100000 0.644000 inf
 3.200000 0.644000 inf
 3.300000 0.644000 inf
 3.400000 0.644000 inf
 3.500000 0.644000 inf
 3.600000 0.644000 inf
 3.700000 0.644000 inf
 3.800000 0.644000 inf
 3.900000 0.644000 inf
 4.000000 0.644000 inf
 4.100000 0.644000 inf
 4.200000 0.644000 inf
 4.300000 0.644000 inf
 4.400000 0.644000 inf
 4.500000 0.644000 inf
 4.600000 0.644000 inf
 4.700000 0.644000 inf
 4.800000 0.644000 inf
 4.900000 0.644000 inf
 5.000000 0.644000 inf

 0.000000 0.672000 inf
 0.100000 0.672000 inf
 0.200000 0.672000 inf
 0.300000 0.672000 inf
 0.400000 0.672000 inf
 0.500000 0.672000 inf
 0.600000 0.672000 inf
 0.700000 0.672000 66.384680
 0.800000 0.672000 56.113091
 0.900000 0.672000 59.443928
 1.000000 0.672000 61.683867
 1.100000 0.672000 59.466496
 1.200000 0.672000 59.992147
 1.300000 0.672000 62.979125
 1.400000 0.672000 61.830770
 1.500000 0.672000 59.433337
 1.600000 0.672000 59.873374
 1.700000 0.672000 inf
 1.800000 0.672000 inf
 1.900000 0.672000 inf
 2.000000 0.672000 inf
 2.100000 0.672000 inf
 2.200000 0.672000 inf
 2.300000 0.672000 inf
 2.400000 0.672000 inf
 2.500000 0.672000 inf
 2.600000 0.672000 inf
 2.700000 0.672000 inf
 2.800000 0.672000 inf
 2.900000 0.672000 inf
 3.000000 0.672000 inf
 3.100000 0.672000 inf
 3.200000 0.672000 inf
 3.300000 0.672000 inf
 3.400000 0.672000 inf
 3.500000 0.672000 inf
 3.600000 0.672000 inf
 3.700000 0.672000 inf
 3.800000 0.672000 inf
 3.900000 0.672000 inf
 4.000000 0.672000 inf
 4.100000 0.672000 inf
 4.200000 0.672000 inf
 4.300000 0.672000 inf
 4.400000 0.672000 inf
 4.500000 0.672000 inf
 4.600000 0.672000 inf
 4.700000 0.672000 inf
 4.800000 0.672000 inf
 4.900000 0.672000 inf
 5.000000 0.672000 inf

 0.000000 0.700000 inf
 0.100000 0.700000 inf
 0.200000 0.700000 inf
 0.300000 0.700000 inf
 0.400000 0.700000 inf
 0.500000 0.700000 inf
 0.600000 0.700000 inf
 0.700000 0.700000 65.884102
 0.800000 0.700000 59.598506
 0.900000 0.700000 61.584466
 1.000000 0.700000 58.474134
 1.100000 0.700000 60.088149
 1.200000 0.700000 60.099887
 1.300000 0.700000 62.373291
 1.400000 0.700000 58.973346
 1.500000 0.700000 59.323843
 1.600000 0.700000 inf
 1.700000 0.700000 inf
 1.800000 0.700000 inf
 1.900000 0.700000 inf
 2.000000 0.700000 inf
 2.100000 0.700000 inf
 2.200000 0.700000 inf
 2.300000 0.700000 inf
 2.400000 0.700000 inf
 2.500000 0.700000 inf
 2.600000 0.700000 inf
 2.700000 0.700000 inf
 2.800000 0.700000 inf
 2.900000 0.700000 inf
 3.000000 0.700000 inf
 3.100000 0.700000 inf
 3.200000 0.700000 inf
 3.300000 0.700000 inf
 3.400000 0.700000 inf
 3.500000 0.700000 inf
 3.600000 0.700000 inf
 3.700000 0.700000 inf
 3.800000 0.700000 inf
 3.900000 0.700000 inf
 4.000000 0.700000 inf
 4.100000 0.700000 inf
 4.200000 0.700000 inf
 4.300000 0.700000 inf
 4.400000 0.700000 inf
 4.500000 0.700000 inf
 4.600000 0.700000 inf
 4.700000 0.700000 inf
 4.800000 0.700000 inf
 4.900000 0.700000 inf
 5.000000 0.700000 inf

 0.000000 0.728000 inf
 0.100000 0.728000 inf
 0.200000 0.728000 inf
 0.300000 0.728000 inf
 0.400000 0.728000 inf
 0.500000 0.728000 inf
 0.600000 0.728000 inf
 0.700000 0.728000 67.744671
 0.800000 0.728000 62.932716
 0.900000 0.728000 60.815125
 1.000000 0.728000 61.546790
 1.100000 0.728000 58.162901
 1.200000 0.728000 60.754817
 1.300000 0.728000 62.088125
 1.400000 0.728000 55.370880
 1.500000 0.728000 63.517284
 1.600000 0.728000 inf
 1.700000 0.728000 inf
 1.800000 0.728000 inf
 1.900000 0.728000 inf
 2.000000 0.728000 inf
 2.100000 0.728000 inf
 2.200000 0.728000 inf
 2.300000 0.728000 inf
 2.400000 0.728000 inf
 2.500000 0.728000 inf
 2.600000 0.728000 inf
 2.700000 0.728000 inf
 2.800000 0.728000 inf
 2.900000 0.728000 inf
 3.000000 0.728000 inf
 3.100000 0.728000 inf
 3.200000 0.728000 inf
 3.300000 0.728000 inf
 3.400000 0.728000 inf
 3.500000 0.728000 inf
 3.600000 0.728000 inf
 3.700000 0.728000 inf
 3.800000 0.728000 inf
 3.900000 0.728000 inf
 4.000000 0.728000 inf
 4.100000 0.728000 inf
 4.200000 0.728000 inf
 4.300000 0.728000 inf
 4.400000 0.728000 inf
 4.500000 0.728000 inf
 4.600000 0.728000 inf
 4.700000 0.728000 inf
 4.800000 0.728000 inf
 4.900000 0.728000 inf
 5.000000 0.728000 inf

 0.000000 0.756000 inf
 0.100000 0.756000 inf
 0.200000 0.756000 inf
 0.300000 0.756000 inf
 0.400000 0.756000 inf
 0.500000 0.756000 inf
 0.600000 0.756000 inf
 0.700000 0.756000 69.676384
 0.800000 0.756000 62.375424
 0.900000 0.756000 61.394930
 1.000000 0.756000 61.108601
 1.100000 0.756000 52.881805
 1.200000 0.756000 61.758698
 1.300000 0.756000 60.839163
 1.400000 0.756000 62.164901
 1.500000 0.756000 inf
 1.600000 0.756000 inf
 1.700000 0.756000 inf
 1.800000 0.756000 inf
 1.900000 0.756000 inf
 2.000000 0.756000 inf
 2.100000 0.756000 inf
 2.200000 0.756000 inf
 2.300000 0.756000 inf
 2.400000 0.756000 inf
 2.500000 0.756000 inf
 2.600000 0.756000 inf
 2.700000 0.756000 inf
 2.800000 0.756000 inf
 2.900000 0.756000 inf
 3.000000 0.756000 inf
 3.100000 0.756000 inf
 3.200000 0.756000 inf
 3.300000 0.756000 inf
 3.400000 0.756000 inf
 3.500000 0.756000 inf
 3.600000 0.756000 inf
 3.700000 0.756000 inf
 3.800000 0.756000 inf
 3.900000 0.756000 inf
 4.000000 0.756000 inf
 4.100000 0.756000 inf
 4.200000 0.756000 inf
 4.300000 0.756000 inf
 4.400000 0.756000 inf
 4.500000 0.756000 inf
 4.600000 0.756000 inf
 4.700000 0.756000 inf
 4.800000 0.756000 inf
 4.900000 0.756000 inf
 5.000000 0.756000 inf

 0.000000 0.784000 inf
 0.100000 0.784000 inf
 0.200000 0.784000 inf
 0.300000 0.784000 inf
 0.400000 0.784000 inf
 0.500000 0.784000 inf
 0.600000 0.784000 inf
 0.700000 0.784000 72.232261
 0.800000 0.784000 63.840976
 0.900000 0.784000 62.937934
 1.000000 0.784000 60.245524
 1.100000 0.784000 62.600611
 1.200000 0.784000 64.061055
 1.300000 0.784000 61.748068
 1.400000 0.784000 62.137017
 1.500000 0.784000 inf
 1.600000 0.784000 inf
 1.700000 0.784000 inf
 1.800000 0.784000 inf
 1.900000 0.784000 inf
 2.000000 0.784000 inf
 2.100000 0.784000 inf
 2.200000 0.784000 inf
 2.300000 0.784000 inf
 2.400000 0.784000 inf
 2.500000 0.784000 inf
 2.600000 0.784000 inf
 2.700000 0.784000 inf
 2.800000 0.784000 inf
 2.900000 0.784000 inf
 3.000000 0.784000 inf
 3.100000 0.784000 inf
 3.200000 0.784000 inf
 3.300000 0.784000 inf
 3.400000 0.784000 inf
 3.500000 0.784000 inf
 3.600000 0.784000 inf
 3.700000 0.784000 inf
 3.800000 0.784000 inf
 3.900000 0.784000 inf
 4.000000 0.784000 inf
 4.100000 0.784000 inf
 4.200000 0.784000 inf
 4.300000 0.784000 inf
 4.400000 0.784000 inf
 4.500000 0.784000 inf
 4.600000 0.784000 inf
 4.700000 0.784000 inf
 4.800000 0.784000 inf
 4.900000 0.784000 inf
 5.000000 0.784000 inf

 0.000000 0.812000 inf
 0.100000 0.812000 inf
 0.200000 0.812000 inf
 0.300000 0.812000 inf
 0.400000 0.812000 inf
 0.500000 0.812000 inf
 0.600000 0.812000 92.057270
 0.700000 0.812000 74.567848
 0.800000 0.812000 67.092800
 0.900000 0.812000 64.890787
 1.000000 0.812000 66.460416
 1.100000 0.812000 66.679426
 1.200000 0.812000 65.087401
 1.300000 0.812000 65.950070
 1.400000 0.812000 inf
 1.500000 0.812000 inf
 1.600000 0.812000 inf
 1.700000 0.812000 inf
 1.800000 0.812000 inf
 1.900000 0.812000 inf
 2.000000 0.812000 inf
 2.100000 0.812000 inf
 2.200000 0.812000 inf
 2.300000 0.812000 inf
 2.400000 0.812000 inf
 2.500000 0.812000 inf
 2.600000 0.812000 inf
 2.700000 0.812000 inf
 2.800000 0.812000 inf
 2.900000 0.812000 inf
 3.000000 0.812000 inf
 3.100000 0.812000 inf
 3.200000 0.812000 inf
 3.300000 0.812000 inf
 3.400000 0.812000 inf
 3.500000 0.812000 inf
 3.600000 0.812000 inf
 3.700000 0.812000 inf
 3.800000 0.812000 inf
 3.900000 0.812000 inf
 4.000000 0.812000 inf
 4.100000 0.812000 inf
 4.200000 0.812000 inf
 4.300000 0.812000 inf
 4.400000 0.812000 inf
 4.500000 0.812000 inf
 4.600000 0.812000 inf
 4.700000 0.812000 inf
 4.800000 0.812000 inf
 4.900000 0.812000 inf
 5.000000 0.812000 inf

 0.000000 0.840000 inf
 0.100000 0.840000 inf
 0.200000 0.840000 inf
 0.300000 0.840000 inf
 0.400000 0.840000 inf
 0.500000 0.840000 inf
 0.600000 0.840000 90.878616
 0.700000 0.840000 72.439194
 0.800000 0.840000 69.672528
 0.900000 0.840000 69.391660
 1.000000 0.840000 68.263201
 1.100000 0.840000 68.609884
 1.200000 0.840000 65.677444
 1.300000 0.840000 inf
 1.400000 0.840000 inf
 1.500000 0.840000 inf
 1.600000 0.840000 inf
 1.700000 0.840000 inf
 1.800000 0.840000 inf
 1.900000 0.840000 inf
 2.000000 0.840000 inf
 2.100000 0.840000 inf
 2.200000 0.840000 inf
 2.300000 0.840000 inf
 2.400000 0.840000 inf
 2.500000 0.840000 inf
 2.600000 0.840000 inf
 2.700000 0.840000 inf
 2.800000 0.840000 inf
 2.900000 0.840000 inf
 3.000000 0.840000 inf
 3.100000 0.840000 inf
 3.200000 0.840000 inf
 3.300000 0.840000 inf
 3.400000 0.840000 inf
 3.500000 0.840000 inf
 3.600000 0.840000 inf
 3.700000 0.840000 inf
 3.800000 0.840000 inf
 3.900000 0.840000 inf
 4.000000 0.840000 inf
 4.100000 0.840000 inf
 4.200000 0.840000 inf
 4.300000 0.840000 inf
 4.400000 0.840000 inf
 4.500000 0.840000 inf
 4.600000 0.840000 inf
 4.700000 0.840000 inf
 4.800000 0.840000 inf
 4.900000 0.840000 inf
 5.000000 0.840000 inf

 0.000000 0.868000 inf
 0.100000 0.868000 inf
 0.200000 0.868000 inf
 0.300000 0.868000 inf
 0.400000 0.868000 inf
 0.500000 0.868000 inf
 0.600000 0.868000 80.601929
 0.700000 0.868000 68.578477
 0.800000 0.868000 68.071350
 0.900000 0.868000 69.513408
 1.000000 0.868000 67.466453
 1.100000 0.868000 67.314874
 1.200000 0.868000 71.933278
 1.300000 0.868000 inf
 1.400000 0.868000 inf
 1.500000 0.868000 inf
 1.600000 0.868000 inf
 1.700000 0.868000 inf
 1.800000 0.868000 inf
 1.900000 0.868000 inf
 2.000000 0.868000 inf
 2.100000 0.868000 inf
 2.200000 0.868000 inf
 2.300000 0.868000 inf
 2.400000 0.868000 inf
 2.500000 0.868000 inf
 2.600000 0.868000 inf
 2.700000 0.868000 inf
 2.800000 0.868000 inf
 2.900000 0.868000 inf
 3.000000 0.868000 inf
 3.100000 0.868000 inf
 3.200000 0.868000 inf
 3.300000 0.868000 inf
 3.400000 0.868000 inf
 3.500000 0.868000 inf
 3.600000 0.868000 inf
 3.700000 0.868000 inf
 3.800000 0.868000 inf
 3.900000 0.868000 inf
 4.000000 0.868000 inf
 4.100000 0.868000 inf
 4.200000 0.868000 inf
 4.300000 0.868000 inf
 4.400000 0.868000 inf
 4.500000 0.868000 inf
 4.600000 0.868000 inf
 4.700000 0.868000 inf
 4.800000 0.868000 inf
 4.900000 0.868000 inf
 5.000000 0.868000 inf

 0.000000 0.896000 inf
 0.100000 0.896000 inf
 0.200000 0.896000 inf
 0.300000 0.896000 inf
 0.400000 0.896000 inf
 0.500000 0.896000 inf
 0.600000 0.896000 80.584814
 0.700000 0.896000 66.938277
 0.800000 0.896000 67.913465
 0.900000 0.896000 67.589138
 1.000000 0.896000 67.694441
 1.100000 0.896000 72.693201
 1.200000 0.896000 inf
 1.300000 0.896000 inf
 1.400000 0.896000 inf
 1.500000 0.896000 inf
 1.600000 0.896000 inf
 1.700000 0.896000 inf
 1.800000 0.896000 inf
 1.900000 0.896000 inf
 2.000000 0.896000 inf
 2.100000 0.896000 inf
 2.200000 0.896000 inf
 2.300000 0.896000 inf
 2.400000 0.896000 inf
 2.500000 0.896000 inf
 2.600000 0.896000 inf
 2.700000 0.896000 inf
 2.800000 0.896000 inf
 2.900000 0.896000 inf
 3.000000 0.896000 inf
 3.100000 0.896000 inf
 3.200000 0.896000 inf
 3.300000 0.896000 inf
 3.400000 0.896000 inf
 3.500000 0.896000 inf
 3.600000 0.896000 inf
 3.700000 0.896000 inf
 3.800000 0.896000 inf
 3.900000 0.896000 inf
 4.000000 0.896000 inf
 4.100000 0.896000 inf
 4.200000 0.896000 inf
 4.300000 0.896000 inf
 4.400000 0.896000 inf
 4.500000 0.896000 inf
 4.600000 0.896000 inf
 4.700000 0.896000 inf
 4.800000 0.896000 inf
 4.900000 0.896000 inf
 5.000000 0.896000 inf

 0.000000 0.924000 inf
 0.100000 0.924000 inf
 0.200000 0.924000 inf
 0.300000 0.924000 inf
 0.400000 0.924000 inf
 0.500000 0.924000 inf
 0.600000 0.924000 58.246480
 0.700000 0.924000 66.280003
 0.800000 0.924000 68.309387
 0.900000 0.924000 68.620488
 1.000000 0.924000 65.975302
 1.100000 0.924000 inf
 1.200000 0.924000 inf
 1.300000 0.924000 inf
 1.400000 0.924000 inf
 1.500000 0.924000 inf
 1.600000 0.924000 inf
 1.700000 0.924000 inf
 1.800000 0.924000 inf
 1.900000 0.924000 inf
 2.000000 0.924000 inf
 2.100000 0.924000 inf
 2.200000 0.924000 inf
 2.300000 0.924000 inf
 2.400000 0.924000 inf
 2.500000 0.924000 inf
 2.600000 0.924000 inf
 2.700000 0.924000 inf
 2.800000 0.924000 inf
 2.900000 0.924000 inf
 3.000000 0.924000 inf
 3.100000 0.924000 inf
 3.200000 0.924000 inf
 3.300000 0.924000 inf
 3.400000 0.924000 inf
 3.500000 0.924000 inf
 3.600000 0.924000 inf
 3.700000 0.924000 inf
 3.800000 0.924000 inf
 3.900000 0.924000 inf
 4.000000 0.924000 inf
 4.100000 0.924000 inf
 4.200000 0.924000 inf
 4.300000 0.924000 inf
 4.400000 0.924000 inf
 4.500000 0.924000 inf
 4.600000 0.924000 inf
 4.700000 0.924000 inf
 4.800000 0.924000 inf
 4.900000 0.924000 inf
 5.000000 0.924000 inf

 0.000000 0.952000 inf
 0.100000 0.952000 inf
 0.200000 0.952000 inf
 0.300000 0.952000 inf
 0.400000 0.952000 inf
 0.500000 0.952000 inf
 0.600000 0.952000 67.354224
 0.700000 0.952000 65.708195
 0.800000 0.952000 69.386330
 0.900000 0.952000 68.272767
 1.000000 0.952000 69.089223
 1.100000 0.952000 inf
 1.200000 0.952000 inf
 1.300000 0.952000 inf
 1.400000 0.952000 inf
 1.500000 0.952000 inf
 1.600000 0.952000 inf
 1.700000 0.952000 inf
 1.800000 0.952000 inf
 1.900000 0.952000 inf
 2.000000 0.952000 inf
 2.100000 0.952000 inf
 2.200000 0.952000 inf
 2.300000 0.952000 inf
 2.400000 0.952000 inf
 2.500000 0.952000 inf
 2.600000 0.952000 inf
 2.700000 0.952000 inf
 2.800000 0.952000 inf
 2.900000 0.952000 inf
 3.000000 0.952000 inf
 3.100000 0.952000 inf
 3.200000 0.952000 inf
 3.300000 0.952000 inf
 3.400000 0.952000 inf
 3.500000 0.952000 inf
 3.600000 0.952000 inf
 3.700000 0.952000 inf
 3.800000 0.952000 inf
 3.900000 0.952000 inf
 4.000000 0.952000 inf
 4.100000 0.952000 inf
 4.200000 0.952000 inf
 4.300000 0.952000 inf
 4.400000 0.952000 inf
 4.500000 0.952000 inf
 4.600000 0.952000 inf
 4.700000 0.952000 inf
 4.800000 0.952000 inf
 4.900000 0.952000 inf
 5.000000 0.952000 inf

 0.000000 0.980000 inf
 0.100000 0.980000 inf
 0.200000 0.980000 inf
 0.300000 0.980000 inf
 0.400000 0.980000 inf
 0.500000 0.980000 89.177796
 0.600000 0.980000 68.618022
 0.700000 0.980000 65.751197
 0.800000 0.980000 69.019265
 0.900000 0.980000 73.302441
 1.000000 0.980000 inf
 1.100000 0.980000 inf
 1.200000 0.980000 inf
 1.300000 0.980000 inf
 1.400000 0.980000 inf
 1.500000 0.980000 inf
 1.600000 0.980000 inf
 1.700000 0.980000 inf
 1.800000 0.980000 inf
 1.900000 0.980000 inf
 2.000000 0.980000 inf
 2.100000 0.980000 inf
 2.200000 0.980000 inf
 2.300000 0.980000 inf
 2.400000 0.980000 inf
 2.500000 0.980000 inf
 2.600000 0.980000 inf
 2.700000 0.980000 inf
 2.800000 0.980000 inf
 2.900000 0.980000 inf
 3.000000 0.980000 inf
 3.100000 0.980000 inf
 3.200000 0.980000 inf
 3.300000 0.980000 inf
 3.400000 0.980000 inf
 3.500000 0.980000 inf
 3.600000 0.980000 inf
 3.700000 0.980000 inf
 3.800000 0.980000 inf
 3.900000 0.980000 inf
 4.000000 0.980000 inf
 4.100000 0.980000 inf
 4.200000 0.980000 inf
 4.300000 0.980000 inf
 4.400000 0.980000 inf
 4.500000 0.980000 inf
 4.600000 0.980000 inf
 4.700000 0.980000 inf
 4.800000 0.980000 inf
 4.900000 0.980000 inf
 5.000000 0.980000 inf

 0.000000 1.008000 inf
 0.100000 1.008000 inf
 0.200000 1.008000 inf
 0.300000 1.008000 inf
 0.400000 1.008000 inf
 0.500000 1.008000 82.140576
 0.600000 1.008000 70.487036
 0.700000 1.008000 67.323289
 0.800000 1.008000 68.714910
 0.900000 1.008000 85.854590
 1.000000 1.008000 inf
 1.100000 1.008000 inf
 1.200000 1.008000 inf
 1.300000 1.008000 inf
 1.400000 1.008000 inf
 1.500000 1.008000 inf
 1.600000 1.008000 inf
 1.700000 1.008000 inf
 1.800000 1.008000 inf
 1.900000 1.008000 inf
 2.000000 1.008000 inf
 2.100000 1.008000 inf
 2.200000 1.008000 inf
 2.300000 1.008000 inf
 2.400000 1.008000 inf
 2.500000 1.008000 inf
 2.600000 1.008000 inf
 2.700000 1.008000 inf
 2.800000 1.008000 inf
 2.900000 1.008000 inf
 3.000000 1.008000 inf
 3.100000 1.008000 inf
 3.200000 1.008000 inf
 3.300000 1.008000 inf
 3.400000 1.008000 inf
 3.500000 1.008000 inf
 3.600000 1.008000 inf
 3.700000 1.008000 inf
 3.800000 1.008000 inf
 3.900000 1.008000 inf
 4.000000 1.008000 inf
 4.100000 1.008000 inf
 4.200000 1.008000 inf
 4.300000 1.008000 inf
 4.400000 1.008000 inf
 4.500000 1.008000 inf
 4.600000 1.008000 inf
 4.700000 1.008000 inf
 4.800000 1.008000 inf
 4.900000 1.008000 inf
 5.000000 1.008000 inf

 0.000000 1.036000 inf
 0.100000 1.036000 inf
 0.200000 1.036000 inf
 0.300000 1.036000 inf
 0.400000 1.036000 inf
 0.500000 1.036000 81.041615
 0.600000 1.036000 70.015057
 0.700000 1.036000 70.518099
 0.800000 1.036000 76.020032
 0.900000 1.036000 inf
 1.000000 1.036000 inf
 1.100000 1.036000 inf
 1.200000 1.036000 inf
 1.300000 1.036000 inf
 1.400000 1.036000 inf
 1.500000 1.036000 inf
 1.600000 1.036000 inf
 1.700000 1.036000 inf
 1.800000 1.036000 inf
 1.900000 1.036000 inf
 2.000000 1.036000 inf
 2.100000 1.036000 inf
 2.200000 1.036000 inf
 2.300000 1.036000 inf
 2.400000 1.036000 inf
 2.500000 1.036000 inf
 2.600000 1.036000 inf
 2.700000 1.036000 inf
 2.800000 1.036000 inf
 2.900000 1.036000 inf
 3.000000 1.036000 inf
 3.100000 1.036000 inf
 3.200000 1.036000 inf
 3.300000 1.036000 inf
 3.400000 1.036000 inf
 3.500000 1.036000 inf
 3.600000 1.036000 inf
 3.700000 1.036000 inf
 3.800000 1.036000 inf
 3.900000 1.036000 inf
 4.000000 1.036000 inf
 4.100000 1.036000 inf
 4.200000 1.036000 inf
 4.300000 1.036000 inf
 4.400000 1.036000 inf
 4.500000 1.036000 inf
 4.600000 1.036000 inf
 4.700000 1.036000 inf
 4.800000 1.036000 inf
 4.900000 1.036000 inf
 5.000000 1.036000 inf

 0.000000 1.064000 inf
 0.100000 1.064000 inf
 0.200000 1.064000 inf
 0.300000 1.064000 inf
 0.400000 1.064000 inf
 0.500000 1.064000 80.200330
 0.600000 1.064000 71.892597
 0.700000 1.064000 71.443666
 0.800000 1.064000 95.200200
 0.900000 1.064000 inf
 1.000000 1.064000 inf
 1.100000 1.064000 inf
 1.200000 1.064000 inf
 1.300000 1.064000 inf
 1.400000 1.064000 inf
 1.500000 1.064000 inf
 1.600000 1.064000 inf
 1.700000 1.064000 inf
 1.800000 1.064000 inf
 1.900000 1.064000 inf
 2.000000 1.064000 inf
 2.100000 1.064000 inf
 2.200000 1.064000 inf
 2.300000 1.064000 inf
 2.400000 1.064000 inf
 2.500000 1.064000 inf
 2.600000 1.064000 inf
 2.700000 1.064000 inf
 2.800000 1.064000 inf
 2.900000 1.064000 inf
 3.000000 1.064000 inf
 3.100000 1.064000 inf
 3.200000 1.064000 inf
 3.300000 1.064000 inf
 3.400000 1.064000 inf
 3.500000 1.064000 inf
 3.600000 1.064000 inf
 3.700000 1.064000 inf
 3.800000 1.064000 inf
 3.900000 1.064000 inf
 4.000000 1.064000 inf
 4.100000 1.064000 inf
 4.200000 1.064000 inf
 4.300000 1.064000 inf
 4.400000 1.064000 inf
 4.500000 1.064000 inf
 4.600000 1.064000 inf
 4.700000 1.064000 inf
 4.800000 1.064000 inf
 4.900000 1.064000 inf
 5.000000 1.064000 inf

 0.000000 1.092000 inf
 0.100000 1.092000 inf
 0.200000 1.092000 inf
 0.300000 1.092000 inf
 0.400000 1.092000 inf
 0.500000 1.092000 79.207028
 0.600000 1.092000 74.132013
 0.700000 1.092000 75.806576
 0.800000 1.092000 inf
 0.900000 1.092000 inf
 1.000000 1.092000 inf
 1.100000 1.092000 inf
 1.200000 1.092000 inf
 1.300000 1.092000 inf
 1.400000 1.092000 inf
 1.500000 1.092000 inf
 1.600000 1.092000 inf
 1.700000 1.092000 inf
 1.800000 1.092000 inf
 1.900000 1.092000 inf
 2.000000 1.092000 inf
 2.100000 1.092000 inf
 2.200000 1.092000 inf
 2.300000 1.092000 inf
 2.400000 1.092000 inf
 2.500000 1.092000 inf
 2.600000 1.092000 inf
 2.700000 1.092000 inf
 2.800000 1.092000 inf
 2.900000 1.092000 inf
 3.000000 1.092000 inf
 3.100000 1.092000 inf
 3.200000 1.092000 inf
 3.300000 1.092000 inf
 3.400000 1.092000 inf
 3.500000 1.092000 inf
 3.600000 1.092000 inf
 3.700000 1.092000 inf
 3.800000 1.092000 inf
 3.900000 1.092000 inf
 4.000000 1.092000 inf
 4.100000 1.092000 inf
 4.200000 1.092000 inf
 4.300000 1.092000 inf
 4.400000 1.092000 inf
 4.500000 1.092000 inf
 4.600000 1.092000 inf
 4.700000 1.092000 inf
 4.800000 1.092000 inf
 4.900000 1.092000 inf
 5.000000 1.092000 inf

 0.000000 1.120000 inf
 0.100000 1.120000 inf
 0.200000 1.120000 inf
 0.300000 1.120000 inf
 0.400000 1.120000 93.804981
 0.500000 1.120000 79.908341
 0.600000 1.120000 70.062140
 0.700000 1.120000 inf
 0.800000 1.120000 inf
 0.900000 1.120000 inf
 1.000000 1.120000 inf
 1.100000 1.120000 inf
 1.200000 1.120000 inf
 1.300000 1.120000 inf
 1.400000 1.120000 inf
 1.500000 1.120000 inf
 1.600000 1.120000 inf
 1.700000 1.120000 inf
 1.800000 1.120000 inf
 1.900000 1.120000 inf
 2.000000 1.120000 inf
 2.100000 1.120000 inf
 2.200000 1.120000 inf
 2.300000 1.120000 inf
 2.400000 1.120000 inf
 2.500000 1.120000 inf
 2.600000 1.120000 inf
 2.700000 1.120000 inf
 2.800000 1.120000 inf
 2.900000 1.120000 inf
 3.000000 1.120000 inf
 3.100000 1.120000 inf
 3.200000 1.120000 inf
 3.300000 1.120000 inf
 3.400000 1.120000 inf
 3.500000 1.120000 inf
 3.600000 1.120000 inf
 3.700000 1.120000 inf
 3.800000 1.120000 inf
 3.900000 1.120000 inf
 4.000000 1.120000 inf
 4.100000 1.120000 inf
 4.200000 1.120000 inf
 4.300000 1.120000 inf
 4.400000 1.120000 inf
 4.500000 1.120000 inf
 4.600000 1.120000 inf
 4.700000 1.120000 inf
 4.800000 1.120000 inf
 4.900000 1.120000 inf
 5.000000 1.120000 inf

 0.000000 1.148000 inf
 0.100000 1.148000 inf
 0.200000 1.148000 inf
 0.300000 1.148000 inf
 0.400000 1.148000 98.173758
 0.500000 1.148000 81.204004
 0.600000 1.148000 83.121740
 0.700000 1.148000 inf
 0.800000 1.148000 inf
 0.900000 1.148000 inf
 1.000000 1.148000 inf
 1.100000 1.148000 inf
 1.200000 1.148000 inf
 1.300000 1.148000 inf
 1.400000 1.148000 inf
 1.500000 1.148000 inf
 1.600000 1.148000 inf
 1.700000 1.148000 inf
 1.800000 1.148000 inf
 1.900000 1.148000 inf
 2.000000 1.148000 inf
 2.100000 1.148000 inf
 2.200000 1.148000 inf
 2.300000 1.148000 inf
 2.400000 1.148000 inf
 2.500000 1.148000 inf
 2.600000 1.148000 inf
 2.700000 1.148000 inf
 2.800000 1.148000 inf
 2.900000 1.148000 inf
 3.000000 1.148000 inf
 3.100000 1.148000 inf
 3.200000 1.148000 inf
 3.300000 1.148000 inf
 3.400000 1.148000 inf
 3.500000 1.148000 inf
 3.600000 1.148000 inf
 3.700000 1.148000 inf
 3.800000 1.148000 inf
 3.900000 1.148000 inf
 4.000000 1.148000 inf
 4.100000 1.148000 inf
 4.200000 1.148000 inf
 4.300000 1.148000 inf
 4.400000 1.148000 inf
 4.500000 1.148000 inf
 4.600000 1.148000 inf
 4.700000 1.148000 inf
 4.800000 1.148000 inf
 4.900000 1.148000 inf
 5.000000 1.148000 inf

 0.000000 1.176000 inf
 0.100000 1.176000 inf
 0.200000 1.176000 inf
 0.300000 1.176000 inf
 0.400000 1.176000 97.566312
 0.500000 1.176000 84.810447
 0.600000 1.176000 89.385717
 0.700000 1.176000 inf
 0.800000 1.176000 inf
 0.900000 1.176000 inf
 1.000000 1.176000 inf
 1.100000 1.176000 inf
 1.200000 1.176000 inf
 1.300000 1.176000 inf
 1.400000 1.176000 inf
 1.500000 1.176000 inf
 1.600000 1.176000 inf
 1.700000 1.176000 inf
 1.800000 1.176000 inf
 1.900000 1.176000 inf
 2.000000 1.176000 inf
 2.100000 1.176000 inf
 2.200000 1.176000 inf
 2.300000 1.176000 inf
 2.400000 1.176000 inf
 2.500000 1.176000 inf
 2.600000 1.176000 inf
 2.700000 1.176000 inf
 2.800000 1.176000 inf
 2.900000 1.176000 inf
 3.000000 1.176000 inf
 3.100000 1.176000 inf
 3.200000 1.176000 inf
 3.300000 1.176000 inf
 3.400000 1.176000 inf
 3.500000 1.176000 inf
 3.600000 1.176000 inf
 3.700000 1.176000 inf
 3.800000 1.176000 inf
 3.900000 1.176000 inf
 4.000000 1.176000 inf
 4.100000 1.176000 inf
 4.200000 1.176000 inf
 4.300000 1.176000 inf
 4.400000 1.176000 inf
 4.500000 1.176000 inf
 4.600000 1.176000 inf
 4.700000 1.176000 inf
 4.800000 1.176000 inf
 4.900000 1.176000 inf
 5.000000 1.176000 inf

 0.000000 1.204000 inf
 0.100000 1.204000 inf
 0.200000 1.204000 inf
 0.300000 1.204000 inf
 0.400000 1.204000 93.183207
 0.500000 1.204000 94.260993
 0.600000 1.204000 inf
 0.700000 1.204000 inf
 0.800000 1.204000 inf
 0.900000 1.204000 inf
 1.000000 1.204000 inf
 1.100000 1.204000 inf
 1.200000 1.204000 inf
 1.300000 1.204000 inf
 1.400000 1.204000 inf
 1.500000 1.204000 inf
 1.600000 1.204000 inf
 1.700000 1.204000 inf
 1.800000 1.204000 inf
 1.900000 1.204000 inf
 2.000000 1.204000 inf
 2.100000 1.204000 inf
 2.200000 1.204000 inf
 2.300000 1.204000 inf
 2.400000 1.204000 inf
 2.500000 1.204000 inf
 2.600000 1.204000 inf
 2.700000 1.204000 inf
 2.800000 1.204000 inf
 2.900000 1.204000 inf
 3.000000 1.204000 inf
 3.100000 1.204000 inf
 3.200000 1.204000 inf
 3.300000 1.204000 inf
 3.400000 1.204000 inf
 3.500000 1.204000 inf
 3.600000 1.204000 inf
 3.700000 1.204000 inf
 3.800000 1.204000 inf
 3.900000 1.204000 inf
 4.000000 1.204000 inf
 4.100000 1.204000 inf
 4.200000 1.204000 inf
 4.300000 1.204000 inf
 4.400000 1.204000 inf
 4.500000 1.204000 inf
 4.600000 1.204000 inf
 4.700000 1.204000 inf
 4.800000 1.204000 inf
 4.900000 1.204000 inf
 5.000000 1.204000 inf

 0.000000 1.232000 inf
 0.100000 1.232000 inf
 0.200000 1.232000 inf
 0.300000 1.232000 inf
 0.400000 1.232000 101.201773
 0.500000 1.232000 inf
 0.600000 1.232000 inf
 0.700000 1.232000 inf
 0.800000 1.232000 inf
 0.900000 1.232000 inf
 1.000000 1.232000 inf
 1.100000 1.232000 inf
 1.200000 1.232000 inf
 1.300000 1.232000 inf
 1.400000 1.232000 inf
 1.500000 1.232000 inf
 1.600000 1.232000 inf
 1.700000 1.232000 inf
 1.800000 1.232000 inf
 1.900000 1.232000 inf
 2.000000 1.232000 inf
 2.100000 1.232000 inf
 2.200000 1.232000 inf
 2.300000 1.232000 inf
 2.400000 1.232000 inf
 2.500000 1.232000 inf
 2.600000 1.232000 inf
 2.700000 1.232000 inf
 2.800000 1.232000 inf
 2.900000 1.232000 inf
 3.000000 1.232000 inf
 3.100000 1.232000 inf
 3.200000 1.232000 inf
 3.300000 1.232000 inf
 3.400000 1.232000 inf
 3.500000 1.232000 inf
 3.600000 1.232000 inf
 3.700000 1.232000 inf
 3.800000 1.232000 inf
 3.900000 1.232000 inf
 4.000000 1.232000 inf
 4.100000 1.232000 inf
 4.200000 1.232000 inf
 4.300000 1.232000 inf
 4.400000 1.232000 inf
 4.500000 1.232000 inf
 4.600000 1.232000 inf
 4.700000 1.232000 inf
 4.800000 1.232000 inf
 4.900000 1.232000 inf
 5.000000 1.232000 inf

 0.000000 1.260000 inf
 0.100000 1.260000 inf
 0.200000 1.260000 inf
 0.300000 1.260000 inf
 0.400000 1.260000 inf
 0.500000 1.260000 inf
 0.600000 1.260000 inf
 0.700000 1.260000 inf
 0.800000 1.260000 inf
 0.900000 1.260000 inf
 1.000000 1.260000 inf
 1.100000 1.260000 inf
 1.200000 1.260000 inf
 1.300000 1.260000 inf
 1.400000 1.260000 inf
 1.500000 1.260000 inf
 1.600000 1.260000 inf
 1.700000 1.260000 inf
 1.800000 1.260000 inf
 1.900000 1.260000 inf
 2.000000 1.260000 inf
 2.100000 1.260000 inf
 2.200000 1.260000 inf
 2.300000 1.260000 inf
 2.400000 1.260000 inf
 2.500000 1.260000 inf
 2.600000 1.260000 inf
 2.700000 1.260000 inf
 2.800000 1.260000 inf
 2.900000 1.260000 inf
 3.000000 1.260000 inf
 3.100000 1.260000 inf
 3.200000 1.260000 inf
 3.300000 1.260000 inf
 3.400000 1.260000 inf
 3.500000 1.260000 inf
 3.600000 1.260000 inf
 3.700000 1.260000 inf
 3.800000 1.260000 inf
 3.900000 1.260000 inf
 4.000000 1.260000 inf
 4.100000 1.260000 inf
 4.200000 1.260000 inf
 4.300000 1.260000 inf
 4.400000 1.260000 inf
 4.500000 1.260000 inf
 4.600000 1.260000 inf
 4.700000 1.260000 inf
 4.800000 1.260000 inf
 4.900000 1.260000 inf
 5.000000 1.260000 inf

 0.000000 1.288000 inf
 0.100000 1.288000 inf
 0.200000 1.288000 inf
 0.300000 1.288000 inf
 0.400000 1.288000 inf
 0.500000 1.288000 inf
 0.600000 1.288000 inf
 0.700000 1.288000 inf
 0.800000 1.288000 inf
 0.900000 1.288000 inf
 1.000000 1.288000 inf
 1.100000 1.288000 inf
 1.200000 1.288000 inf
 1.300000 1.288000 inf
 1.400000 1.288000 inf
 1.500000 1.288000 inf
 1.600000 1.288000 inf
 1.700000 1.288000 inf
 1.800000 1.288000 inf
 1.900000 1.288000 inf
 2.000000 1.288000 inf
 2.100000 1.288000 inf
 2.200000 1.288000 inf
 2.300000 1.288000 inf
 2.400000 1.288000 inf
 2.500000 1.288000 inf
 2.600000 1.288000 inf
 2.700000 1.288000 inf
 2.800000 1.288000 inf
 2.900000 1.288000 inf
 3.000000 1.288000 inf
 3.100000 1.288000 inf
 3.200000 1.288000 inf
 3.300000 1.288000 inf
 3.400000 1.288000 inf
 3.500000 1.288000 inf
 3.600000 1.288000 inf
 3.700000 1.288000 inf
 3.800000 1.288000 inf
 3.900000 1.288000 inf
 4.000000 1.288000 inf
 4.100000 1.288000 inf
 4.200000 1.288000 inf
 4.300000 1.288000 inf
 4.400000 1.288000 inf
 4.500000 1.288000 inf
 4.600000 1.288000 inf
 4.700000 1.288000 inf
 4.800000 1.288000 inf
 4.900000 1.288000 inf
 5.000000 1.288000 inf

 0.000000 1.316000 inf
 0.100000 1.316000 inf
 0.200000 1.316000 inf
 0.300000 1.316000 inf
 0.400000 1.316000 inf
 0.500000 1.316000 inf
 0.600000 1.316000 inf
 0.700000 1.316000 inf
 0.800000 1.316000 inf
 0.900000 1.316000 inf
 1.000000 1.316000 inf
 1.100000 1.316000 inf
 1.200000 1.316000 inf
 1.300000 1.316000 inf
 1.400000 1.316000 inf
 1.500000 1.316000 inf
 1.600000 1.316000 inf
 1.700000 1.316000 inf
 1.800000 1.316000 inf
 1.900000 1.316000 inf
 2.000000 1.316000 inf
 2.100000 1.316000 inf
 2.200000 1.316000 inf
 2.300000 1.316000 inf
 2.400000 1.316000 inf
 2.500000 1.316000 inf
 2.600000 1.316000 inf
 2.700000 1.316000 inf
 2.800000 1.316000 inf
 2.900000 1.316000 inf
 3.000000 1.316000 inf
 3.100000 1.316000 inf
 3.200000 1.316000 inf
 3.300000 1.316000 inf
 3.400000 1.316000 inf
 3.500000 1.316000 inf
 3.600000 1.316000 inf
 3.700000 1.316000 inf
 3.800000 1.316000 inf
 3.900000 1.316000 inf
 4.000000 1.316000 inf
 4.100000 1.316000 inf
 4.200000 1.316000 inf
 4.300000 1.316000 inf
 4.400000 1.316000 inf
 4.500000 1.316000 inf
 4.600000 1.316000 inf
 4.700000 1.316000 inf
 4.800000 1.316000 inf
 4.900000 1.316000 inf
 5.000000 1.316000 inf

 0.000000 1.344000 inf
 0.100000 1.344000 inf
 0.200000 1.344000 inf
 0.300000 1.344000 inf
 0.400000 1.344000 inf
 0.500000 1.344000 inf
 0.600000 1.344000 inf
 0.700000 1.344000 inf
 0.800000 1.344000 inf
 0.900000 1.344000 inf
 1.000000 1.344000 inf
 1.100000 1.344000 inf
 1.200000 1.344000 inf
 1.300000 1.344000 inf
 1.400000 1.344000 inf
 1.500000 1.344000 inf
 1.600000 1.344000 inf
 1.700000 1.344000 inf
 1.800000 1.344000 inf
 1.900000 1.344000 inf
 2.000000 1.344000 inf
 2.100000 1.344000 inf
 2.200000 1.344000 inf
 2.300000 1.344000 inf
 2.400000 1.344000 inf
 2.500000 1.344000 inf
 2.600000 1.344000 inf
 2.700000 1.344000 inf
 2.800000 1.344000 inf
 2.900000 1.344000 inf
 3.000000 1.344000 inf
 3.100000 1.344000 inf
 3.200000 1.344000 inf
 3.300000 1.344000 inf
 3.400000 1.344000 inf
 3.500000 1.344000 inf
 3.600000 1.344000 inf
 3.700000 1.344000 inf
 3.800000 1.344000 inf
 3.900000 1.344000 inf
 4.000000 1.344000 inf
 4.100000 1.344000 inf
 4.200000 1.344000 inf
 4.300000 1.344000 inf
 4.400000 1.344000 inf
 4.500000 1.344000 inf
 4.600000 1.344000 inf
 4.700000 1.344000 inf
 4.800000 1.344000 inf
 4.900000 1.344000 inf
 5.000000 1.344000 inf

 0.000000 1.372000 inf
 0.100000 1.372000 inf
 0.200000 1.372000 inf
 0.300000 1.372000 inf
 0.400000 1.372000 inf
 0.500000 1.372000 inf
 0.600000 1.372000 inf
 0.700000 1.372000 inf
 0.800000 1.372000 inf
 0.900000 1.372000 inf
 1.000000 1.372000 inf
 1.100000 1.372000 inf
 1.200000 1.372000 inf
 1.300000 1.372000 inf
 1.400000 1.372000 inf
 1.500000 1.372000 inf
 1.600000 1.372000 inf
 1.700000 1.372000 inf
 1.800000 1.372000 inf
 1.900000 1.372000 inf
 2.000000 1.372000 inf
 2.100000 1.372000 inf
 2.200000 1.372000 inf
 2.300000 1.372000 inf
 2.400000 1.372000 inf
 2.500000 1.372000 inf
 2.600000 1.372000 inf
 2.700000 1.372000 inf
 2.800000 1.372000 inf
 2.900000 1.372000 inf
 3.000000 1.372000 inf
 3.100000 1.372000 inf
 3.200000 1.372000 inf
 3.300000 1.372000 inf
 3.400000 1.372000 inf
 3.500000 1.372000 inf
 3.600000 1.372000 inf
 3.700000 1.372000 inf
 3.800000 1.372000 inf
 3.900000 1.372000 inf
 4.000000 1.372000 inf
 4.100000 1.372000 inf
 4.200000 1.372000 inf
 4.300000 1.372000 inf
 4.400000 1.372000 inf
 4.500000 1.372000 inf
 4.600000 1.372000 inf
 4.700000 1.372000 inf
 4.800000 1.372000 inf
 4.900000 1.372000 inf
 5.000000 1.372000 inf

 0.000000 1.400000 inf
 0.100000 1.400000 inf
 0.200000 1.400000 inf
 0.300000 1.400000 inf
 0.400000 1.400000 inf
 0.500000 1.400000 inf
 0.600000 1.400000 inf
 0.700000 1.400000 inf
 0.800000 1.400000 inf
 0.900000 1.400000 inf
 1.000000 1.400000 inf
 1.100000 1.400000 inf
 1.200000 1.400000 inf
 1.300000 1.400000 inf
 1.400000 1.400000 inf
 1.500000 1.400000 inf
 1.600000 1.400000 inf
 1.700000 1.400000 inf
 1.800000 1.400000 inf
 1.900000 1.400000 inf
 2.000000 1.400000 inf
 2.100000 1.400000 inf
 2.200000 1.400000 inf
 2.300000 1.400000 inf
 2.400000 1.400000 inf
 2.500000 1.400000 inf
 2.600000 1.400000 inf
 2.700000 1.400000 inf
 2.800000 1.400000 inf
 2.900000 1.400000 inf
 3.000000 1.400000 inf
 3.100000 1.400000 inf
 3.200000 1.400000 inf
 3.300000 1.400000 inf
 3.400000 1.400000 inf
 3.500000 1.400000 inf
 3.600000 1.400000 inf
 3.700000 1.400000 inf
 3.800000 1.400000 inf
 3.900000 1.400000 inf
 4.000000 1.400000 inf
 4.100000 1.400000 inf
 4.200000 1.400000 inf
 4.300000 1.400000 inf
 4.400000 1.400000 inf
 4.500000 1.400000 inf
 4.600000 1.400000 inf
 4.700000 1.400000 inf
 4.800000 1.400000 inf
 4.900000 1.400000 inf
 5.000000 1.400000 inf
