#! FIELDS dist rmsd f_reweighted
#! SET normalisation  1.000000
#! SET min_dist 0.0
#! SET max_dist 5.0
#! SET nbins_dist  50
#! SET periodic_dist false
#! SET min_rmsd 0.0
#! SET max_rmsd 0.38
#! SET nbins_rmsd  50
#! SET periodic_rmsd false
 0.000000 0.000000 inf
 0.100000 0.000000 inf
 0.200000 0.000000 inf
 0.300000 0.000000 inf
 0.400000 0.000000 inf
 0.500000 0.000000 inf
 0.600000 0.000000 inf
 0.700000 0.000000 inf
 0.800000 0.000000 inf
 0.900000 0.000000 inf
 1.000000 0.000000 inf
 1.100000 0.000000 inf
 1.200000 0.000000 inf
 1.300000 0.000000 inf
 1.400000 0.000000 inf
 1.500000 0.000000 inf
 1.600000 0.000000 inf
 1.700000 0.000000 inf
 1.800000 0.000000 inf
 1.900000 0.000000 inf
 2.000000 0.000000 inf
 2.100000 0.000000 inf
 2.200000 0.000000 inf
 2.300000 0.000000 inf
 2.400000 0.000000 inf
 2.500000 0.000000 inf
 2.600000 0.000000 inf
 2.700000 0.000000 inf
 2.800000 0.000000 inf
 2.900000 0.000000 inf
 3.000000 0.000000 inf
 3.100000 0.000000 inf
 3.200000 0.000000 inf
 3.300000 0.000000 inf
 3.400000 0.000000 inf
 3.500000 0.000000 inf
 3.600000 0.000000 inf
 3.700000 0.000000 inf
 3.800000 0.000000 inf
 3.900000 0.000000 inf
 4.000000 0.000000 inf
 4.100000 0.000000 inf
 4.200000 0.000000 inf
 4.300000 0.000000 inf
 4.400000 0.000000 inf
 4.500000 0.000000 inf
 4.600000 0.000000 inf
 4.700000 0.000000 inf
 4.800000 0.000000 inf
 4.900000 0.000000 inf
 5.000000 0.000000 inf

 0.000000 0.007600 inf
 0.100000 0.007600 inf
 0.200000 0.007600 inf
 0.300000 0.007600 inf
 0.400000 0.007600 inf
 0.500000 0.007600 inf
 0.600000 0.007600 inf
 0.700000 0.007600 inf
 0.800000 0.007600 inf
 0.900000 0.007600 inf
 1.000000 0.007600 inf
 1.100000 0.007600 inf
 1.200000 0.007600 inf
 1.300000 0.007600 inf
 1.400000 0.007600 inf
 1.500000 0.007600 inf
 1.600000 0.007600 inf
 1.700000 0.007600 inf
 1.800000 0.007600 inf
 1.900000 0.007600 inf
 2.000000 0.007600 inf
 2.100000 0.007600 inf
 2.200000 0.007600 inf
 2.300000 0.007600 inf
 2.400000 0.007600 inf
 2.500000 0.007600 inf
 2.600000 0.007600 inf
 2.700000 0.007600 inf
 2.800000 0.007600 inf
 2.900000 0.007600 inf
 3.000000 0.007600 inf
 3.100000 0.007600 inf
 3.200000 0.007600 inf
 3.300000 0.007600 inf
 3.400000 0.007600 inf
 3.500000 0.007600 inf
 3.600000 0.007600 inf
 3.700000 0.007600 inf
 3.800000 0.007600 inf
 3.900000 0.007600 inf
 4.000000 0.007600 inf
 4.100000 0.007600 inf
 4.200000 0.007600 inf
 4.300000 0.007600 inf
 4.400000 0.007600 inf
 4.500000 0.007600 inf
 4.600000 0.007600 inf
 4.700000 0.007600 inf
 4.800000 0.007600 inf
 4.900000 0.007600 inf
 5.000000 0.007600 inf

 0.000000 0.015200 inf
 0.100000 0.015200 inf
 0.200000 0.015200 inf
 0.300000 0.015200 inf
 0.400000 0.015200 inf
 0.500000 0.015200 inf
 0.600000 0.015200 inf
 0.700000 0.015200 inf
 0.800000 0.015200 inf
 0.900000 0.015200 inf
 1.000000 0.015200 inf
 1.100000 0.015200 inf
 1.200000 0.015200 inf
 1.300000 0.015200 inf
 1.400000 0.015200 inf
 1.500000 0.015200 inf
 1.600000 0.015200 inf
 1.700000 0.015200 inf
 1.800000 0.015200 inf
 1.900000 0.015200 inf
 2.000000 0.015200 inf
 2.100000 0.015200 inf
 2.200000 0.015200 inf
 2.300000 0.015200 inf
 2.400000 0.015200 inf
 2.500000 0.015200 inf
 2.600000 0.015200 inf
 2.700000 0.015200 inf
 2.800000 0.015200 inf
 2.900000 0.015200 inf
 3.000000 0.015200 inf
 3.100000 0.015200 inf
 3.200000 0.015200 inf
 3.300000 0.015200 inf
 3.400000 0.015200 inf
 3.500000 0.015200 inf
 3.600000 0.015200 inf
 3.700000 0.015200 inf
 3.800000 0.015200 inf
 3.900000 0.015200 inf
 4.000000 0.015200 inf
 4.100000 0.015200 inf
 4.200000 0.015200 inf
 4.300000 0.015200 inf
 4.400000 0.015200 inf
 4.500000 0.015200 inf
 4.600000 0.015200 inf
 4.700000 0.015200 inf
 4.800000 0.015200 inf
 4.900000 0.015200 inf
 5.000000 0.015200 inf

 0.000000 0.022800 inf
 0.100000 0.022800 inf
 0.200000 0.022800 inf
 0.300000 0.022800 inf
 0.400000 0.022800 inf
 0.500000 0.022800 inf
 0.600000 0.022800 inf
 0.700000 0.022800 inf
 0.800000 0.022800 inf
 0.900000 0.022800 inf
 1.000000 0.022800 inf
 1.100000 0.022800 inf
 1.200000 0.022800 inf
 1.300000 0.022800 inf
 1.400000 0.022800 inf
 1.500000 0.022800 inf
 1.600000 0.022800 inf
 1.700000 0.022800 inf
 1.800000 0.022800 inf
 1.900000 0.022800 inf
 2.000000 0.022800 inf
 2.100000 0.022800 inf
 2.200000 0.022800 inf
 2.300000 0.022800 inf
 2.400000 0.022800 inf
 2.500000 0.022800 inf
 2.600000 0.022800 inf
 2.700000 0.022800 inf
 2.800000 0.022800 inf
 2.900000 0.022800 inf
 3.000000 0.022800 inf
 3.100000 0.022800 inf
 3.200000 0.022800 inf
 3.300000 0.022800 inf
 3.400000 0.022800 inf
 3.500000 0.022800 inf
 3.600000 0.022800 inf
 3.700000 0.022800 inf
 3.800000 0.022800 inf
 3.900000 0.022800 inf
 4.000000 0.022800 inf
 4.100000 0.022800 inf
 4.200000 0.022800 inf
 4.300000 0.022800 inf
 4.400000 0.022800 inf
 4.500000 0.022800 inf
 4.600000 0.022800 inf
 4.700000 0.022800 inf
 4.800000 0.022800 inf
 4.900000 0.022800 inf
 5.000000 0.022800 inf

 0.000000 0.030400 inf
 0.100000 0.030400 inf
 0.200000 0.030400 inf
 0.300000 0.030400 inf
 0.400000 0.030400 inf
 0.500000 0.030400 inf
 0.600000 0.030400 inf
 0.700000 0.030400 inf
 0.800000 0.030400 inf
 0.900000 0.030400 inf
 1.000000 0.030400 inf
 1.100000 0.030400 inf
 1.200000 0.030400 inf
 1.300000 0.030400 inf
 1.400000 0.030400 inf
 1.500000 0.030400 inf
 1.600000 0.030400 inf
 1.700000 0.030400 inf
 1.800000 0.030400 inf
 1.900000 0.030400 inf
 2.000000 0.030400 inf
 2.100000 0.030400 inf
 2.200000 0.030400 inf
 2.300000 0.030400 inf
 2.400000 0.030400 inf
 2.500000 0.030400 inf
 2.600000 0.030400 inf
 2.700000 0.030400 inf
 2.800000 0.030400 inf
 2.900000 0.030400 inf
 3.000000 0.030400 inf
 3.100000 0.030400 inf
 3.200000 0.030400 inf
 3.300000 0.030400 inf
 3.400000 0.030400 inf
 3.500000 0.030400 inf
 3.600000 0.030400 inf
 3.700000 0.030400 inf
 3.800000 0.030400 inf
 3.900000 0.030400 inf
 4.000000 0.030400 inf
 4.100000 0.030400 inf
 4.200000 0.030400 inf
 4.300000 0.030400 inf
 4.400000 0.030400 inf
 4.500000 0.030400 inf
 4.600000 0.030400 inf
 4.700000 0.030400 inf
 4.800000 0.030400 inf
 4.900000 0.030400 inf
 5.000000 0.030400 inf

 0.000000 0.038000 inf
 0.100000 0.038000 inf
 0.200000 0.038000 inf
 0.300000 0.038000 inf
 0.400000 0.038000 inf
 0.500000 0.038000 inf
 0.600000 0.038000 inf
 0.700000 0.038000 inf
 0.800000 0.038000 inf
 0.900000 0.038000 inf
 1.000000 0.038000 inf
 1.100000 0.038000 inf
 1.200000 0.038000 inf
 1.300000 0.038000 inf
 1.400000 0.038000 inf
 1.500000 0.038000 inf
 1.600000 0.038000 inf
 1.700000 0.038000 inf
 1.800000 0.038000 inf
 1.900000 0.038000 inf
 2.000000 0.038000 inf
 2.100000 0.038000 inf
 2.200000 0.038000 inf
 2.300000 0.038000 inf
 2.400000 0.038000 inf
 2.500000 0.038000 inf
 2.600000 0.038000 inf
 2.700000 0.038000 inf
 2.800000 0.038000 inf
 2.900000 0.038000 inf
 3.000000 0.038000 inf
 3.100000 0.038000 inf
 3.200000 0.038000 inf
 3.300000 0.038000 inf
 3.400000 0.038000 inf
 3.500000 0.038000 inf
 3.600000 0.038000 inf
 3.700000 0.038000 inf
 3.800000 0.038000 inf
 3.900000 0.038000 inf
 4.000000 0.038000 inf
 4.100000 0.038000 inf
 4.200000 0.038000 inf
 4.300000 0.038000 inf
 4.400000 0.038000 inf
 4.500000 0.038000 inf
 4.600000 0.038000 inf
 4.700000 0.038000 inf
 4.800000 0.038000 inf
 4.900000 0.038000 inf
 5.000000 0.038000 inf

 0.000000 0.045600 inf
 0.100000 0.045600 inf
 0.200000 0.045600 inf
 0.300000 0.045600 inf
 0.400000 0.045600 inf
 0.500000 0.045600 inf
 0.600000 0.045600 inf
 0.700000 0.045600 inf
 0.800000 0.045600 inf
 0.900000 0.045600 inf
 1.000000 0.045600 inf
 1.100000 0.045600 inf
 1.200000 0.045600 inf
 1.300000 0.045600 inf
 1.400000 0.045600 inf
 1.500000 0.045600 inf
 1.600000 0.045600 inf
 1.700000 0.045600 inf
 1.800000 0.045600 inf
 1.900000 0.045600 inf
 2.000000 0.045600 inf
 2.100000 0.045600 inf
 2.200000 0.045600 inf
 2.300000 0.045600 inf
 2.400000 0.045600 inf
 2.500000 0.045600 inf
 2.600000 0.045600 inf
 2.700000 0.045600 inf
 2.800000 0.045600 inf
 2.900000 0.045600 inf
 3.000000 0.045600 inf
 3.100000 0.045600 inf
 3.200000 0.045600 inf
 3.300000 0.045600 inf
 3.400000 0.045600 inf
 3.500000 0.045600 inf
 3.600000 0.045600 inf
 3.700000 0.045600 inf
 3.800000 0.045600 inf
 3.900000 0.045600 inf
 4.000000 0.045600 inf
 4.100000 0.045600 inf
 4.200000 0.045600 inf
 4.300000 0.045600 inf
 4.400000 0.045600 inf
 4.500000 0.045600 inf
 4.600000 0.045600 inf
 4.700000 0.045600 inf
 4.800000 0.045600 inf
 4.900000 0.045600 inf
 5.000000 0.045600 inf

 0.000000 0.053200 inf
 0.100000 0.053200 inf
 0.200000 0.053200 inf
 0.300000 0.053200 inf
 0.400000 0.053200 inf
 0.500000 0.053200 inf
 0.600000 0.053200 inf
 0.700000 0.053200 inf
 0.800000 0.053200 inf
 0.900000 0.053200 inf
 1.000000 0.053200 inf
 1.100000 0.053200 inf
 1.200000 0.053200 inf
 1.300000 0.053200 inf
 1.400000 0.053200 inf
 1.500000 0.053200 inf
 1.600000 0.053200 inf
 1.700000 0.053200 inf
 1.800000 0.053200 inf
 1.900000 0.053200 inf
 2.000000 0.053200 inf
 2.100000 0.053200 inf
 2.200000 0.053200 inf
 2.300000 0.053200 inf
 2.400000 0.053200 inf
 2.500000 0.053200 inf
 2.600000 0.053200 inf
 2.700000 0.053200 inf
 2.800000 0.053200 inf
 2.900000 0.053200 inf
 3.000000 0.053200 inf
 3.100000 0.053200 inf
 3.200000 0.053200 inf
 3.300000 0.053200 inf
 3.400000 0.053200 inf
 3.500000 0.053200 inf
 3.600000 0.053200 inf
 3.700000 0.053200 inf
 3.800000 0.053200 inf
 3.900000 0.053200 inf
 4.000000 0.053200 inf
 4.100000 0.053200 inf
 4.200000 0.053200 inf
 4.300000 0.053200 inf
 4.400000 0.053200 inf
 4.500000 0.053200 inf
 4.600000 0.053200 inf
 4.700000 0.053200 inf
 4.800000 0.053200 inf
 4.900000 0.053200 inf
 5.000000 0.053200 inf

 0.000000 0.060800 inf
 0.100000 0.060800 inf
 0.200000 0.060800 inf
 0.300000 0.060800 inf
 0.400000 0.060800 inf
 0.500000 0.060800 inf
 0.600000 0.060800 inf
 0.700000 0.060800 inf
 0.800000 0.060800 inf
 0.900000 0.060800 inf
 1.000000 0.060800 inf
 1.100000 0.060800 inf
 1.200000 0.060800 inf
 1.300000 0.060800 inf
 1.400000 0.060800 inf
 1.500000 0.060800 inf
 1.600000 0.060800 inf
 1.700000 0.060800 inf
 1.800000 0.060800 inf
 1.900000 0.060800 inf
 2.000000 0.060800 inf
 2.100000 0.060800 inf
 2.200000 0.060800 inf
 2.300000 0.060800 inf
 2.400000 0.060800 inf
 2.500000 0.060800 inf
 2.600000 0.060800 inf
 2.700000 0.060800 inf
 2.800000 0.060800 inf
 2.900000 0.060800 inf
 3.000000 0.060800 inf
 3.100000 0.060800 inf
 3.200000 0.060800 inf
 3.300000 0.060800 inf
 3.400000 0.060800 inf
 3.500000 0.060800 inf
 3.600000 0.060800 inf
 3.700000 0.060800 inf
 3.800000 0.060800 inf
 3.900000 0.060800 inf
 4.000000 0.060800 inf
 4.100000 0.060800 inf
 4.200000 0.060800 inf
 4.300000 0.060800 inf
 4.400000 0.060800 inf
 4.500000 0.060800 inf
 4.600000 0.060800 inf
 4.700000 0.060800 inf
 4.800000 0.060800 inf
 4.900000 0.060800 inf
 5.000000 0.060800 inf

 0.000000 0.068400 inf
 0.100000 0.068400 inf
 0.200000 0.068400 inf
 0.300000 0.068400 inf
 0.400000 0.068400 inf
 0.500000 0.068400 inf
 0.600000 0.068400 inf
 0.700000 0.068400 inf
 0.800000 0.068400 inf
 0.900000 0.068400 inf
 1.000000 0.068400 inf
 1.100000 0.068400 inf
 1.200000 0.068400 inf
 1.300000 0.068400 inf
 1.400000 0.068400 inf
 1.500000 0.068400 inf
 1.600000 0.068400 inf
 1.700000 0.068400 inf
 1.800000 0.068400 inf
 1.900000 0.068400 inf
 2.000000 0.068400 inf
 2.100000 0.068400 inf
 2.200000 0.068400 inf
 2.300000 0.068400 inf
 2.400000 0.068400 inf
 2.500000 0.068400 inf
 2.600000 0.068400 inf
 2.700000 0.068400 inf
 2.800000 0.068400 inf
 2.900000 0.068400 inf
 3.000000 0.068400 inf
 3.100000 0.068400 inf
 3.200000 0.068400 inf
 3.300000 0.068400 inf
 3.400000 0.068400 inf
 3.500000 0.068400 inf
 3.600000 0.068400 inf
 3.700000 0.068400 inf
 3.800000 0.068400 inf
 3.900000 0.068400 inf
 4.000000 0.068400 inf
 4.100000 0.068400 inf
 4.200000 0.068400 inf
 4.300000 0.068400 inf
 4.400000 0.068400 inf
 4.500000 0.068400 inf
 4.600000 0.068400 inf
 4.700000 0.068400 inf
 4.800000 0.068400 inf
 4.900000 0.068400 inf
 5.000000 0.068400 inf

 0.000000 0.076000 inf
 0.100000 0.076000 inf
 0.200000 0.076000 inf
 0.300000 0.076000 inf
 0.400000 0.076000 inf
 0.500000 0.076000 inf
 0.600000 0.076000 inf
 0.700000 0.076000 inf
 0.800000 0.076000 inf
 0.900000 0.076000 inf
 1.000000 0.076000 inf
 1.100000 0.076000 inf
 1.200000 0.076000 inf
 1.300000 0.076000 inf
 1.400000 0.076000 inf
 1.500000 0.076000 inf
 1.600000 0.076000 inf
 1.700000 0.076000 inf
 1.800000 0.076000 inf
 1.900000 0.076000 inf
 2.000000 0.076000 inf
 2.100000 0.076000 inf
 2.200000 0.076000 inf
 2.300000 0.076000 inf
 2.400000 0.076000 inf
 2.500000 0.076000 inf
 2.600000 0.076000 inf
 2.700000 0.076000 inf
 2.800000 0.076000 inf
 2.900000 0.076000 inf
 3.000000 0.076000 inf
 3.100000 0.076000 inf
 3.200000 0.076000 inf
 3.300000 0.076000 inf
 3.400000 0.076000 inf
 3.500000 0.076000 inf
 3.600000 0.076000 inf
 3.700000 0.076000 inf
 3.800000 0.076000 inf
 3.900000 0.076000 inf
 4.000000 0.076000 inf
 4.100000 0.076000 inf
 4.200000 0.076000 inf
 4.300000 0.076000 inf
 4.400000 0.076000 inf
 4.500000 0.076000 inf
 4.600000 0.076000 inf
 4.700000 0.076000 inf
 4.800000 0.076000 inf
 4.900000 0.076000 inf
 5.000000 0.076000 inf

 0.000000 0.083600 inf
 0.100000 0.083600 inf
 0.200000 0.083600 inf
 0.300000 0.083600 inf
 0.400000 0.083600 inf
 0.500000 0.083600 inf
 0.600000 0.083600 inf
 0.700000 0.083600 inf
 0.800000 0.083600 inf
 0.900000 0.083600 inf
 1.000000 0.083600 inf
 1.100000 0.083600 inf
 1.200000 0.083600 inf
 1.300000 0.083600 inf
 1.400000 0.083600 inf
 1.500000 0.083600 inf
 1.600000 0.083600 inf
 1.700000 0.083600 inf
 1.800000 0.083600 inf
 1.900000 0.083600 inf
 2.000000 0.083600 inf
 2.100000 0.083600 inf
 2.200000 0.083600 inf
 2.300000 0.083600 inf
 2.400000 0.083600 inf
 2.500000 0.083600 inf
 2.600000 0.083600 inf
 2.700000 0.083600 inf
 2.800000 0.083600 inf
 2.900000 0.083600 inf
 3.000000 0.083600 inf
 3.100000 0.083600 inf
 3.200000 0.083600 inf
 3.300000 0.083600 inf
 3.400000 0.083600 inf
 3.500000 0.083600 inf
 3.600000 0.083600 inf
 3.700000 0.083600 inf
 3.800000 0.083600 inf
 3.900000 0.083600 inf
 4.000000 0.083600 inf
 4.100000 0.083600 inf
 4.200000 0.083600 inf
 4.300000 0.083600 inf
 4.400000 0.083600 inf
 4.500000 0.083600 inf
 4.600000 0.083600 inf
 4.700000 0.083600 inf
 4.800000 0.083600 inf
 4.900000 0.083600 inf
 5.000000 0.083600 inf

 0.000000 0.091200 inf
 0.100000 0.091200 44.235112
 0.200000 0.091200 54.344891
 0.300000 0.091200 69.128152
 0.400000 0.091200 inf
 0.500000 0.091200 inf
 0.600000 0.091200 inf
 0.700000 0.091200 inf
 0.800000 0.091200 inf
 0.900000 0.091200 inf
 1.000000 0.091200 inf
 1.100000 0.091200 inf
 1.200000 0.091200 inf
 1.300000 0.091200 inf
 1.400000 0.091200 inf
 1.500000 0.091200 inf
 1.600000 0.091200 inf
 1.700000 0.091200 102.074151
 1.800000 0.091200 inf
 1.900000 0.091200 inf
 2.000000 0.091200 inf
 2.100000 0.091200 inf
 2.200000 0.091200 inf
 2.300000 0.091200 inf
 2.400000 0.091200 99.792810
 2.500000 0.091200 inf
 2.600000 0.091200 inf
 2.700000 0.091200 inf
 2.800000 0.091200 inf
 2.900000 0.091200 inf
 3.000000 0.091200 inf
 3.100000 0.091200 inf
 3.200000 0.091200 inf
 3.300000 0.091200 inf
 3.400000 0.091200 inf
 3.500000 0.091200 inf
 3.600000 0.091200 inf
 3.700000 0.091200 inf
 3.800000 0.091200 inf
 3.900000 0.091200 inf
 4.000000 0.091200 inf
 4.100000 0.091200 inf
 4.200000 0.091200 inf
 4.300000 0.091200 inf
 4.400000 0.091200 inf
 4.500000 0.091200 inf
 4.600000 0.091200 inf
 4.700000 0.091200 inf
 4.800000 0.091200 inf
 4.900000 0.091200 inf
 5.000000 0.091200 inf

 0.000000 0.098800 inf
 0.100000 0.098800 27.090000
 0.200000 0.098800 37.818261
 0.300000 0.098800 54.274527
 0.400000 0.098800 inf
 0.500000 0.098800 inf
 0.600000 0.098800 inf
 0.700000 0.098800 inf
 0.800000 0.098800 inf
 0.900000 0.098800 inf
 1.000000 0.098800 inf
 1.100000 0.098800 inf
 1.200000 0.098800 101.907876
 1.300000 0.098800 97.118968
 1.400000 0.098800 96.874484
 1.500000 0.098800 99.826282
 1.600000 0.098800 94.301084
 1.700000 0.098800 97.976053
 1.800000 0.098800 104.801326
 1.900000 0.098800 106.672045
 2.000000 0.098800 inf
 2.100000 0.098800 104.348263
 2.200000 0.098800 inf
 2.300000 0.098800 103.675457
 2.400000 0.098800 101.598967
 2.500000 0.098800 104.843010
 2.600000 0.098800 107.514789
 2.700000 0.098800 inf
 2.800000 0.098800 inf
 2.900000 0.098800 inf
 3.000000 0.098800 inf
 3.100000 0.098800 103.426088
 3.200000 0.098800 95.413101
 3.300000 0.098800 95.243450
 3.400000 0.098800 inf
 3.500000 0.098800 inf
 3.600000 0.098800 inf
 3.700000 0.098800 inf
 3.800000 0.098800 inf
 3.900000 0.098800 inf
 4.000000 0.098800 inf
 4.100000 0.098800 105.466194
 4.200000 0.098800 100.042871
 4.300000 0.098800 inf
 4.400000 0.098800 inf
 4.500000 0.098800 inf
 4.600000 0.098800 inf
 4.700000 0.098800 inf
 4.800000 0.098800 inf
 4.900000 0.098800 inf
 5.000000 0.098800 inf

 0.000000 0.106400 inf
 0.100000 0.106400 22.362615
 0.200000 0.106400 32.123736
 0.300000 0.106400 55.894491
 0.400000 0.106400 inf
 0.500000 0.106400 inf
 0.600000 0.106400 inf
 0.700000 0.106400 inf
 0.800000 0.106400 inf
 0.900000 0.106400 inf
 1.000000 0.106400 inf
 1.100000 0.106400 84.810008
 1.200000 0.106400 80.711521
 1.300000 0.106400 84.021862
 1.400000 0.106400 87.679038
 1.500000 0.106400 91.430552
 1.600000 0.106400 89.133624
 1.700000 0.106400 94.801946
 1.800000 0.106400 94.249113
 1.900000 0.106400 94.045692
 2.000000 0.106400 102.819834
 2.100000 0.106400 103.207262
 2.200000 0.106400 100.594986
 2.300000 0.106400 99.686860
 2.400000 0.106400 96.056325
 2.500000 0.106400 92.209863
 2.600000 0.106400 89.326687
 2.700000 0.106400 105.732931
 2.800000 0.106400 103.921410
 2.900000 0.106400 90.085363
 3.000000 0.106400 92.115519
 3.100000 0.106400 94.048731
 3.200000 0.106400 91.373465
 3.300000 0.106400 87.034620
 3.400000 0.106400 86.543665
 3.500000 0.106400 85.060390
 3.600000 0.106400 87.201848
 3.700000 0.106400 83.890631
 3.800000 0.106400 92.576692
 3.900000 0.106400 91.606139
 4.000000 0.106400 92.797356
 4.100000 0.106400 106.019743
 4.200000 0.106400 87.537051
 4.300000 0.106400 99.947332
 4.400000 0.106400 inf
 4.500000 0.106400 inf
 4.600000 0.106400 inf
 4.700000 0.106400 inf
 4.800000 0.106400 inf
 4.900000 0.106400 inf
 5.000000 0.106400 inf

 0.000000 0.114000 inf
 0.100000 0.114000 20.420284
 0.200000 0.114000 30.202301
 0.300000 0.114000 64.332783
 0.400000 0.114000 80.792722
 0.500000 0.114000 73.493746
 0.600000 0.114000 82.754542
 0.700000 0.114000 inf
 0.800000 0.114000 inf
 0.900000 0.114000 76.695818
 1.000000 0.114000 80.134572
 1.100000 0.114000 78.458279
 1.200000 0.114000 76.460333
 1.300000 0.114000 83.434671
 1.400000 0.114000 73.626975
 1.500000 0.114000 86.285429
 1.600000 0.114000 79.989224
 1.700000 0.114000 79.489989
 1.800000 0.114000 85.274403
 1.900000 0.114000 88.190628
 2.000000 0.114000 86.796456
 2.100000 0.114000 83.839303
 2.200000 0.114000 88.450014
 2.300000 0.114000 90.324748
 2.400000 0.114000 94.254892
 2.500000 0.114000 84.402360
 2.600000 0.114000 87.391868
 2.700000 0.114000 86.226198
 2.800000 0.114000 85.958576
 2.900000 0.114000 82.169359
 3.000000 0.114000 84.171189
 3.100000 0.114000 82.853028
 3.200000 0.114000 81.660870
 3.300000 0.114000 84.929581
 3.400000 0.114000 83.352677
 3.500000 0.114000 86.514498
 3.600000 0.114000 84.061734
 3.700000 0.114000 87.800821
 3.800000 0.114000 86.965396
 3.900000 0.114000 86.824416
 4.000000 0.114000 88.425066
 4.100000 0.114000 86.088957
 4.200000 0.114000 84.609457
 4.300000 0.114000 92.364567
 4.400000 0.114000 inf
 4.500000 0.114000 inf
 4.600000 0.114000 inf
 4.700000 0.114000 inf
 4.800000 0.114000 inf
 4.900000 0.114000 inf
 5.000000 0.114000 inf

 0.000000 0.121600 inf
 0.100000 0.121600 17.569641
 0.200000 0.121600 32.346803
 0.300000 0.121600 53.400847
 0.400000 0.121600 67.581350
 0.500000 0.121600 64.484433
 0.600000 0.121600 73.039731
 0.700000 0.121600 82.332141
 0.800000 0.121600 75.730725
 0.900000 0.121600 73.799948
 1.000000 0.121600 72.415254
 1.100000 0.121600 75.610738
 1.200000 0.121600 72.440467
 1.300000 0.121600 72.728532
 1.400000 0.121600 80.017984
 1.500000 0.121600 80.427226
 1.600000 0.121600 78.924876
 1.700000 0.121600 83.028366
 1.800000 0.121600 80.727099
 1.900000 0.121600 84.857848
 2.000000 0.121600 83.562818
 2.100000 0.121600 82.490557
 2.200000 0.121600 83.211129
 2.300000 0.121600 86.292989
 2.400000 0.121600 82.694854
 2.500000 0.121600 85.233070
 2.600000 0.121600 81.251677
 2.700000 0.121600 83.822658
 2.800000 0.121600 82.920458
 2.900000 0.121600 80.515250
 3.000000 0.121600 82.439735
 3.100000 0.121600 81.006489
 3.200000 0.121600 81.208401
 3.300000 0.121600 83.656634
 3.400000 0.121600 82.064311
 3.500000 0.121600 82.528245
 3.600000 0.121600 82.590794
 3.700000 0.121600 83.873411
 3.800000 0.121600 84.052431
 3.900000 0.121600 82.145850
 4.000000 0.121600 84.497982
 4.100000 0.121600 85.782441
 4.200000 0.121600 83.259115
 4.300000 0.121600 94.939301
 4.400000 0.121600 inf
 4.500000 0.121600 inf
 4.600000 0.121600 inf
 4.700000 0.121600 inf
 4.800000 0.121600 inf
 4.900000 0.121600 inf
 5.000000 0.121600 inf

 0.000000 0.129200 inf
 0.100000 0.129200 21.931977
 0.200000 0.129200 30.841090
 0.300000 0.129200 54.196917
 0.400000 0.129200 64.106043
 0.500000 0.129200 62.560120
 0.600000 0.129200 65.108524
 0.700000 0.129200 65.594179
 0.800000 0.129200 63.454646
 0.900000 0.129200 67.506956
 1.000000 0.129200 68.282369
 1.100000 0.129200 70.073177
 1.200000 0.129200 68.510168
 1.300000 0.129200 72.012348
 1.400000 0.129200 74.381981
 1.500000 0.129200 75.511053
 1.600000 0.129200 78.484960
 1.700000 0.129200 77.953406
 1.800000 0.129200 78.924140
 1.900000 0.129200 77.722932
 2.000000 0.129200 79.064166
 2.100000 0.129200 77.097151
 2.200000 0.129200 80.247029
 2.300000 0.129200 80.162869
 2.400000 0.129200 80.118305
 2.500000 0.129200 79.310741
 2.600000 0.129200 75.797472
 2.700000 0.129200 79.630646
 2.800000 0.129200 78.466804
 2.900000 0.129200 78.111397
 3.000000 0.129200 77.472058
 3.100000 0.129200 79.875941
 3.200000 0.129200 80.850343
 3.300000 0.129200 78.750562
 3.400000 0.129200 80.716902
 3.500000 0.129200 79.499746
 3.600000 0.129200 79.759538
 3.700000 0.129200 81.411421
 3.800000 0.129200 81.496460
 3.900000 0.129200 78.295836
 4.000000 0.129200 80.662744
 4.100000 0.129200 81.580312
 4.200000 0.129200 75.435820
 4.300000 0.129200 107.290338
 4.400000 0.129200 inf
 4.500000 0.129200 inf
 4.600000 0.129200 inf
 4.700000 0.129200 inf
 4.800000 0.129200 inf
 4.900000 0.129200 inf
 5.000000 0.129200 inf

 0.000000 0.136800 inf
 0.100000 0.136800 25.876237
 0.200000 0.136800 33.583395
 0.300000 0.136800 53.473424
 0.400000 0.136800 61.988495
 0.500000 0.136800 62.278654
 0.600000 0.136800 60.693128
 0.700000 0.136800 63.972763
 0.800000 0.136800 62.737847
 0.900000 0.136800 61.391727
 1.000000 0.136800 65.664509
 1.100000 0.136800 68.345762
 1.200000 0.136800 70.109622
 1.300000 0.136800 71.706202
 1.400000 0.136800 71.538532
 1.500000 0.136800 72.422295
 1.600000 0.136800 74.872945
 1.700000 0.136800 75.819088
 1.800000 0.136800 77.532197
 1.900000 0.136800 77.627531
 2.000000 0.136800 77.429939
 2.100000 0.136800 76.839186
 2.200000 0.136800 76.809671
 2.300000 0.136800 79.107849
 2.400000 0.136800 74.491179
 2.500000 0.136800 77.135740
 2.600000 0.136800 77.709761
 2.700000 0.136800 76.439058
 2.800000 0.136800 75.701212
 2.900000 0.136800 78.015128
 3.000000 0.136800 77.899942
 3.100000 0.136800 75.904673
 3.200000 0.136800 79.287561
 3.300000 0.136800 77.977526
 3.400000 0.136800 77.338237
 3.500000 0.136800 75.041295
 3.600000 0.136800 79.194533
 3.700000 0.136800 78.822581
 3.800000 0.136800 75.377185
 3.900000 0.136800 79.163514
 4.000000 0.136800 77.953262
 4.100000 0.136800 78.459443
 4.200000 0.136800 80.742804
 4.300000 0.136800 100.894847
 4.400000 0.136800 inf
 4.500000 0.136800 inf
 4.600000 0.136800 inf
 4.700000 0.136800 inf
 4.800000 0.136800 inf
 4.900000 0.136800 inf
 5.000000 0.136800 inf

 0.000000 0.144400 inf
 0.100000 0.144400 26.405914
 0.200000 0.144400 31.812971
 0.300000 0.144400 51.140722
 0.400000 0.144400 60.476669
 0.500000 0.144400 62.144455
 0.600000 0.144400 60.534947
 0.700000 0.144400 58.436180
 0.800000 0.144400 61.393820
 0.900000 0.144400 63.490650
 1.000000 0.144400 64.875852
 1.100000 0.144400 65.817371
 1.200000 0.144400 68.312144
 1.300000 0.144400 70.658077
 1.400000 0.144400 71.163895
 1.500000 0.144400 73.100104
 1.600000 0.144400 73.855121
 1.700000 0.144400 75.012063
 1.800000 0.144400 75.126294
 1.900000 0.144400 76.713818
 2.000000 0.144400 71.714801
 2.100000 0.144400 73.115449
 2.200000 0.144400 75.950665
 2.300000 0.144400 76.844151
 2.400000 0.144400 76.842507
 2.500000 0.144400 76.575984
 2.600000 0.144400 77.822165
 2.700000 0.144400 77.939100
 2.800000 0.144400 78.619061
 2.900000 0.144400 75.251131
 3.000000 0.144400 77.279787
 3.100000 0.144400 79.198299
 3.200000 0.144400 76.845410
 3.300000 0.144400 77.299782
 3.400000 0.144400 77.599062
 3.500000 0.144400 78.430719
 3.600000 0.144400 78.419208
 3.700000 0.144400 77.936632
 3.800000 0.144400 77.075037
 3.900000 0.144400 78.161452
 4.000000 0.144400 77.118144
 4.100000 0.144400 78.175386
 4.200000 0.144400 79.720528
 4.300000 0.144400 101.473463
 4.400000 0.144400 inf
 4.500000 0.144400 inf
 4.600000 0.144400 inf
 4.700000 0.144400 inf
 4.800000 0.144400 inf
 4.900000 0.144400 inf
 5.000000 0.144400 inf

 0.000000 0.152000 inf
 0.100000 0.152000 27.148859
 0.200000 0.152000 31.572935
 0.300000 0.152000 53.182944
 0.400000 0.152000 62.437500
 0.500000 0.152000 63.634431
 0.600000 0.152000 63.614146
 0.700000 0.152000 63.016147
 0.800000 0.152000 58.988919
 0.900000 0.152000 62.586657
 1.000000 0.152000 63.413088
 1.100000 0.152000 63.671375
 1.200000 0.152000 65.801186
 1.300000 0.152000 68.651827
 1.400000 0.152000 68.867660
 1.500000 0.152000 71.705885
 1.600000 0.152000 73.431697
 1.700000 0.152000 74.528259
 1.800000 0.152000 74.892425
 1.900000 0.152000 71.716031
 2.000000 0.152000 75.452768
 2.100000 0.152000 74.213798
 2.200000 0.152000 76.212193
 2.300000 0.152000 74.296205
 2.400000 0.152000 73.823049
 2.500000 0.152000 75.271160
 2.600000 0.152000 74.982265
 2.700000 0.152000 75.710642
 2.800000 0.152000 75.606462
 2.900000 0.152000 70.973712
 3.000000 0.152000 76.904099
 3.100000 0.152000 76.757419
 3.200000 0.152000 76.585554
 3.300000 0.152000 76.217188
 3.400000 0.152000 75.065420
 3.500000 0.152000 75.407858
 3.600000 0.152000 75.753042
 3.700000 0.152000 72.229259
 3.800000 0.152000 76.502594
 3.900000 0.152000 78.720361
 4.000000 0.152000 79.627429
 4.100000 0.152000 80.038578
 4.200000 0.152000 80.223282
 4.300000 0.152000 100.503628
 4.400000 0.152000 inf
 4.500000 0.152000 inf
 4.600000 0.152000 inf
 4.700000 0.152000 inf
 4.800000 0.152000 inf
 4.900000 0.152000 inf
 5.000000 0.152000 inf

 0.000000 0.159600 inf
 0.100000 0.159600 32.538591
 0.200000 0.159600 29.967338
 0.300000 0.159600 49.382872
 0.400000 0.159600 67.237597
 0.500000 0.159600 66.565461
 0.600000 0.159600 62.886146
 0.700000 0.159600 63.553353
 0.800000 0.159600 62.191162
 0.900000 0.159600 62.685253
 1.000000 0.159600 62.372659
 1.100000 0.159600 62.948742
 1.200000 0.159600 66.912873
 1.300000 0.159600 68.615842
 1.400000 0.159600 68.217587
 1.500000 0.159600 68.292086
 1.600000 0.159600 61.800070
 1.700000 0.159600 71.938426
 1.800000 0.159600 72.507432
 1.900000 0.159600 74.590698
 2.000000 0.159600 74.452553
 2.100000 0.159600 74.132693
 2.200000 0.159600 73.933611
 2.300000 0.159600 74.332233
 2.400000 0.159600 68.530737
 2.500000 0.159600 73.498749
 2.600000 0.159600 72.511156
 2.700000 0.159600 73.624435
 2.800000 0.159600 74.687691
 2.900000 0.159600 68.178072
 3.000000 0.159600 73.543963
 3.100000 0.159600 76.754207
 3.200000 0.159600 75.710455
 3.300000 0.159600 74.236572
 3.400000 0.159600 68.757912
 3.500000 0.159600 73.485133
 3.600000 0.159600 72.527120
 3.700000 0.159600 72.940321
 3.800000 0.159600 74.442720
 3.900000 0.159600 76.483599
 4.000000 0.159600 78.946199
 4.100000 0.159600 77.669662
 4.200000 0.159600 79.290324
 4.300000 0.159600 96.967786
 4.400000 0.159600 inf
 4.500000 0.159600 inf
 4.600000 0.159600 inf
 4.700000 0.159600 inf
 4.800000 0.159600 inf
 4.900000 0.159600 inf
 5.000000 0.159600 inf

 0.000000 0.167200 inf
 0.100000 0.167200 33.527340
 0.200000 0.167200 33.471106
 0.300000 0.167200 51.647626
 0.400000 0.167200 69.626097
 0.500000 0.167200 64.022920
 0.600000 0.167200 61.908532
 0.700000 0.167200 59.409274
 0.800000 0.167200 59.383930
 0.900000 0.167200 58.384261
 1.000000 0.167200 60.514435
 1.100000 0.167200 65.753341
 1.200000 0.167200 66.355336
 1.300000 0.167200 67.223493
 1.400000 0.167200 67.414318
 1.500000 0.167200 68.441786
 1.600000 0.167200 73.203938
 1.700000 0.167200 72.783089
 1.800000 0.167200 75.793655
 1.900000 0.167200 74.943865
 2.000000 0.167200 71.406050
 2.100000 0.167200 73.408446
 2.200000 0.167200 73.268456
 2.300000 0.167200 73.976325
 2.400000 0.167200 75.212127
 2.500000 0.167200 75.083713
 2.600000 0.167200 71.667290
 2.700000 0.167200 74.137579
 2.800000 0.167200 72.104241
 2.900000 0.167200 74.168467
 3.000000 0.167200 75.511928
 3.100000 0.167200 76.473963
 3.200000 0.167200 75.374774
 3.300000 0.167200 73.351415
 3.400000 0.167200 71.536385
 3.500000 0.167200 73.157047
 3.600000 0.167200 72.960360
 3.700000 0.167200 71.497953
 3.800000 0.167200 74.011236
 3.900000 0.167200 74.248428
 4.000000 0.167200 76.410592
 4.100000 0.167200 72.690907
 4.200000 0.167200 63.161673
 4.300000 0.167200 93.707492
 4.400000 0.167200 inf
 4.500000 0.167200 inf
 4.600000 0.167200 inf
 4.700000 0.167200 inf
 4.800000 0.167200 inf
 4.900000 0.167200 inf
 5.000000 0.167200 inf

 0.000000 0.174800 inf
 0.100000 0.174800 41.446079
 0.200000 0.174800 36.621558
 0.300000 0.174800 54.729893
 0.400000 0.174800 63.817254
 0.500000 0.174800 59.910785
 0.600000 0.174800 55.013725
 0.700000 0.174800 53.229134
 0.800000 0.174800 52.470112
 0.900000 0.174800 55.944067
 1.000000 0.174800 54.907829
 1.100000 0.174800 61.892666
 1.200000 0.174800 60.211942
 1.300000 0.174800 66.044265
 1.400000 0.174800 66.050903
 1.500000 0.174800 66.925776
 1.600000 0.174800 69.942117
 1.700000 0.174800 69.133295
 1.800000 0.174800 69.053820
 1.900000 0.174800 67.258416
 2.000000 0.174800 65.516195
 2.100000 0.174800 71.148521
 2.200000 0.174800 69.556516
 2.300000 0.174800 70.311252
 2.400000 0.174800 68.141552
 2.500000 0.174800 65.173962
 2.600000 0.174800 70.453814
 2.700000 0.174800 67.993946
 2.800000 0.174800 71.951675
 2.900000 0.174800 69.390274
 3.000000 0.174800 68.530107
 3.100000 0.174800 69.150837
 3.200000 0.174800 69.441211
 3.300000 0.174800 68.508008
 3.400000 0.174800 68.912302
 3.500000 0.174800 71.519147
 3.600000 0.174800 68.928501
 3.700000 0.174800 69.843542
 3.800000 0.174800 69.126760
 3.900000 0.174800 69.870155
 4.000000 0.174800 69.392088
 4.100000 0.174800 65.137694
 4.200000 0.174800 71.113856
 4.300000 0.174800 89.042119
 4.400000 0.174800 inf
 4.500000 0.174800 inf
 4.600000 0.174800 inf
 4.700000 0.174800 inf
 4.800000 0.174800 inf
 4.900000 0.174800 inf
 5.000000 0.174800 inf

 0.000000 0.182400 inf
 0.100000 0.182400 46.312013
 0.200000 0.182400 37.593540
 0.300000 0.182400 50.811283
 0.400000 0.182400 65.129831
 0.500000 0.182400 51.069749
 0.600000 0.182400 50.734368
 0.700000 0.182400 46.156059
 0.800000 0.182400 39.120288
 0.900000 0.182400 50.934410
 1.000000 0.182400 53.749110
 1.100000 0.182400 56.902621
 1.200000 0.182400 58.920938
 1.300000 0.182400 60.628593
 1.400000 0.182400 61.677155
 1.500000 0.182400 63.034375
 1.600000 0.182400 62.794258
 1.700000 0.182400 64.127546
 1.800000 0.182400 62.531918
 1.900000 0.182400 65.243544
 2.000000 0.182400 64.390226
 2.100000 0.182400 65.372824
 2.200000 0.182400 65.595960
 2.300000 0.182400 65.338769
 2.400000 0.182400 65.674057
 2.500000 0.182400 64.192673
 2.600000 0.182400 61.259641
 2.700000 0.182400 62.713217
 2.800000 0.182400 63.958672
 2.900000 0.182400 64.099521
 3.000000 0.182400 63.863564
 3.100000 0.182400 63.735146
 3.200000 0.182400 65.292418
 3.300000 0.182400 60.473616
 3.400000 0.182400 63.255186
 3.500000 0.182400 62.796940
 3.600000 0.182400 63.851129
 3.700000 0.182400 64.520697
 3.800000 0.182400 64.244372
 3.900000 0.182400 61.866384
 4.000000 0.182400 64.335659
 4.100000 0.182400 63.794971
 4.200000 0.182400 68.602367
 4.300000 0.182400 87.670979
 4.400000 0.182400 inf
 4.500000 0.182400 inf
 4.600000 0.182400 inf
 4.700000 0.182400 inf
 4.800000 0.182400 inf
 4.900000 0.182400 inf
 5.000000 0.182400 inf

 0.000000 0.190000 inf
 0.100000 0.190000 45.434575
 0.200000 0.190000 41.175731
 0.300000 0.190000 54.209982
 0.400000 0.190000 61.247804
 0.500000 0.190000 53.195315
 0.600000 0.190000 43.807360
 0.700000 0.190000 41.828596
 0.800000 0.190000 43.469601
 0.900000 0.190000 45.084701
 1.000000 0.190000 50.481186
 1.100000 0.190000 53.834799
 1.200000 0.190000 55.311424
 1.300000 0.190000 56.196006
 1.400000 0.190000 58.647608
 1.500000 0.190000 58.789683
 1.600000 0.190000 54.744659
 1.700000 0.190000 60.356889
 1.800000 0.190000 61.385604
 1.900000 0.190000 60.306147
 2.000000 0.190000 61.270208
 2.100000 0.190000 61.619509
 2.200000 0.190000 60.003420
 2.300000 0.190000 60.266889
 2.400000 0.190000 62.827460
 2.500000 0.190000 61.874966
 2.600000 0.190000 61.302464
 2.700000 0.190000 61.188017
 2.800000 0.190000 59.930619
 2.900000 0.190000 59.759498
 3.000000 0.190000 61.290640
 3.100000 0.190000 57.343656
 3.200000 0.190000 61.102728
 3.300000 0.190000 60.676821
 3.400000 0.190000 59.793592
 3.500000 0.190000 60.024843
 3.600000 0.190000 61.770797
 3.700000 0.190000 61.455244
 3.800000 0.190000 60.127948
 3.900000 0.190000 61.613387
 4.000000 0.190000 48.663932
 4.100000 0.190000 62.127662
 4.200000 0.190000 69.174896
 4.300000 0.190000 90.744482
 4.400000 0.190000 134.310387
 4.500000 0.190000 inf
 4.600000 0.190000 inf
 4.700000 0.190000 inf
 4.800000 0.190000 inf
 4.900000 0.190000 inf
 5.000000 0.190000 inf

 0.000000 0.197600 inf
 0.100000 0.197600 inf
 0.200000 0.197600 44.617519
 0.300000 0.197600 50.656536
 0.400000 0.197600 59.282594
 0.500000 0.197600 54.452883
 0.600000 0.197600 44.222929
 0.700000 0.197600 42.315201
 0.800000 0.197600 41.984377
 0.900000 0.197600 42.066775
 1.000000 0.197600 45.944132
 1.100000 0.197600 52.406480
 1.200000 0.197600 54.641994
 1.300000 0.197600 55.299473
 1.400000 0.197600 56.626665
 1.500000 0.197600 56.634356
 1.600000 0.197600 55.765662
 1.700000 0.197600 55.090647
 1.800000 0.197600 59.588095
 1.900000 0.197600 59.241148
 2.000000 0.197600 59.463077
 2.100000 0.197600 59.235755
 2.200000 0.197600 59.144401
 2.300000 0.197600 57.400386
 2.400000 0.197600 58.779997
 2.500000 0.197600 57.164678
 2.600000 0.197600 59.869731
 2.700000 0.197600 55.736762
 2.800000 0.197600 59.070500
 2.900000 0.197600 57.494530
 3.000000 0.197600 57.831850
 3.100000 0.197600 59.805116
 3.200000 0.197600 58.717685
 3.300000 0.197600 53.944403
 3.400000 0.197600 59.011656
 3.500000 0.197600 56.534518
 3.600000 0.197600 58.628451
 3.700000 0.197600 58.355912
 3.800000 0.197600 59.868095
 3.900000 0.197600 59.610632
 4.000000 0.197600 59.456205
 4.100000 0.197600 59.957096
 4.200000 0.197600 66.652167
 4.300000 0.197600 94.812364
 4.400000 0.197600 154.404904
 4.500000 0.197600 inf
 4.600000 0.197600 inf
 4.700000 0.197600 inf
 4.800000 0.197600 inf
 4.900000 0.197600 inf
 5.000000 0.197600 inf

 0.000000 0.205200 inf
 0.100000 0.205200 inf
 0.200000 0.205200 38.042886
 0.300000 0.205200 43.687305
 0.400000 0.205200 58.969174
 0.500000 0.205200 54.774920
 0.600000 0.205200 43.813257
 0.700000 0.205200 39.904755
 0.800000 0.205200 40.784036
 0.900000 0.205200 41.121772
 1.000000 0.205200 45.351513
 1.100000 0.205200 49.056554
 1.200000 0.205200 49.753455
 1.300000 0.205200 53.431055
 1.400000 0.205200 53.902386
 1.500000 0.205200 55.141005
 1.600000 0.205200 54.849713
 1.700000 0.205200 57.627641
 1.800000 0.205200 58.894364
 1.900000 0.205200 57.558533
 2.000000 0.205200 58.119909
 2.100000 0.205200 54.694931
 2.200000 0.205200 57.907886
 2.300000 0.205200 56.147903
 2.400000 0.205200 56.983791
 2.500000 0.205200 57.497493
 2.600000 0.205200 55.518692
 2.700000 0.205200 55.588339
 2.800000 0.205200 57.734007
 2.900000 0.205200 55.751676
 3.000000 0.205200 56.494960
 3.100000 0.205200 57.092107
 3.200000 0.205200 54.846131
 3.300000 0.205200 52.689625
 3.400000 0.205200 57.018681
 3.500000 0.205200 57.919515
 3.600000 0.205200 56.961875
 3.700000 0.205200 57.623644
 3.800000 0.205200 58.484632
 3.900000 0.205200 52.429628
 4.000000 0.205200 57.195267
 4.100000 0.205200 60.185667
 4.200000 0.205200 64.797226
 4.300000 0.205200 90.784026
 4.400000 0.205200 128.868710
 4.500000 0.205200 inf
 4.600000 0.205200 inf
 4.700000 0.205200 inf
 4.800000 0.205200 inf
 4.900000 0.205200 inf
 5.000000 0.205200 inf

 0.000000 0.212800 inf
 0.100000 0.212800 inf
 0.200000 0.212800 31.633684
 0.300000 0.212800 34.784115
 0.400000 0.212800 59.311146
 0.500000 0.212800 56.550056
 0.600000 0.212800 50.177168
 0.700000 0.212800 42.958178
 0.800000 0.212800 38.863949
 0.900000 0.212800 41.199915
 1.000000 0.212800 37.917777
 1.100000 0.212800 48.958544
 1.200000 0.212800 50.429822
 1.300000 0.212800 52.239151
 1.400000 0.212800 53.284807
 1.500000 0.212800 51.510192
 1.600000 0.212800 56.496917
 1.700000 0.212800 54.818787
 1.800000 0.212800 57.102757
 1.900000 0.212800 57.889620
 2.000000 0.212800 56.380219
 2.100000 0.212800 51.587433
 2.200000 0.212800 56.939047
 2.300000 0.212800 58.174444
 2.400000 0.212800 52.625100
 2.500000 0.212800 55.284317
 2.600000 0.212800 54.345301
 2.700000 0.212800 55.648456
 2.800000 0.212800 55.529254
 2.900000 0.212800 56.505479
 3.000000 0.212800 57.569646
 3.100000 0.212800 58.127140
 3.200000 0.212800 54.544408
 3.300000 0.212800 53.736799
 3.400000 0.212800 56.479802
 3.500000 0.212800 58.574826
 3.600000 0.212800 55.970531
 3.700000 0.212800 55.637949
 3.800000 0.212800 56.951020
 3.900000 0.212800 54.928452
 4.000000 0.212800 57.192248
 4.100000 0.212800 58.518993
 4.200000 0.212800 63.760215
 4.300000 0.212800 77.989845
 4.400000 0.212800 138.814146
 4.500000 0.212800 inf
 4.600000 0.212800 inf
 4.700000 0.212800 inf
 4.800000 0.212800 inf
 4.900000 0.212800 inf
 5.000000 0.212800 inf

 0.000000 0.220400 inf
 0.100000 0.220400 inf
 0.200000 0.220400 29.360621
 0.300000 0.220400 31.668370
 0.400000 0.220400 53.218509
 0.500000 0.220400 62.803367
 0.600000 0.220400 52.200128
 0.700000 0.220400 43.560106
 0.800000 0.220400 42.604288
 0.900000 0.220400 43.955881
 1.000000 0.220400 43.148755
 1.100000 0.220400 49.987724
 1.200000 0.220400 52.850271
 1.300000 0.220400 52.982469
 1.400000 0.220400 49.740237
 1.500000 0.220400 56.780439
 1.600000 0.220400 57.117398
 1.700000 0.220400 54.385824
 1.800000 0.220400 57.310209
 1.900000 0.220400 54.709209
 2.000000 0.220400 57.708268
 2.100000 0.220400 58.721292
 2.200000 0.220400 59.739508
 2.300000 0.220400 59.790518
 2.400000 0.220400 58.681653
 2.500000 0.220400 58.611118
 2.600000 0.220400 58.589932
 2.700000 0.220400 57.294963
 2.800000 0.220400 58.721500
 2.900000 0.220400 57.389073
 3.000000 0.220400 53.009255
 3.100000 0.220400 59.688589
 3.200000 0.220400 56.611555
 3.300000 0.220400 59.532648
 3.400000 0.220400 58.196972
 3.500000 0.220400 57.519677
 3.600000 0.220400 54.547713
 3.700000 0.220400 60.622659
 3.800000 0.220400 61.113059
 3.900000 0.220400 58.841006
 4.000000 0.220400 61.063481
 4.100000 0.220400 58.239283
 4.200000 0.220400 65.226408
 4.300000 0.220400 78.067099
 4.400000 0.220400 136.575154
 4.500000 0.220400 inf
 4.600000 0.220400 inf
 4.700000 0.220400 inf
 4.800000 0.220400 inf
 4.900000 0.220400 inf
 5.000000 0.220400 inf

 0.000000 0.228000 inf
 0.100000 0.228000 39.882702
 0.200000 0.228000 30.179682
 0.300000 0.228000 28.254561
 0.400000 0.228000 32.495265
 0.500000 0.228000 58.626847
 0.600000 0.228000 55.909533
 0.700000 0.228000 46.115434
 0.800000 0.228000 45.158557
 0.900000 0.228000 45.928198
 1.000000 0.228000 42.331815
 1.100000 0.228000 53.595484
 1.200000 0.228000 57.106736
 1.300000 0.228000 57.836289
 1.400000 0.228000 57.731067
 1.500000 0.228000 53.499200
 1.600000 0.228000 59.108728
 1.700000 0.228000 62.658365
 1.800000 0.228000 57.858537
 1.900000 0.228000 60.701824
 2.000000 0.228000 59.517701
 2.100000 0.228000 61.222078
 2.200000 0.228000 62.557247
 2.300000 0.228000 60.774926
 2.400000 0.228000 63.755409
 2.500000 0.228000 60.685372
 2.600000 0.228000 59.995849
 2.700000 0.228000 61.529409
 2.800000 0.228000 57.058433
 2.900000 0.228000 58.393433
 3.000000 0.228000 62.245965
 3.100000 0.228000 59.907129
 3.200000 0.228000 60.992851
 3.300000 0.228000 60.736531
 3.400000 0.228000 62.887161
 3.500000 0.228000 61.129584
 3.600000 0.228000 57.741451
 3.700000 0.228000 61.170190
 3.800000 0.228000 64.828250
 3.900000 0.228000 62.616867
 4.000000 0.228000 65.844799
 4.100000 0.228000 63.721863
 4.200000 0.228000 70.262181
 4.300000 0.228000 88.500177
 4.400000 0.228000 151.743367
 4.500000 0.228000 inf
 4.600000 0.228000 inf
 4.700000 0.228000 inf
 4.800000 0.228000 inf
 4.900000 0.228000 inf
 5.000000 0.228000 inf

 0.000000 0.235600 inf
 0.100000 0.235600 34.699711
 0.200000 0.235600 24.357972
 0.300000 0.235600 23.386978
 0.400000 0.235600 32.273970
 0.500000 0.235600 54.670965
 0.600000 0.235600 56.218253
 0.700000 0.235600 50.561145
 0.800000 0.235600 47.297218
 0.900000 0.235600 47.358500
 1.000000 0.235600 55.074162
 1.100000 0.235600 56.937723
 1.200000 0.235600 64.271337
 1.300000 0.235600 58.864722
 1.400000 0.235600 61.364501
 1.500000 0.235600 62.041159
 1.600000 0.235600 65.434302
 1.700000 0.235600 62.292996
 1.800000 0.235600 64.529052
 1.900000 0.235600 64.304706
 2.000000 0.235600 62.325612
 2.100000 0.235600 64.781284
 2.200000 0.235600 60.608638
 2.300000 0.235600 62.525884
 2.400000 0.235600 66.086888
 2.500000 0.235600 59.945911
 2.600000 0.235600 64.347624
 2.700000 0.235600 61.842008
 2.800000 0.235600 64.032907
 2.900000 0.235600 62.211216
 3.000000 0.235600 63.873818
 3.100000 0.235600 65.133412
 3.200000 0.235600 67.543514
 3.300000 0.235600 65.074401
 3.400000 0.235600 68.099566
 3.500000 0.235600 63.413361
 3.600000 0.235600 62.444478
 3.700000 0.235600 60.588031
 3.800000 0.235600 64.746421
 3.900000 0.235600 65.089075
 4.000000 0.235600 65.388363
 4.100000 0.235600 70.764323
 4.200000 0.235600 75.692516
 4.300000 0.235600 88.583386
 4.400000 0.235600 176.655512
 4.500000 0.235600 inf
 4.600000 0.235600 inf
 4.700000 0.235600 inf
 4.800000 0.235600 inf
 4.900000 0.235600 inf
 5.000000 0.235600 inf

 0.000000 0.243200 inf
 0.100000 0.243200 33.322724
 0.200000 0.243200 20.206929
 0.300000 0.243200 19.112670
 0.400000 0.243200 32.214787
 0.500000 0.243200 54.057041
 0.600000 0.243200 53.928224
 0.700000 0.243200 54.084438
 0.800000 0.243200 48.981143
 0.900000 0.243200 48.517604
 1.000000 0.243200 45.122758
 1.100000 0.243200 57.131080
 1.200000 0.243200 57.892651
 1.300000 0.243200 57.869513
 1.400000 0.243200 67.862283
 1.500000 0.243200 63.386226
 1.600000 0.243200 67.181785
 1.700000 0.243200 67.943873
 1.800000 0.243200 62.178794
 1.900000 0.243200 67.333888
 2.000000 0.243200 69.852308
 2.100000 0.243200 69.564886
 2.200000 0.243200 65.982738
 2.300000 0.243200 63.678655
 2.400000 0.243200 67.073011
 2.500000 0.243200 65.507267
 2.600000 0.243200 60.616155
 2.700000 0.243200 67.159132
 2.800000 0.243200 60.088729
 2.900000 0.243200 63.788322
 3.000000 0.243200 63.112276
 3.100000 0.243200 65.520075
 3.200000 0.243200 61.172312
 3.300000 0.243200 66.545871
 3.400000 0.243200 67.184291
 3.500000 0.243200 60.646087
 3.600000 0.243200 66.853396
 3.700000 0.243200 67.007812
 3.800000 0.243200 68.620758
 3.900000 0.243200 69.971299
 4.000000 0.243200 70.757874
 4.100000 0.243200 69.136460
 4.200000 0.243200 80.308209
 4.300000 0.243200 91.435033
 4.400000 0.243200 137.348048
 4.500000 0.243200 inf
 4.600000 0.243200 inf
 4.700000 0.243200 inf
 4.800000 0.243200 inf
 4.900000 0.243200 inf
 5.000000 0.243200 inf

 0.000000 0.250800 inf
 0.100000 0.250800 31.694149
 0.200000 0.250800 18.382458
 0.300000 0.250800 17.399555
 0.400000 0.250800 20.755009
 0.500000 0.250800 34.907417
 0.600000 0.250800 49.701100
 0.700000 0.250800 54.676404
 0.800000 0.250800 53.159415
 0.900000 0.250800 49.334599
 1.000000 0.250800 56.244968
 1.100000 0.250800 53.959642
 1.200000 0.250800 60.189437
 1.300000 0.250800 65.674032
 1.400000 0.250800 63.198805
 1.500000 0.250800 74.995910
 1.600000 0.250800 72.278445
 1.700000 0.250800 67.100860
 1.800000 0.250800 70.493356
 1.900000 0.250800 68.224947
 2.000000 0.250800 74.275019
 2.100000 0.250800 65.091616
 2.200000 0.250800 69.275980
 2.300000 0.250800 64.206195
 2.400000 0.250800 65.677608
 2.500000 0.250800 63.466196
 2.600000 0.250800 66.296663
 2.700000 0.250800 65.472426
 2.800000 0.250800 63.711486
 2.900000 0.250800 65.540162
 3.000000 0.250800 63.882861
 3.100000 0.250800 65.563419
 3.200000 0.250800 64.747563
 3.300000 0.250800 68.065190
 3.400000 0.250800 65.819410
 3.500000 0.250800 64.413067
 3.600000 0.250800 67.169842
 3.700000 0.250800 69.946664
 3.800000 0.250800 67.080555
 3.900000 0.250800 65.591104
 4.000000 0.250800 69.213766
 4.100000 0.250800 71.324876
 4.200000 0.250800 83.573287
 4.300000 0.250800 78.722782
 4.400000 0.250800 inf
 4.500000 0.250800 inf
 4.600000 0.250800 inf
 4.700000 0.250800 inf
 4.800000 0.250800 inf
 4.900000 0.250800 inf
 5.000000 0.250800 inf

 0.000000 0.258400 inf
 0.100000 0.258400 30.912408
 0.200000 0.258400 14.602559
 0.300000 0.258400 13.715104
 0.400000 0.258400 20.295122
 0.500000 0.258400 25.431170
 0.600000 0.258400 40.444601
 0.700000 0.258400 50.919932
 0.800000 0.258400 53.645873
 0.900000 0.258400 53.817473
 1.000000 0.258400 51.621853
 1.100000 0.258400 57.963103
 1.200000 0.258400 57.514257
 1.300000 0.258400 60.098004
 1.400000 0.258400 63.558744
 1.500000 0.258400 70.579784
 1.600000 0.258400 62.000566
 1.700000 0.258400 65.258385
 1.800000 0.258400 65.049371
 1.900000 0.258400 68.611792
 2.000000 0.258400 67.647085
 2.100000 0.258400 62.852494
 2.200000 0.258400 65.980543
 2.300000 0.258400 68.849488
 2.400000 0.258400 64.169913
 2.500000 0.258400 65.145910
 2.600000 0.258400 64.574720
 2.700000 0.258400 65.823973
 2.800000 0.258400 63.335842
 2.900000 0.258400 63.994327
 3.000000 0.258400 62.907899
 3.100000 0.258400 57.584160
 3.200000 0.258400 64.103137
 3.300000 0.258400 64.622539
 3.400000 0.258400 63.632053
 3.500000 0.258400 60.518316
 3.600000 0.258400 63.400241
 3.700000 0.258400 64.256890
 3.800000 0.258400 63.306239
 3.900000 0.258400 59.304880
 4.000000 0.258400 64.852961
 4.100000 0.258400 64.064779
 4.200000 0.258400 71.785725
 4.300000 0.258400 91.928944
 4.400000 0.258400 133.471224
 4.500000 0.258400 inf
 4.600000 0.258400 inf
 4.700000 0.258400 inf
 4.800000 0.258400 inf
 4.900000 0.258400 inf
 5.000000 0.258400 inf

 0.000000 0.266000 inf
 0.100000 0.266000 32.504897
 0.200000 0.266000 13.861642
 0.300000 0.266000 8.003467
 0.400000 0.266000 11.625357
 0.500000 0.266000 24.153358
 0.600000 0.266000 38.397040
 0.700000 0.266000 47.815492
 0.800000 0.266000 49.951232
 0.900000 0.266000 49.994437
 1.000000 0.266000 50.984799
 1.100000 0.266000 53.881122
 1.200000 0.266000 56.934116
 1.300000 0.266000 49.858688
 1.400000 0.266000 55.747936
 1.500000 0.266000 61.463585
 1.600000 0.266000 60.913252
 1.700000 0.266000 63.447235
 1.800000 0.266000 61.093476
 1.900000 0.266000 60.012834
 2.000000 0.266000 56.554291
 2.100000 0.266000 60.658331
 2.200000 0.266000 58.688122
 2.300000 0.266000 61.688584
 2.400000 0.266000 59.471591
 2.500000 0.266000 62.565649
 2.600000 0.266000 61.050539
 2.700000 0.266000 61.567283
 2.800000 0.266000 57.827006
 2.900000 0.266000 62.951533
 3.000000 0.266000 59.550571
 3.100000 0.266000 48.811945
 3.200000 0.266000 60.200923
 3.300000 0.266000 56.160928
 3.400000 0.266000 58.982596
 3.500000 0.266000 56.434602
 3.600000 0.266000 60.728225
 3.700000 0.266000 50.104349
 3.800000 0.266000 55.340382
 3.900000 0.266000 56.310218
 4.000000 0.266000 58.330689
 4.100000 0.266000 60.352180
 4.200000 0.266000 72.129631
 4.300000 0.266000 100.706913
 4.400000 0.266000 inf
 4.500000 0.266000 inf
 4.600000 0.266000 inf
 4.700000 0.266000 inf
 4.800000 0.266000 inf
 4.900000 0.266000 inf
 5.000000 0.266000 inf

 0.000000 0.273600 inf
 0.100000 0.273600 34.859203
 0.200000 0.273600 13.438547
 0.300000 0.273600 6.937518
 0.400000 0.273600 12.296451
 0.500000 0.273600 21.430082
 0.600000 0.273600 35.128531
 0.700000 0.273600 41.576468
 0.800000 0.273600 49.053833
 0.900000 0.273600 50.104022
 1.000000 0.273600 45.849938
 1.100000 0.273600 51.233186
 1.200000 0.273600 48.593644
 1.300000 0.273600 50.755484
 1.400000 0.273600 54.183763
 1.500000 0.273600 55.784847
 1.600000 0.273600 55.299988
 1.700000 0.273600 57.616789
 1.800000 0.273600 55.094301
 1.900000 0.273600 56.098354
 2.000000 0.273600 58.219543
 2.100000 0.273600 58.608363
 2.200000 0.273600 55.692764
 2.300000 0.273600 57.218572
 2.400000 0.273600 57.214881
 2.500000 0.273600 55.793581
 2.600000 0.273600 54.807704
 2.700000 0.273600 55.392033
 2.800000 0.273600 56.944569
 2.900000 0.273600 59.553035
 3.000000 0.273600 58.014961
 3.100000 0.273600 57.700477
 3.200000 0.273600 56.792220
 3.300000 0.273600 57.490068
 3.400000 0.273600 53.499653
 3.500000 0.273600 56.807904
 3.600000 0.273600 54.213923
 3.700000 0.273600 55.857637
 3.800000 0.273600 52.764598
 3.900000 0.273600 56.698640
 4.000000 0.273600 56.247026
 4.100000 0.273600 59.666809
 4.200000 0.273600 64.360520
 4.300000 0.273600 115.605202
 4.400000 0.273600 inf
 4.500000 0.273600 inf
 4.600000 0.273600 inf
 4.700000 0.273600 inf
 4.800000 0.273600 inf
 4.900000 0.273600 inf
 5.000000 0.273600 inf

 0.000000 0.281200 inf
 0.100000 0.281200 42.522390
 0.200000 0.281200 17.795002
 0.300000 0.281200 9.520132
 0.400000 0.281200 12.964718
 0.500000 0.281200 21.593397
 0.600000 0.281200 28.569737
 0.700000 0.281200 43.595112
 0.800000 0.281200 46.752990
 0.900000 0.281200 45.117684
 1.000000 0.281200 46.668071
 1.100000 0.281200 45.883928
 1.200000 0.281200 46.278824
 1.300000 0.281200 50.837562
 1.400000 0.281200 51.292744
 1.500000 0.281200 52.069943
 1.600000 0.281200 52.400118
 1.700000 0.281200 54.911708
 1.800000 0.281200 50.833137
 1.900000 0.281200 54.856955
 2.000000 0.281200 55.353568
 2.100000 0.281200 55.074213
 2.200000 0.281200 48.914075
 2.300000 0.281200 55.203684
 2.400000 0.281200 55.918504
 2.500000 0.281200 54.980169
 2.600000 0.281200 54.353791
 2.700000 0.281200 56.450249
 2.800000 0.281200 53.847143
 2.900000 0.281200 56.085090
 3.000000 0.281200 55.552799
 3.100000 0.281200 53.117162
 3.200000 0.281200 54.657356
 3.300000 0.281200 55.376347
 3.400000 0.281200 46.046195
 3.500000 0.281200 54.925951
 3.600000 0.281200 52.960465
 3.700000 0.281200 56.705162
 3.800000 0.281200 55.822722
 3.900000 0.281200 54.796129
 4.000000 0.281200 56.309061
 4.100000 0.281200 56.535662
 4.200000 0.281200 63.005119
 4.300000 0.281200 114.325848
 4.400000 0.281200 128.724512
 4.500000 0.281200 inf
 4.600000 0.281200 inf
 4.700000 0.281200 inf
 4.800000 0.281200 inf
 4.900000 0.281200 inf
 5.000000 0.281200 inf

 0.000000 0.288800 inf
 0.100000 0.288800 33.934589
 0.200000 0.288800 22.264757
 0.300000 0.288800 13.313431
 0.400000 0.288800 17.002072
 0.500000 0.288800 20.052277
 0.600000 0.288800 32.725832
 0.700000 0.288800 29.020971
 0.800000 0.288800 46.332769
 0.900000 0.288800 33.991247
 1.000000 0.288800 45.079827
 1.100000 0.288800 45.451954
 1.200000 0.288800 47.350633
 1.300000 0.288800 48.371654
 1.400000 0.288800 50.337668
 1.500000 0.288800 52.122619
 1.600000 0.288800 52.711945
 1.700000 0.288800 54.258056
 1.800000 0.288800 54.268438
 1.900000 0.288800 54.121390
 2.000000 0.288800 54.649937
 2.100000 0.288800 54.883166
 2.200000 0.288800 54.335938
 2.300000 0.288800 56.185101
 2.400000 0.288800 55.566855
 2.500000 0.288800 55.449231
 2.600000 0.288800 52.941654
 2.700000 0.288800 54.831165
 2.800000 0.288800 55.543464
 2.900000 0.288800 56.178990
 3.000000 0.288800 55.861541
 3.100000 0.288800 55.414445
 3.200000 0.288800 55.929436
 3.300000 0.288800 53.081028
 3.400000 0.288800 50.652794
 3.500000 0.288800 56.408011
 3.600000 0.288800 54.708659
 3.700000 0.288800 57.112376
 3.800000 0.288800 56.089206
 3.900000 0.288800 57.245763
 4.000000 0.288800 57.855337
 4.100000 0.288800 56.086557
 4.200000 0.288800 63.162562
 4.300000 0.288800 inf
 4.400000 0.288800 inf
 4.500000 0.288800 inf
 4.600000 0.288800 inf
 4.700000 0.288800 inf
 4.800000 0.288800 inf
 4.900000 0.288800 inf
 5.000000 0.288800 inf

 0.000000 0.296400 inf
 0.100000 0.296400 44.448998
 0.200000 0.296400 27.413075
 0.300000 0.296400 21.491094
 0.400000 0.296400 20.402813
 0.500000 0.296400 24.365723
 0.600000 0.296400 36.050540
 0.700000 0.296400 41.293987
 0.800000 0.296400 45.144929
 0.900000 0.296400 46.406042
 1.000000 0.296400 45.608231
 1.100000 0.296400 47.967376
 1.200000 0.296400 48.813708
 1.300000 0.296400 50.756265
 1.400000 0.296400 53.137033
 1.500000 0.296400 52.688460
 1.600000 0.296400 53.836182
 1.700000 0.296400 54.859467
 1.800000 0.296400 54.379844
 1.900000 0.296400 56.345069
 2.000000 0.296400 54.367432
 2.100000 0.296400 55.161186
 2.200000 0.296400 51.453491
 2.300000 0.296400 56.935707
 2.400000 0.296400 57.882481
 2.500000 0.296400 57.300238
 2.600000 0.296400 56.583119
 2.700000 0.296400 58.214533
 2.800000 0.296400 58.517863
 2.900000 0.296400 55.862428
 3.000000 0.296400 58.101296
 3.100000 0.296400 56.727901
 3.200000 0.296400 56.495508
 3.300000 0.296400 56.390315
 3.400000 0.296400 58.811023
 3.500000 0.296400 59.514890
 3.600000 0.296400 56.916166
 3.700000 0.296400 53.994831
 3.800000 0.296400 58.153159
 3.900000 0.296400 60.336572
 4.000000 0.296400 60.892236
 4.100000 0.296400 60.538040
 4.200000 0.296400 65.198684
 4.300000 0.296400 inf
 4.400000 0.296400 inf
 4.500000 0.296400 inf
 4.600000 0.296400 inf
 4.700000 0.296400 inf
 4.800000 0.296400 inf
 4.900000 0.296400 inf
 5.000000 0.296400 inf

 0.000000 0.304000 inf
 0.100000 0.304000 inf
 0.200000 0.304000 32.141292
 0.300000 0.304000 24.988551
 0.400000 0.304000 17.101182
 0.500000 0.304000 29.038928
 0.600000 0.304000 37.155630
 0.700000 0.304000 40.201757
 0.800000 0.304000 45.475001
 0.900000 0.304000 47.267554
 1.000000 0.304000 44.567930
 1.100000 0.304000 49.791069
 1.200000 0.304000 49.852081
 1.300000 0.304000 53.280157
 1.400000 0.304000 50.569583
 1.500000 0.304000 51.799575
 1.600000 0.304000 55.937860
 1.700000 0.304000 34.726021
 1.800000 0.304000 53.894848
 1.900000 0.304000 54.568989
 2.000000 0.304000 54.424890
 2.100000 0.304000 57.621793
 2.200000 0.304000 55.099936
 2.300000 0.304000 54.353279
 2.400000 0.304000 56.695075
 2.500000 0.304000 57.609079
 2.600000 0.304000 59.846005
 2.700000 0.304000 59.000166
 2.800000 0.304000 62.402070
 2.900000 0.304000 60.967988
 3.000000 0.304000 60.485524
 3.100000 0.304000 48.959294
 3.200000 0.304000 61.488782
 3.300000 0.304000 63.177679
 3.400000 0.304000 54.197724
 3.500000 0.304000 62.554459
 3.600000 0.304000 60.438329
 3.700000 0.304000 61.815931
 3.800000 0.304000 62.136910
 3.900000 0.304000 64.828593
 4.000000 0.304000 58.312979
 4.100000 0.304000 63.152739
 4.200000 0.304000 64.639501
 4.300000 0.304000 inf
 4.400000 0.304000 inf
 4.500000 0.304000 inf
 4.600000 0.304000 inf
 4.700000 0.304000 inf
 4.800000 0.304000 inf
 4.900000 0.304000 inf
 5.000000 0.304000 inf

 0.000000 0.311600 inf
 0.100000 0.311600 inf
 0.200000 0.311600 41.173588
 0.300000 0.311600 26.799576
 0.400000 0.311600 28.816204
 0.500000 0.311600 30.052589
 0.600000 0.311600 41.715902
 0.700000 0.311600 45.604432
 0.800000 0.311600 43.809758
 0.900000 0.311600 45.501095
 1.000000 0.311600 45.825286
 1.100000 0.311600 49.437686
 1.200000 0.311600 51.161146
 1.300000 0.311600 54.621032
 1.400000 0.311600 52.200068
 1.500000 0.311600 55.029918
 1.600000 0.311600 57.391347
 1.700000 0.311600 59.159879
 1.800000 0.311600 58.620475
 1.900000 0.311600 54.604434
 2.000000 0.311600 57.753933
 2.100000 0.311600 59.073775
 2.200000 0.311600 60.894333
 2.300000 0.311600 60.277739
 2.400000 0.311600 62.786844
 2.500000 0.311600 62.565827
 2.600000 0.311600 66.823808
 2.700000 0.311600 59.245668
 2.800000 0.311600 63.725775
 2.900000 0.311600 64.933914
 3.000000 0.311600 64.215464
 3.100000 0.311600 62.952552
 3.200000 0.311600 65.319756
 3.300000 0.311600 68.224662
 3.400000 0.311600 61.585381
 3.500000 0.311600 67.020814
 3.600000 0.311600 67.350510
 3.700000 0.311600 65.795311
 3.800000 0.311600 69.976381
 3.900000 0.311600 69.872004
 4.000000 0.311600 69.555637
 4.100000 0.311600 68.074422
 4.200000 0.311600 74.409192
 4.300000 0.311600 inf
 4.400000 0.311600 inf
 4.500000 0.311600 inf
 4.600000 0.311600 inf
 4.700000 0.311600 inf
 4.800000 0.311600 inf
 4.900000 0.311600 inf
 5.000000 0.311600 inf

 0.000000 0.319200 inf
 0.100000 0.319200 inf
 0.200000 0.319200 inf
 0.300000 0.319200 35.467126
 0.400000 0.319200 32.571758
 0.500000 0.319200 37.221390
 0.600000 0.319200 45.829229
 0.700000 0.319200 42.365070
 0.800000 0.319200 49.419079
 0.900000 0.319200 49.855202
 1.000000 0.319200 50.255582
 1.100000 0.319200 51.041505
 1.200000 0.319200 54.232692
 1.300000 0.319200 56.719606
 1.400000 0.319200 55.663516
 1.500000 0.319200 49.829861
 1.600000 0.319200 58.839648
 1.700000 0.319200 61.166320
 1.800000 0.319200 55.240377
 1.900000 0.319200 62.970082
 2.000000 0.319200 61.883722
 2.100000 0.319200 64.951118
 2.200000 0.319200 65.814010
 2.300000 0.319200 67.506763
 2.400000 0.319200 65.981175
 2.500000 0.319200 60.443178
 2.600000 0.319200 65.502302
 2.700000 0.319200 69.934060
 2.800000 0.319200 64.837180
 2.900000 0.319200 65.192225
 3.000000 0.319200 inf
 3.100000 0.319200 76.154711
 3.200000 0.319200 73.802032
 3.300000 0.319200 70.401229
 3.400000 0.319200 71.752250
 3.500000 0.319200 72.272480
 3.600000 0.319200 inf
 3.700000 0.319200 73.391992
 3.800000 0.319200 73.135182
 3.900000 0.319200 75.840876
 4.000000 0.319200 74.102799
 4.100000 0.319200 76.515027
 4.200000 0.319200 inf
 4.300000 0.319200 inf
 4.400000 0.319200 inf
 4.500000 0.319200 inf
 4.600000 0.319200 inf
 4.700000 0.319200 inf
 4.800000 0.319200 inf
 4.900000 0.319200 inf
 5.000000 0.319200 inf

 0.000000 0.326800 inf
 0.100000 0.326800 inf
 0.200000 0.326800 44.544610
 0.300000 0.326800 48.216393
 0.400000 0.326800 39.305040
 0.500000 0.326800 41.047197
 0.600000 0.326800 47.529663
 0.700000 0.326800 52.840367
 0.800000 0.326800 51.478916
 0.900000 0.326800 49.220719
 1.000000 0.326800 55.604780
 1.100000 0.326800 52.259232
 1.200000 0.326800 61.381429
 1.300000 0.326800 60.829831
 1.400000 0.326800 66.737334
 1.500000 0.326800 59.413581
 1.600000 0.326800 67.866275
 1.700000 0.326800 68.891613
 1.800000 0.326800 63.989284
 1.900000 0.326800 70.392737
 2.000000 0.326800 65.090425
 2.100000 0.326800 70.447137
 2.200000 0.326800 68.949518
 2.300000 0.326800 67.638788
 2.400000 0.326800 68.900308
 2.500000 0.326800 68.846876
 2.600000 0.326800 67.156962
 2.700000 0.326800 67.516402
 2.800000 0.326800 74.242628
 2.900000 0.326800 inf
 3.000000 0.326800 inf
 3.100000 0.326800 inf
 3.200000 0.326800 inf
 3.300000 0.326800 inf
 3.400000 0.326800 inf
 3.500000 0.326800 74.252060
 3.600000 0.326800 inf
 3.700000 0.326800 inf
 3.800000 0.326800 inf
 3.900000 0.326800 inf
 4.000000 0.326800 inf
 4.100000 0.326800 inf
 4.200000 0.326800 inf
 4.300000 0.326800 inf
 4.400000 0.326800 inf
 4.500000 0.326800 inf
 4.600000 0.326800 inf
 4.700000 0.326800 inf
 4.800000 0.326800 inf
 4.900000 0.326800 inf
 5.000000 0.326800 inf

 0.000000 0.334400 inf
 0.100000 0.334400 inf
 0.200000 0.334400 inf
 0.300000 0.334400 48.016056
 0.400000 0.334400 42.992976
 0.500000 0.334400 45.427529
 0.600000 0.334400 48.513438
 0.700000 0.334400 59.241621
 0.800000 0.334400 56.073767
 0.900000 0.334400 61.525879
 1.000000 0.334400 64.296945
 1.100000 0.334400 64.343281
 1.200000 0.334400 65.502779
 1.300000 0.334400 inf
 1.400000 0.334400 56.932346
 1.500000 0.334400 inf
 1.600000 0.334400 inf
 1.700000 0.334400 inf
 1.800000 0.334400 74.041763
 1.900000 0.334400 inf
 2.000000 0.334400 71.495071
 2.100000 0.334400 inf
 2.200000 0.334400 71.529181
 2.300000 0.334400 inf
 2.400000 0.334400 72.942216
 2.500000 0.334400 69.697269
 2.600000 0.334400 72.586206
 2.700000 0.334400 inf
 2.800000 0.334400 inf
 2.900000 0.334400 inf
 3.000000 0.334400 inf
 3.100000 0.334400 inf
 3.200000 0.334400 inf
 3.300000 0.334400 inf
 3.400000 0.334400 inf
 3.500000 0.334400 inf
 3.600000 0.334400 inf
 3.700000 0.334400 inf
 3.800000 0.334400 inf
 3.900000 0.334400 inf
 4.000000 0.334400 inf
 4.100000 0.334400 inf
 4.200000 0.334400 inf
 4.300000 0.334400 inf
 4.400000 0.334400 inf
 4.500000 0.334400 inf
 4.600000 0.334400 inf
 4.700000 0.334400 inf
 4.800000 0.334400 inf
 4.900000 0.334400 inf
 5.000000 0.334400 inf

 0.000000 0.342000 inf
 0.100000 0.342000 inf
 0.200000 0.342000 inf
 0.300000 0.342000 52.219751
 0.400000 0.342000 47.218106
 0.500000 0.342000 46.005191
 0.600000 0.342000 49.360812
 0.700000 0.342000 51.580086
 0.800000 0.342000 57.524665
 0.900000 0.342000 inf
 1.000000 0.342000 63.509371
 1.100000 0.342000 inf
 1.200000 0.342000 inf
 1.300000 0.342000 inf
 1.400000 0.342000 inf
 1.500000 0.342000 inf
 1.600000 0.342000 inf
 1.700000 0.342000 inf
 1.800000 0.342000 inf
 1.900000 0.342000 inf
 2.000000 0.342000 inf
 2.100000 0.342000 inf
 2.200000 0.342000 inf
 2.300000 0.342000 74.945141
 2.400000 0.342000 69.993180
 2.500000 0.342000 inf
 2.600000 0.342000 inf
 2.700000 0.342000 inf
 2.800000 0.342000 inf
 2.900000 0.342000 inf
 3.000000 0.342000 inf
 3.100000 0.342000 inf
 3.200000 0.342000 inf
 3.300000 0.342000 inf
 3.400000 0.342000 inf
 3.500000 0.342000 inf
 3.600000 0.342000 inf
 3.700000 0.342000 inf
 3.800000 0.342000 inf
 3.900000 0.342000 inf
 4.000000 0.342000 inf
 4.100000 0.342000 inf
 4.200000 0.342000 inf
 4.300000 0.342000 inf
 4.400000 0.342000 inf
 4.500000 0.342000 inf
 4.600000 0.342000 inf
 4.700000 0.342000 inf
 4.800000 0.342000 inf
 4.900000 0.342000 inf
 5.000000 0.342000 inf

 0.000000 0.349600 inf
 0.100000 0.349600 inf
 0.200000 0.349600 inf
 0.300000 0.349600 inf
 0.400000 0.349600 55.267168
 0.500000 0.349600 48.606513
 0.600000 0.349600 52.511494
 0.700000 0.349600 inf
 0.800000 0.349600 inf
 0.900000 0.349600 inf
 1.000000 0.349600 inf
 1.100000 0.349600 inf
 1.200000 0.349600 inf
 1.300000 0.349600 inf
 1.400000 0.349600 inf
 1.500000 0.349600 inf
 1.600000 0.349600 inf
 1.700000 0.349600 inf
 1.800000 0.349600 inf
 1.900000 0.349600 inf
 2.000000 0.349600 inf
 2.100000 0.349600 inf
 2.200000 0.349600 inf
 2.300000 0.349600 inf
 2.400000 0.349600 inf
 2.500000 0.349600 inf
 2.600000 0.349600 inf
 2.700000 0.349600 inf
 2.800000 0.349600 inf
 2.900000 0.349600 inf
 3.000000 0.349600 inf
 3.100000 0.349600 inf
 3.200000 0.349600 inf
 3.300000 0.349600 inf
 3.400000 0.349600 inf
 3.500000 0.349600 inf
 3.600000 0.349600 inf
 3.700000 0.349600 inf
 3.800000 0.349600 inf
 3.900000 0.349600 inf
 4.000000 0.349600 inf
 4.100000 0.349600 inf
 4.200000 0.349600 inf
 4.300000 0.349600 inf
 4.400000 0.349600 inf
 4.500000 0.349600 inf
 4.600000 0.349600 inf
 4.700000 0.349600 inf
 4.800000 0.349600 inf
 4.900000 0.349600 inf
 5.000000 0.349600 inf

 0.000000 0.357200 inf
 0.100000 0.357200 inf
 0.200000 0.357200 inf
 0.300000 0.357200 inf
 0.400000 0.357200 60.288249
 0.500000 0.357200 51.890143
 0.600000 0.357200 55.564383
 0.700000 0.357200 inf
 0.800000 0.357200 inf
 0.900000 0.357200 inf
 1.000000 0.357200 inf
 1.100000 0.357200 inf
 1.200000 0.357200 inf
 1.300000 0.357200 inf
 1.400000 0.357200 inf
 1.500000 0.357200 inf
 1.600000 0.357200 inf
 1.700000 0.357200 inf
 1.800000 0.357200 inf
 1.900000 0.357200 inf
 2.000000 0.357200 inf
 2.100000 0.357200 inf
 2.200000 0.357200 inf
 2.300000 0.357200 inf
 2.400000 0.357200 inf
 2.500000 0.357200 inf
 2.600000 0.357200 inf
 2.700000 0.357200 inf
 2.800000 0.357200 inf
 2.900000 0.357200 inf
 3.000000 0.357200 inf
 3.100000 0.357200 inf
 3.200000 0.357200 inf
 3.300000 0.357200 inf
 3.400000 0.357200 inf
 3.500000 0.357200 inf
 3.600000 0.357200 inf
 3.700000 0.357200 inf
 3.800000 0.357200 inf
 3.900000 0.357200 inf
 4.000000 0.357200 inf
 4.100000 0.357200 inf
 4.200000 0.357200 inf
 4.300000 0.357200 inf
 4.400000 0.357200 inf
 4.500000 0.357200 inf
 4.600000 0.357200 inf
 4.700000 0.357200 inf
 4.800000 0.357200 inf
 4.900000 0.357200 inf
 5.000000 0.357200 inf

 0.000000 0.364800 inf
 0.100000 0.364800 inf
 0.200000 0.364800 inf
 0.300000 0.364800 inf
 0.400000 0.364800 inf
 0.500000 0.364800 inf
 0.600000 0.364800 inf
 0.700000 0.364800 inf
 0.800000 0.364800 inf
 0.900000 0.364800 inf
 1.000000 0.364800 inf
 1.100000 0.364800 inf
 1.200000 0.364800 inf
 1.300000 0.364800 inf
 1.400000 0.364800 inf
 1.500000 0.364800 inf
 1.600000 0.364800 inf
 1.700000 0.364800 inf
 1.800000 0.364800 inf
 1.900000 0.364800 inf
 2.000000 0.364800 inf
 2.100000 0.364800 inf
 2.200000 0.364800 inf
 2.300000 0.364800 inf
 2.400000 0.364800 inf
 2.500000 0.364800 inf
 2.600000 0.364800 inf
 2.700000 0.364800 inf
 2.800000 0.364800 inf
 2.900000 0.364800 inf
 3.000000 0.364800 inf
 3.100000 0.364800 inf
 3.200000 0.364800 inf
 3.300000 0.364800 inf
 3.400000 0.364800 inf
 3.500000 0.364800 inf
 3.600000 0.364800 inf
 3.700000 0.364800 inf
 3.800000 0.364800 inf
 3.900000 0.364800 inf
 4.000000 0.364800 inf
 4.100000 0.364800 inf
 4.200000 0.364800 inf
 4.300000 0.364800 inf
 4.400000 0.364800 inf
 4.500000 0.364800 inf
 4.600000 0.364800 inf
 4.700000 0.364800 inf
 4.800000 0.364800 inf
 4.900000 0.364800 inf
 5.000000 0.364800 inf

 0.000000 0.372400 inf
 0.100000 0.372400 inf
 0.200000 0.372400 inf
 0.300000 0.372400 inf
 0.400000 0.372400 inf
 0.500000 0.372400 inf
 0.600000 0.372400 inf
 0.700000 0.372400 inf
 0.800000 0.372400 inf
 0.900000 0.372400 inf
 1.000000 0.372400 inf
 1.100000 0.372400 inf
 1.200000 0.372400 inf
 1.300000 0.372400 inf
 1.400000 0.372400 inf
 1.500000 0.372400 inf
 1.600000 0.372400 inf
 1.700000 0.372400 inf
 1.800000 0.372400 inf
 1.900000 0.372400 inf
 2.000000 0.372400 inf
 2.100000 0.372400 inf
 2.200000 0.372400 inf
 2.300000 0.372400 inf
 2.400000 0.372400 inf
 2.500000 0.372400 inf
 2.600000 0.372400 inf
 2.700000 0.372400 inf
 2.800000 0.372400 inf
 2.900000 0.372400 inf
 3.000000 0.372400 inf
 3.100000 0.372400 inf
 3.200000 0.372400 inf
 3.300000 0.372400 inf
 3.400000 0.372400 inf
 3.500000 0.372400 inf
 3.600000 0.372400 inf
 3.700000 0.372400 inf
 3.800000 0.372400 inf
 3.900000 0.372400 inf
 4.000000 0.372400 inf
 4.100000 0.372400 inf
 4.200000 0.372400 inf
 4.300000 0.372400 inf
 4.400000 0.372400 inf
 4.500000 0.372400 inf
 4.600000 0.372400 inf
 4.700000 0.372400 inf
 4.800000 0.372400 inf
 4.900000 0.372400 inf
 5.000000 0.372400 inf

 0.000000 0.380000 inf
 0.100000 0.380000 inf
 0.200000 0.380000 inf
 0.300000 0.380000 inf
 0.400000 0.380000 inf
 0.500000 0.380000 inf
 0.600000 0.380000 inf
 0.700000 0.380000 inf
 0.800000 0.380000 inf
 0.900000 0.380000 inf
 1.000000 0.380000 inf
 1.100000 0.380000 inf
 1.200000 0.380000 inf
 1.300000 0.380000 inf
 1.400000 0.380000 inf
 1.500000 0.380000 inf
 1.600000 0.380000 inf
 1.700000 0.380000 inf
 1.800000 0.380000 inf
 1.900000 0.380000 inf
 2.000000 0.380000 inf
 2.100000 0.380000 inf
 2.200000 0.380000 inf
 2.300000 0.380000 inf
 2.400000 0.380000 inf
 2.500000 0.380000 inf
 2.600000 0.380000 inf
 2.700000 0.380000 inf
 2.800000 0.380000 inf
 2.900000 0.380000 inf
 3.000000 0.380000 inf
 3.100000 0.380000 inf
 3.200000 0.380000 inf
 3.300000 0.380000 inf
 3.400000 0.380000 inf
 3.500000 0.380000 inf
 3.600000 0.380000 inf
 3.700000 0.380000 inf
 3.800000 0.380000 inf
 3.900000 0.380000 inf
 4.000000 0.380000 inf
 4.100000 0.380000 inf
 4.200000 0.380000 inf
 4.300000 0.380000 inf
 4.400000 0.380000 inf
 4.500000 0.380000 inf
 4.600000 0.380000 inf
 4.700000 0.380000 inf
 4.800000 0.380000 inf
 4.900000 0.380000 inf
 5.000000 0.380000 inf
