#! FIELDS distance hh1
#! SET normalisation    4.0147100000000000e+05
#! SET min_distance 0
#! SET max_distance 6
#! SET nbins_distance  100
#! SET periodic_distance false
   0.0000000000000000e+00   0.0000000000000000e+00
   5.9999999999999998e-02   1.0114385801626965e-03
   1.2000000000000000e-01   2.2875725152953961e-03
   1.7999999999999999e-01   7.6055570505304432e-05
   2.3999999999999999e-01   2.0767031784063076e-05
   2.9999999999999999e-01   3.0565165298447743e-06
   3.5999999999999999e-01   5.2288255701501392e-07
   4.1999999999999998e-01   1.1921162101162386e-08
   4.7999999999999998e-01   6.2820858019710428e-09
   5.4000000000000004e-01   7.3215965395033698e-09
   5.9999999999999998e-01   1.9083327515041737e-08
   6.5999999999999992e-01   1.4969427718108438e-08
   7.1999999999999997e-01   4.6327988984735809e-09
   7.8000000000000003e-01   2.3918342726744178e-09
   8.3999999999999997e-01   1.5061240224051690e-09
   8.9999999999999991e-01   2.6426962849188501e-09
   9.5999999999999996e-01   2.2385280815430606e-09
   1.0200000000000000e+00   1.3226650583582387e-09
   1.0800000000000001e+00   2.4462264742793150e-09
   1.1399999999999999e+00   5.6356413911411862e-10
   1.2000000000000000e+00   4.6047249638345473e-10
   1.2600000000000000e+00   3.6830385721421440e-10
   1.3199999999999998e+00   2.5643646022845534e-10
   1.3799999999999999e+00   2.6771963077989539e-10
   1.4399999999999999e+00   2.7806994344911050e-10
   1.5000000000000000e+00   1.5256144228039454e-10
   1.5600000000000001e+00   9.4200791311894375e-11
   1.6199999999999999e+00   1.1974793557939719e-10
   1.6799999999999999e+00   4.8774903820992141e-11
   1.7400000000000000e+00   4.8851600547697975e-11
   1.7999999999999998e+00   3.8555645774959809e-11
   1.8599999999999999e+00   4.4387938958432230e-11
   1.9199999999999999e+00   3.2839253068794830e-11
   1.9800000000000000e+00   4.4263403923241463e-11
   2.0400000000000000e+00   3.4605152093244817e-11
   2.1000000000000001e+00   4.6118037727753150e-11
   2.1600000000000001e+00   2.8990638006333407e-11
   2.2199999999999998e+00   2.4265510786380452e-11
   2.2799999999999998e+00   2.6034531842836807e-11
   2.3399999999999999e+00   2.3606985822510588e-11
   2.3999999999999999e+00   7.4238471896593638e-11
   2.4600000000000000e+00   3.6154354279049469e-11
   2.5200000000000000e+00   5.0576259535995776e-11
   2.5800000000000001e+00   2.7548837530710659e-11
   2.6399999999999997e+00   3.7956221343819037e-11
   2.6999999999999997e+00   4.9617096769390624e-11
   2.7599999999999998e+00   1.1119876609935728e-10
   2.8199999999999998e+00   7.5699329394228426e-11
   2.8799999999999999e+00   4.0830409709202814e-11
   2.9399999999999999e+00   5.0899329398764497e-11
   3.0000000000000000e+00   5.6520494419810759e-11
   3.0600000000000001e+00   3.2757608960863450e-11
   3.1200000000000001e+00   2.3148894637389097e-11
   3.1799999999999997e+00   4.1282565275585127e-11
   3.2399999999999998e+00   7.2421165060436747e+23
   3.2999999999999998e+00   2.7182141337170804e-11
   3.3599999999999999e+00   9.5819983319597691e-11
   3.4199999999999999e+00   1.4310561329543551e-09
   3.4800000000000000e+00   8.8515350565739801e-11
   3.5400000000000000e+00   2.8533594470068173e-11
   3.5999999999999996e+00   7.8840909640705041e+24
   3.6599999999999997e+00   3.2904711951927284e-11
   3.7199999999999998e+00   1.2879708848432104e-09
   3.7799999999999998e+00   5.2712127801029819e-11
   3.8399999999999999e+00   2.7797806264084326e-11
   3.8999999999999999e+00   3.4323515453886776e-11
   3.9600000000000000e+00   1.2641641957046597e-07
   4.0199999999999996e+00   2.5202912117486036e-10
   4.0800000000000001e+00   4.9249734298966887e-11
   4.1399999999999997e+00   1.4263632778605930e-08
   4.2000000000000002e+00   9.3285947723242372e-11
   4.2599999999999998e+00   2.3202076242541207e-13
   4.3200000000000003e+00   8.5433635628968528e-16
   4.3799999999999999e+00   1.6485787777608002e-21
   4.4399999999999995e+00   0.0000000000000000e+00
   4.5000000000000000e+00   0.0000000000000000e+00
   4.5599999999999996e+00   0.0000000000000000e+00
   4.6200000000000001e+00   0.0000000000000000e+00
   4.6799999999999997e+00   0.0000000000000000e+00
   4.7400000000000002e+00   0.0000000000000000e+00
   4.7999999999999998e+00   0.0000000000000000e+00
   4.8599999999999994e+00   0.0000000000000000e+00
   4.9199999999999999e+00   0.0000000000000000e+00
   4.9799999999999995e+00   0.0000000000000000e+00
   5.0400000000000000e+00   0.0000000000000000e+00
   5.0999999999999996e+00   0.0000000000000000e+00
   5.1600000000000001e+00   0.0000000000000000e+00
   5.2199999999999998e+00   0.0000000000000000e+00
   5.2799999999999994e+00   0.0000000000000000e+00
   5.3399999999999999e+00   0.0000000000000000e+00
   5.3999999999999995e+00   0.0000000000000000e+00
   5.4600000000000000e+00   0.0000000000000000e+00
   5.5199999999999996e+00   0.0000000000000000e+00
   5.5800000000000001e+00   0.0000000000000000e+00
   5.6399999999999997e+00   0.0000000000000000e+00
   5.7000000000000002e+00   0.0000000000000000e+00
   5.7599999999999998e+00   0.0000000000000000e+00
   5.8199999999999994e+00   0.0000000000000000e+00
   5.8799999999999999e+00   0.0000000000000000e+00
   5.9399999999999995e+00   0.0000000000000000e+00
   6.0000000000000000e+00   0.0000000000000000e+00
