#! FIELDS coord file.free der_coord
#! SET min_coord -0.0070463
#! SET max_coord 1.00707
#! SET nbins_coord  1436
#! SET periodic_coord false
   -0.007046300   92.346988381   -0.000000000
   -0.006339599   92.321979119  -72.114174484
   -0.005632897   92.223039710 -227.436128438
   -0.004926196   91.954349997 -571.592145277
   -0.004219495   91.345433224 -1211.686382688
   -0.003512794   90.146286664 -2247.981524256
   -0.002806092   88.088209902 -3618.041965338
   -0.002099391   85.021245936 -5029.610920581
   -0.001392690   81.084579011 -5989.006222729
   -0.000685989   76.781285173 -6001.639778328
    0.000020713   72.870399108 -4889.482031292
    0.000727414   70.063312341 -2972.331528298
    0.001434115   68.696686252 -938.622383781
    0.002140816   68.599630371  523.783715003
    0.002847518   69.219647975 1078.115011334
    0.003554219   69.932757853  842.023246533
    0.004260920   70.313105066  206.976955093
    0.004967621   70.230605179 -414.442897606
    0.005674323   69.786610850 -794.024629318
    0.006381024   69.168494816 -911.507764004
    0.007087725   68.538211635 -845.157828978
    0.007794426   67.986734885 -692.476060271
    0.008501128   67.571638451 -468.938817876
    0.009207829   67.329737138 -212.915681997
    0.009914530   67.268120325   30.071789350
    0.010621231   67.354363649  203.037563526
    0.011327933   67.526087008  266.073028084
    0.012034634   67.703513868  229.742345504
    0.012741335   67.842507677  161.930580330
    0.013448036   67.928474717   89.160651566
    0.014154738   67.968906271   29.970687943
    0.014861439   67.970889177  -17.558766858
    0.015568140   67.947697727  -35.733840242
    0.016274841   67.933760328    6.213266354
    0.016981543   67.970927206  106.650167379
    0.017688244   68.076999703  183.642856173
    0.018394945   68.202587342  148.603839362
    0.019101646   68.251391769  -32.327693493
    0.019808348   68.147053638 -260.025352570
    0.020515049   67.900465804 -407.607988296
    0.021221750   67.611588253 -365.616945195
    0.021928451   67.432414468 -118.860729188
    0.022635153   67.465558276  221.930716759
    0.023341854   67.727611775  492.427740378
    0.024048555   68.115543857  564.203326808
    0.024755256   68.473461570  420.523739524
    0.025461958   68.678679424  157.499401852
    0.026168659   68.697050483  -76.178104358
    0.026875360   68.612267624 -136.333573021
    0.027582061   68.548348316  -14.868643311
    0.028288763   68.609772674  193.622304407
    0.028995464   68.803232295  334.356890076
    0.029702165   69.039390250  306.074485011
    0.030408866   69.205866572  155.624534163
    0.031115568   69.259940632   12.959836737
    0.031822269   69.245315714  -30.278621876
    0.032528970   69.240347631   26.825279776
    0.033235671   69.285131732  103.696507562
    0.033942373   69.379361205  157.003711793
    0.034649074   69.489727424  146.967558517
    0.035355775   69.583733247  114.480431270
    0.036062477   69.650873369   78.055646015
    0.036769178   69.695954522   52.331263786
    0.037475879   69.709209412  -15.239383654
    0.038182580   69.666403096 -112.761844719
    0.038889282   69.550374350 -207.299855150
    0.039595983   69.380362639 -261.604552901
    0.040302684   69.191566101 -250.526392648
    0.041009385   69.045766723 -146.338245490
    0.041716087   69.007407059   51.251235544
    0.042422788   69.143568717  344.322497064
    0.043129489   69.500661481  661.001517750
    0.043836190   70.065256586  914.440108197
    0.044542892   70.761974059 1015.916297304
    0.045249593   71.450329691  892.593300519
    0.045956294   71.963130187  522.715800909
    0.046662995   72.152958436   -0.479710803
    0.047369697   71.971048978 -486.174409296
    0.048076398   71.512998706 -762.126532038
    0.048783099   70.966696880 -741.858373468
    0.049489800   70.521386257 -507.761831426
    0.050196502   70.268733711 -210.929364153
    0.050903203   70.188968504  -40.400157019
    0.051609904   70.175080190  -14.881483517
    0.052316605   70.163124902  -11.088416719
    0.053023307   70.182187253   91.958836294
    0.053730008   70.325104086  336.321582508
    0.054436709   70.676061740  663.325562072
    0.055143410   71.242845223  918.978180196
    0.055850112   71.920761126  960.325707805
    0.056556813   72.539543027  741.593268910
    0.057263514   72.912220201  283.849652638
    0.057970215   72.922376906 -262.114170699
    0.058676917   72.561997751 -743.048383418
    0.059383618   71.926184542 -1013.975483661
    0.060090319   71.176681374 -1069.733755025
    0.060797020   70.464685640 -925.076864220
    0.061503722   69.899723773 -668.377364710
    0.062210423   69.527873461 -380.133597432
    0.062917124   69.376148283  -54.415952449
    0.063623825   69.455250092  273.353200383
    0.064330527   69.753774627  557.147115140
    0.065037228   70.212879255  712.230045835
    0.065743929   70.725594713  707.730930469
    0.066450630   71.193454823  608.060331282
    0.067157332   71.577218216  478.324936034
    0.067864033   71.879165558  386.907684764
    0.068570734   72.129046091  336.137724135
    0.069277435   72.359876144  319.960320887
    0.069984137   72.585546592  322.266801460
    0.070690838   72.814663539  318.328186781
    0.071397539   73.027753926  276.527923193
    0.072104240   73.183221759  141.259906942
    0.072810942   73.208005974  -87.323485647
    0.073517643   73.059578701 -314.421577016
    0.074224344   72.793263432 -401.248885670
    0.074931046   72.557093826 -230.283951257
    0.075637747   72.503173952   80.897434156
    0.076344448   72.653531036  308.975267074
    0.077051149   72.870148451  242.487791153
    0.077757851   72.915067242 -154.483655235
    0.078464552   72.629631266 -636.757511381
    0.079171253   72.068820297 -888.809176670
    0.079877954   71.477758130 -714.027252969
    0.080584656   71.140649254 -209.468032552
    0.081291357   71.175942493  272.212651630
    0.081998058   71.437313202  391.523949177
    0.082704759   71.614979312   58.872662313
    0.083411461   71.471189044 -467.504257586
    0.084118162   71.008705218 -778.447929287
    0.084824863   70.488116981 -608.639180049
    0.085531564   70.248144161  -16.857418814
    0.086238266   70.488413988  678.349289298
    0.086944967   71.148706394 1130.971848837
    0.087651668   71.996338539 1209.979985109
    0.088358369   72.772263559  947.942339659
    0.089065071   73.308806089  554.446957175
    0.089771772   73.556348942  160.939348911
    0.090478473   73.557715838 -130.287846025
    0.091185174   73.409308230 -267.801875306
    0.091891876   73.220875059 -248.139956496
    0.092598577   73.077492333 -143.248411688
    0.093305278   73.025043101   -1.218132402
    0.094011979   73.066882127  115.937146792
    0.094718681   73.174162704  176.188896215
    0.095425382   73.289815941  135.242514115
    0.096132083   73.331607282  -35.980366744
    0.096838784   73.210324138 -317.470233395
    0.097545486   72.885009835 -588.943388864
    0.098252187   72.418428163 -694.617442485
    0.098958888   71.974705646 -510.259084212
    0.099665589   71.745789571 -114.494858873
    0.100372291   71.818085220  304.175145672
    0.101078992   72.136233013  560.243170235
    0.101785693   72.549172392  569.641181890
    0.102492394   72.892467988  391.325371899
    0.103199096   73.102441587  207.188417206
    0.103905797   73.212948782  124.861583758
    0.104612498   73.302629866  148.210104757
    0.105319199   73.436507275  228.699713713
    0.106025901   73.631880306  315.134924124
    0.106732602   73.857401009  310.422557248
    0.107439303   74.044185731  199.663693505
    0.108146004   74.119725252    9.628846067
    0.108852706   74.066213912 -151.409365533
    0.109559407   73.937514439 -179.876151835
    0.110266108   73.850994749  -39.375757341
    0.110972809   73.899147416  172.999113685
    0.111679511   74.082925891  332.082571222
    0.112386212   74.340828819  374.155851278
    0.113092913   74.594652915  331.941981519
    0.113799614   74.802092072  251.427210289
    0.114506316   74.948969623  161.208361864
    0.115213017   75.012854309    3.452573621
    0.115919718   74.932502074 -241.132735488
    0.116626420   74.682184308 -441.683070788
    0.117333121   74.365219305 -399.496705114
    0.118039822   74.197070212  -28.015053114
    0.118746523   74.372937625  526.567222130
    0.119453225   74.897469150  894.801625101
    0.120159926   75.528585325  796.371185505
    0.120866627   75.897455422  186.485739859
    0.121573328   75.748570128 -603.725719935
    0.122280030   75.110403895 -1135.048784941
    0.122986731   74.281603863 -1112.807562989
    0.123693432   73.679855881 -508.510383587
    0.124400133   73.633835371  390.906597206
    0.125106835   74.211818542 1196.895635641
    0.125813536   75.228327090 1597.260040641
    0.126520237   76.342621296 1462.395075566
    0.127226938   77.183269158  858.748554626
    0.127933640   77.514922183   74.207816979
    0.128640341   77.312803930 -609.744801192
    0.129347042   76.726125585 -989.679780266
    0.130053743   76.005533995 -994.862717247
    0.130760445   75.390228021 -718.552310296
    0.131467146   75.012870517 -336.771805339
    0.132173847   74.909683485   33.921190295
    0.132880548   75.033201675  286.674291798
    0.133587250   75.273501638  361.044982954
    0.134293951   75.504358922  271.334723970
    0.135000652   75.629153536   78.130858793
    0.135707353   75.623913744  -75.484371627
    0.136414055   75.553577182  -94.384267000
    0.137120756   75.524946840   41.795947666
    0.137827457   75.637234168  281.958068566
    0.138534158   75.915495485  487.952637151
    0.139240860   76.311124719  614.241843925
    0.139947561   76.763150143  649.629411618
    0.140654262   77.222732926  644.266962719
    0.141360963   77.663114488  591.609950154
    0.142067665   78.035097667  434.291820432
    0.142774366   78.230333944   81.070107480
    0.143481067   78.110851968 -435.474554353
    0.144187768   77.614912230 -950.538119799
    0.144894470   76.816629026 -1257.345834662
    0.145601171   75.930615744 -1171.277135466
    0.146307872   75.261026197 -657.534680350
    0.147014573   75.067256072  137.782782633
    0.147721275   75.464923060  980.766134947
    0.148427976   76.404081330 1631.755320371
    0.149134677   77.686003246 1933.576046084
    0.149841378   79.043600412 1846.588289368
    0.150548080   80.207576797 1388.152117960
    0.151254781   80.939835353  651.184422377
    0.151961482   81.098570347 -200.949170005
    0.152668183   80.680593119 -942.451482075
    0.153374885   79.850879949 -1332.491400306
    0.154081586   78.912561118 -1244.357699221
    0.154788287   78.206646292 -690.996155246
    0.155494989   77.995058153  107.106292408
    0.156201690   78.348376652  863.618556921
    0.156908391   79.153266526 1358.112281771
    0.157615092   80.178371741 1472.871566633
    0.158321794   81.134952439 1168.325241214
    0.159028495   81.739370650  495.826843698
    0.159735196   81.787213299 -373.836956125
    0.160441897   81.230694311 -1159.025038117
    0.161148599   80.251102925 -1522.288487662
    0.161855300   79.220478923 -1287.471548090
    0.162562001   78.548631424 -552.782748071
    0.163268702   78.468245950  307.409667225
    0.163975404   78.895987608  818.826556334
    0.164682105   79.478498950  726.284972420
    0.165388806   79.801866389  132.370199976
    0.166095507   79.625157507 -614.537269706
    0.166802209   78.992016564 -1112.844863893
    0.167508910   78.152248209 -1194.116700402
    0.168215611   77.387694156 -931.541573516
    0.168922312   76.869104754 -530.757472780
    0.169629014   76.620958314 -197.427369521
    0.170335715   76.563661234   19.564438574
    0.171042416   76.641233514  200.046450284
    0.171749117   76.843782285  370.526077931
    0.172455819   77.146911020  470.401234284
    0.173162520   77.468691671  407.406472005
    0.173869221   77.666024765  119.452987770
    0.174575922   77.612091531 -270.828160977
    0.175282624   77.315742316 -536.753975464
    0.175989325   76.910718615 -555.226462716
    0.176696026   76.597354366 -293.306534737
    0.177402727   76.516270929   74.890507292
    0.178109429   76.683793731  376.769055609
    0.178816130   76.998638356  478.769538871
    0.179522831   77.313482975  381.610524174
    0.180229532   77.510405215  175.550298030
    0.180936234   77.558453985  -36.759952135
    0.181642935   77.466110185 -226.250838420
    0.182349636   77.246177230 -399.453887504
    0.183056337   76.895625758 -597.820991684
    0.183763039   76.398376095 -800.263707363
    0.184469740   75.794645637 -876.367613926
    0.185176441   75.218849146 -694.717234465
    0.185883142   74.889687856 -187.315598749
    0.186589844   74.996573600  500.800290460
    0.187296545   75.581107218 1113.263630872
    0.188003246   76.484408344 1379.125464668
    0.188709947   77.425531182 1220.706201005
    0.189416649   78.146143652  784.169885332
    0.190123350   78.531395909  324.751602146
    0.190830051   78.645254523   39.819903580
    0.191536752   78.637605752  -18.736488313
    0.192243454   78.643940857   51.045020127
    0.192950155   78.699773966   87.859144487
    0.193656856   78.736100043   -8.235959328
    0.194363557   78.660334918 -219.224007368
    0.195070259   78.414559948 -472.513124061
    0.195776960   78.009496993 -657.718273800
    0.196483661   77.530935040 -667.677489705
    0.197190363   77.106871672 -501.967070375
    0.197897064   76.865981069 -158.543776031
    0.198603765   76.903359482  271.870761466
    0.199310466   77.241264340  678.469756604
    0.200017168   77.837113188  979.857979596
    0.200723869   78.588024755 1114.754390821
    0.201430570   79.377147009 1091.840163074
    0.202137271   80.095176096  912.651094089
    0.202843973   80.632285892  588.691579983
    0.203550674   80.908852819  170.188072742
    0.204257375   80.867501653 -293.816493200
    0.204964076   80.495329418 -748.466716650
    0.205670778   79.839215186 -1078.031324826
    0.206377479   79.011024464 -1232.260264569
    0.207084180   78.150670751 -1170.876150205
    0.207790881   77.404975609 -906.892923097
    0.208497583   76.911187859 -467.494678334
    0.209204284   76.770950367   88.708724445
    0.209910985   77.040623101  660.511909454
    0.210617686   77.676256870 1104.649945095
    0.211324388   78.544104574 1310.412231761
    0.212031089   79.472785137 1272.239393333
    0.212737790   80.301951944 1047.043125411
    0.213444491   80.916771897  680.789914178
    0.214151193   81.246042870  239.978737199
    0.214857894   81.249049029 -227.970274510
    0.215564595   80.943627366 -611.830895688
    0.216271296   80.435534637 -785.078453051
    0.216977998   79.906453819 -660.973549186
    0.217684699   79.564569364 -277.051761196
    0.218391400   79.548750653  231.366284988
    0.219098101   79.881905301  687.426948673
    0.219804803   80.488178506  998.427482125
    0.220511504   81.245070581 1115.577302827
    0.221218205   82.032540566 1096.049020857
    0.221924906   82.773474592  991.767315494
    0.222631608   83.419953227  830.664240487
    0.223338309   83.934318788  607.218900949
    0.224045010   84.256397982  289.838077364
    0.224751711   84.331773626  -85.827399529
    0.225458413   84.123483390 -498.359172756
    0.226165114   83.646088902 -834.542354092
    0.226871815   82.986822554 -999.127453323
    0.227578516   82.278050093 -968.577693279
    0.228285218   81.659462296 -763.731953766
    0.228991919   81.229166026 -440.619429029
    0.229698620   81.052958026  -54.255501497
    0.230405321   81.150682961  318.263753771
    0.231112023   81.475838782  575.141933944
    0.231818724   81.932321351  691.394717190
    0.232525425   82.421309724  676.147541593
    0.233232126   82.878038246  612.687279708
    0.233938828   83.286529427  547.197178876
    0.234645529   83.652462492  488.707776689
    0.235352230   83.958373071  372.208952566
    0.236058931   84.164293549  196.132857752
    0.236765633   84.219374993  -49.537317411
    0.237472334   84.091874612 -312.373767498
    0.238179035   83.788410206 -535.493121821
    0.238885737   83.343887287 -708.090245888
    0.239592438   82.813252705 -764.395731007
    0.240299139   82.304905802 -635.342264929
    0.241005840   81.963007618 -298.885539967
    0.241712542   81.916921740  177.574526189
    0.242419243   82.203589326  610.062475759
    0.243125944   82.735213493  844.346675090
    0.243832645   83.316056012  739.431210469
    0.244539347   83.697272470  290.052348099
    0.245246048   83.681646999 -342.630134889
    0.245952749   83.233752124 -896.971713527
    0.246659450   82.492381424 -1133.577327668
    0.247366152   81.733630085 -945.367777390
    0.248072853   81.232782793 -430.691668567
    0.248779554   81.147073350  173.996014844
    0.249486255   81.440138269  616.165286619
    0.250192957   81.947277059  768.624703471
    0.250899658   82.467792461  673.281796135
    0.251606359   82.870221878  460.272807787
    0.252313060   83.118442628  247.165819368
    0.253019762   83.231176350   81.879459385
    0.253726463   83.247186868  -24.734824541
    0.254433164   83.210182960  -69.455616526
    0.255139865   83.163692697  -54.995001999
    0.255846567   83.141775146  -10.057603250
    0.256553268   83.131800414  -19.351036615
    0.257259969   83.094644710  -99.283895618
    0.257966670   82.973889509 -251.651296312
    0.258673372   82.731079017 -435.040423120
    0.259380073   82.373864818 -567.118968088
    0.260086774   81.950001940 -618.090916663
    0.260793475   81.532271296 -539.449588658
    0.261500177   81.218703423 -327.607586179
    0.262206878   81.094425603  -12.283020645
    0.262913579   81.209283514  332.073828082
    0.263620280   81.554785830  624.745223634
    0.264326982   82.050393890  741.316036007
    0.265033683   82.556080836  657.488798028
    0.265740384   82.945055899  424.047135216
    0.266447085   83.144424325  135.924361012
    0.267153787   83.145114440 -128.876069126
    0.267860488   82.982507523 -316.065630974
    0.268567189   82.722011956 -405.541377122
    0.269273890   82.442195865 -364.115705307
    0.269980592   82.243252804 -172.910623364
    0.270687293   82.233381567  174.736896578
    0.271393994   82.506504647  601.908841091
    0.272100695   83.068142967  960.502230034
    0.272807397   83.806855098 1080.698030332
    0.273514098   84.518858013  881.242331904
    0.274220799   84.998205495  448.874007428
    0.274927500   85.148976170   -0.730702105
    0.275634202   85.050193392 -224.710533767
    0.276340903   84.914072598 -106.746283199
    0.277047604   84.957281029  250.170928960
    0.277754306   85.263053974  581.464321131
    0.278461007   85.696097344  571.766727504
    0.279167708   85.970482516  138.420953084
    0.279874409   85.821205964 -587.229077052
    0.280581111   85.150975140 -1274.058835763
    0.281287812   84.117254147 -1564.656752075
    0.281994513   83.087758471 -1243.807927827
    0.282701214   82.490306770 -375.755509930
    0.283407916   82.614160550  734.211367481
    0.284114617   83.484002031 1663.175428444
    0.284821318   84.850315179 2104.174453159
    0.285528019   86.309451387 1933.375208270
    0.286234721   87.473813374 1305.639995941
    0.286941422   88.115832593  505.655604111
    0.287648123   88.212515828 -193.518384549
    0.288354824   87.911701417 -605.835217291
    0.289061526   87.423495505 -737.427804408
    0.289768227   86.912598847 -689.301694037
    0.290474928   86.457381580 -602.816660968
    0.291181629   86.045393423 -580.138443811
    0.291888331   85.617800496 -646.647691143
    0.292595032   85.116689006 -774.454561440
    0.293301733   84.528369058 -881.307704727
    0.294008434   83.890196912 -913.049447866
    0.294715136   83.256394985 -870.285404104
    0.295421837   82.669322299 -792.121549199
    0.296128538   82.139876090 -709.287861468
    0.296835239   81.658950978 -655.049226425
    0.297541941   81.227045615 -551.228555808
    0.298248642   80.909961497 -322.705416060
    0.298955343   80.814446565   77.372862436
    0.299662044   81.038537940  561.838524961
    0.300368746   81.590492337  978.308040882
    0.301075447   82.374835298 1198.448301060
    0.301782148   83.229700906 1183.698259946
    0.302488849   84.010662040 1003.846138285
    0.303195551   84.620608075  706.013809705
    0.303902252   84.996058909  348.258499391
    0.304608953   85.101708200  -47.939080485
    0.305315654   84.935507072 -409.217721410
    0.306022356   84.558367372 -626.857248220
    0.306729057   84.103817781 -621.389303148
    0.307435758   83.736770171 -383.561486879
    0.308142459   83.595928996   -4.684117717
    0.308849161   83.742017804  409.446987416
    0.309555862   84.160374998  753.933524593
    0.310262563   84.767995639  925.070533504
    0.310969264   85.407936432  839.900805790
    0.311675966   85.894497644  496.002037228
    0.312382667   86.064732493  -29.577844605
    0.313089368   85.857301650 -541.932334687
    0.313796069   85.341465247 -880.859344792
    0.314502771   84.670764354 -978.293106663
    0.315209472   84.000907934 -903.030301131
    0.315916173   83.408133757 -774.850806591
    0.316622874   82.906527281 -647.570375677
    0.317329576   82.488094041 -532.347519799
    0.318036277   82.163502057 -380.385113643
    0.318742978   81.950915156 -215.051753646
    0.319449680   81.846259497  -86.414119732
    0.320156381   81.812521036  -13.276447205
    0.320863082   81.823850570   47.521454355
    0.321569783   81.898134496  178.978704270
    0.322276485   82.096788343  391.671221343
    0.322983186   82.461346568  627.914319229
    0.323689887   82.970788174  789.391999887
    0.324396588   83.543917223  805.168566931
    0.325103290   84.087476416  720.325459943
    0.325809991   84.549887698  581.341424242
    0.326516692   84.903896707  416.948768885
    0.327223393   85.129117228  206.954512449
    0.327930095   85.181935822  -68.022186842
    0.328636796   85.035537712 -339.045958593
    0.329343497   84.732772498 -491.956686183
    0.330050198   84.402818510 -395.358033774
    0.330756900   84.239012553  -32.378611138
    0.331463601   84.401615020  508.308548875
    0.332170302   84.950908229 1022.690148112
    0.332877003   85.789933596 1303.299994528
    0.333583705   86.705384881 1232.485130795
    0.334290406   87.459624033  863.583284438
    0.334997107   87.887775878  334.125822561
    0.335703808   87.942819618 -159.103609232
    0.336410510   87.707397259 -470.326588786
    0.337117211   87.336926358 -544.113300139
    0.337823912   86.974129954 -471.321578434
    0.338530613   86.673421860 -393.661869523
    0.339237315   86.406393438 -376.207182795
    0.339944016   86.127569693 -421.913363958
    0.340650717   85.815260450 -454.744749118
    0.341357418   85.499996277 -425.694834680
    0.342064120   85.223261719 -350.390424321
    0.342770821   85.009645529 -254.135122847
    0.343477522   84.861833609 -157.258322379
    0.344184223   84.798899909   -6.922775504
    0.344890925   84.874390446  232.838799606
    0.345597626   85.149748646  546.699839714
    0.346304327   85.628838317  788.529718334
    0.347011028   86.223208673  860.159332396
    0.347717730   86.796276583  737.568125542
    0.348424431   87.245950782  525.142991255
    0.349131132   87.545465654  331.735054265
    0.349837833   87.732686731  210.154821270
    0.350544535   87.850028991  125.172928360
    0.351251236   87.901104914    7.256791237
    0.351957937   87.848156715 -165.065324120
    0.352664638   87.660150413 -366.057245153
    0.353371340   87.354093417 -484.093286314
    0.354078041   87.004567604 -483.182085950
    0.354784742   86.703464563 -352.755087279
    0.355491443   86.526246445 -140.552472974
    0.356198145   86.507486036   86.402537368
    0.356904846   86.645638462  299.011035203
    0.357611547   86.917754432  460.356477839
    0.358318249   87.281936709  557.679073993
    0.359024950   87.682712268  554.936396210
    0.359731651   88.031967974  414.731506022
    0.360438352   88.240473112  158.456419133
    0.361145054   88.239493658 -171.363029546
    0.361851755   87.992181748 -526.597501431
    0.362558456   87.505585093 -841.653552642
    0.363265157   86.828135219 -1060.688884616
    0.363971859   86.038743292 -1147.937292384
    0.364678560   85.243031185 -1074.532255909
    0.365385261   84.560878242 -828.637708562
    0.366091962   84.107914034 -436.195185801
    0.366798664   83.962071665   25.145402300
    0.367505365   84.135960698  459.263235765
    0.368212066   84.582270852  771.293726799
    0.368918767   85.176914341  871.022155748
    0.369625469   85.757623003  733.006853939
    0.370332170   86.163866693  391.613932986
    0.371038871   86.298239251   -8.516995851
    0.371745572   86.175073799 -314.169589427
    0.372452274   85.914996648 -378.969450729
    0.373158975   85.703634884 -181.766715985
    0.373865676   85.695028559  173.367539224
    0.374572377   85.941417022  500.009635833
    0.375279079   86.357664362  636.897471556
    0.375985780   86.788183376  549.819886418
    0.376692481   87.107932010  345.518347996
    0.377399182   87.292701981  197.117876991
    0.378105884   87.432449319  230.208195929
    0.378812585   87.654693845  413.222696237
    0.379519286   88.020704799  602.848358671
    0.380225987   88.470940931  635.264084448
    0.380932689   88.861542767  433.352522837
    0.381639390   89.048287818   86.474028245
    0.382346091   88.972778614 -295.594434194
    0.383052792   88.647543126 -609.354341179
    0.383759494   88.122255715 -874.860690240
    0.384466195   87.405353191 -1153.695173606
    0.385172896   86.491133152 -1428.664828786
    0.385879597   85.408138074 -1608.160612539
    0.386586299   84.276939854 -1541.160344070
    0.387293000   83.314076307 -1126.019090285
    0.387999701   82.759345328 -401.317947934
    0.388706402   82.781769399  473.925382922
    0.389413104   83.416261214 1293.725723488
    0.390119805   84.549010509 1854.284166638
    0.390826506   85.941134519 2008.789527586
    0.391533207   87.292463684 1744.224024451
    0.392239909   88.327383983 1141.889205354
    0.392946610   88.870404278  385.063430253
    0.393653311   88.888723466 -305.201556796
    0.394360012   88.499594823 -746.852872604
    0.395066714   87.897971760 -911.256351192
    0.395773415   87.260507155 -874.384570887
    0.396480116   86.666580776 -806.758877289
    0.397186817   86.100041656 -804.446777982
    0.397893519   85.512754347 -859.632116775
    0.398600220   84.894321254 -875.581633120
    0.399306921   84.293929409 -800.327121695
    0.400013623   83.779362652 -653.167095668
    0.400720324   83.359522961 -552.809840136
    0.401427025   82.963681327 -591.492833265
    0.402133726   82.495231182 -734.584605663
    0.402840428   81.939337574 -803.523406090
    0.403547129   81.427242819 -589.528887726
    0.404253830   81.181296878  -66.091539709
    0.404960531   81.365304366  578.246728657
    0.405667233   81.962250940 1059.854313890
    0.406373934   82.774394637 1169.376661204
    0.407080635   83.527172316  907.017891768
    0.407787336   84.014948162  463.698878948
    0.408494038   84.186577287   42.216797106
    0.409200739   84.104024838 -249.811886179
    0.409907440   83.870651610 -390.092031368
    0.410614141   83.584059913 -402.505369762
    0.411320843   83.328822478 -290.690487915
    0.412027544   83.191947253  -78.986156927
    0.412734245   83.229916654  184.774666926
    0.413440946   83.438964927  392.224269247
    0.414147648   83.755182688  480.191938705
    0.414854349   84.090973606  457.295980957
    0.415561050   84.393436973  396.578591149
    0.416267751   84.667050274  397.550905992
    0.416974453   84.976753740  495.189455347
    0.417681154   85.383171897  658.117474044
    0.418387855   85.900146493  792.111481324
    0.419094556   86.479920962  826.697687340
    0.419801258   87.043462084  754.933335626
    0.420507959   87.531521612  626.989341611
    0.421214660   87.939886248  543.705577193
    0.421921361   88.324937429  560.160858712
    0.422628063   88.742519851  616.502857031
    0.423334764   89.178036509  591.286413247
    0.424041465   89.529397539  359.199970997
    0.424748166   89.631329362 -110.572343615
    0.425454868   89.339507744 -731.627670559
    0.426161569   88.598050329 -1345.508205069
    0.426868270   87.477941890 -1779.110141210
    0.427574971   86.155371309 -1909.617234479
    0.428281673   84.865156431 -1686.506152214
    0.428988374   83.846969906 -1150.306112470
    0.429695075   83.286084285 -421.716098753
    0.430401776   83.264181847  351.045153841
    0.431108478   83.751898997  996.367950833
    0.431815179   84.611081643 1389.078436655
    0.432521880   85.645210749 1489.381889666
    0.433228581   86.654315797 1322.960258978
    0.433935283   87.467475855  949.933121876
    0.434641984   87.963712235  436.513981168
    0.435348685   88.071201431 -127.101395682
    0.436055386   87.793372229 -649.229172555
    0.436762088   87.188478496 -1032.115389665
    0.437468789   86.386684418 -1197.746332012
    0.438175490   85.553582359 -1120.164393920
    0.438882191   84.849991039 -842.969107145
    0.439588893   84.386940780 -460.090140041
    0.440295594   84.208078651  -50.374643135
    0.441002295   84.301009795  302.876584882
    0.441708997   84.609907643  550.001198994
    0.442415698   85.045196591  654.296201661
    0.443122399   85.503103948  618.413273437
    0.443829100   85.894459160  478.061041009
    0.444535802   86.169259239  306.010665659
    0.445242503   86.337326413  178.577196530
    0.445949204   86.431392277   95.219429499
    0.446655905   86.471703239   19.910350769
    0.447362607   86.458925610  -59.757855464
    0.448069308   86.396468832 -106.266195321
    0.448776009   86.329249971  -60.195316040
    0.449482710   86.349045919  139.111132274
    0.450189412   86.548666622  430.632401681
    0.450896113   86.952001402  688.380069715
    0.451602814   87.481838083  780.166513512
    0.452309515   88.001103340  645.026488622
    0.453016217   88.349873622  317.320957265
    0.453722918   88.415926291 -141.983876858
    0.454429619   88.140392515 -640.914092450
    0.455136320   87.515461880 -1117.884738034
    0.455843022   86.581737881 -1496.058188686
    0.456549723   85.445571887 -1682.342744822
    0.457256424   84.272241502 -1588.414600057
    0.457963125   83.269615297 -1204.015754196
    0.458669827   82.609489865 -640.182761830
    0.459376528   82.371377310  -46.118431788
    0.460083229   82.508985562  401.326993775
    0.460789930   82.884302738  627.308523783
    0.461496632   83.351778236  672.050820248
    0.462203333   83.810494395  625.241436716
    0.462910034   84.238618392  596.501673807
    0.463616735   84.666285200  620.060031084
    0.464323437   85.125171173  678.904513395
    0.465030138   85.618263097  703.403570858
    0.465736839   86.104928957  659.072889780
    0.466443540   86.531671167  540.930400820
    0.467150242   86.877377648  446.599405183
    0.467856943   87.180884328  431.266816380
    0.468563644   87.501371555  482.637884068
    0.469270345   87.852735255  492.108422297
    0.469977047   88.154334026  328.573705906
    0.470683748   88.268784677  -28.908075903
    0.471390449   88.104582669 -426.286354902
    0.472097150   87.702782304 -663.465392172
    0.472803852   87.241018635 -579.802553906
    0.473510553   86.960320787 -173.259550482
    0.474217254   87.030500706  376.958305647
    0.474923955   87.473345485  845.569902937
    0.475630657   88.161250074 1056.049589836
    0.476337358   88.898760240  995.239681954
    0.477044059   89.524224574  754.950769845
    0.477750760   89.956871908  471.991767825
    0.478457462   90.202790430  234.745497781
    0.479164163   90.302831297   56.383966110
    0.479870864   90.284979810 -101.423949192
    0.480577566   90.166338125 -226.561760432
    0.481284267   89.976920760 -298.519359104
    0.481990968   89.766666413 -278.840781180
    0.482697669   89.596066062 -186.320280494
    0.483404371   89.512256222  -50.433363686
    0.484111072   89.516416752   52.401031210
    0.484817773   89.565510159   74.458752693
    0.485524474   89.597783188    1.103602446
    0.486231176   89.545389650 -161.372100319
    0.486937877   89.357467910 -376.669417763
    0.487644578   89.009202597 -612.972494757
    0.488351279   88.506047027 -798.280494000
    0.489057981   87.899780990 -896.766971802
    0.489764682   87.262241468 -891.369835152
    0.490471383   86.659607992 -805.315098067
    0.491178084   86.130144332 -690.340449455
    0.491884786   85.686244692 -568.338898043
    0.492591487   85.333159133 -423.749129442
    0.493298188   85.102074979 -220.764250342
    0.494004889   85.044114297   74.517424255
    0.494711591   85.219540545  422.853308537
    0.495418292   85.628777010  715.665962762
    0.496124993   86.191128957  841.647479587
    0.496831694   86.767041118  762.242299806
    0.497538396   87.238102647  558.903391904
    0.498245097   87.561449408  369.504258251
    0.498951798   87.793335828  309.359574229
    0.499658499   88.031220276  374.782337076
    0.500365201   88.318177969  418.026636627
    0.501071902   88.572514434  250.520583770
    0.501778603   88.585615987 -273.481273182
    0.502485304   88.121964967 -1065.941538668
    0.503192006   87.072127286 -1876.524598737
    0.503898707   85.548038815 -2357.282796767
    0.504605408   83.884808281 -2239.803530357
    0.505312109   82.532202851 -1496.245373822
    0.506018811   81.860553340 -370.082021540
    0.506725512   82.013290904  773.330247901
    0.507432213   82.875778378 1591.963759253
    0.508138914   84.144125473 1919.423651336
    0.508845616   85.473846557 1774.947859134
    0.509552317   86.573198446 1292.483581788
    0.510259018   87.258244555  629.847567289
    0.510965719   87.458956955  -52.032939114
    0.511672421   87.215814263 -603.523164965
    0.512379122   86.668594377 -894.472626462
    0.513085823   86.036797597 -838.341151833
    0.513792524   85.572282538 -431.677538676
    0.514499226   85.479984542  190.132769188
    0.515205927   85.835281431  789.837084676
    0.515912628   86.532095951 1127.037163052
    0.516619329   87.339031725 1095.945163146
    0.517326031   88.006793790  762.148083211
    0.518032732   88.389469595  324.179457899
    0.518739433   88.496592308   11.553539059
    0.519446134   88.451028217 -111.816445682
    0.520152836   88.358936779 -149.795876809
    0.520859537   88.219402226 -270.407465953
    0.521566238   87.930971315 -579.140462586
    0.522272940   87.356080175 -1051.224303979
    0.522979641   86.454696087 -1472.361728327
    0.523686342   85.328879318 -1660.831958305
    0.524393043   84.185525665 -1525.889502927
    0.525099745   83.233887667 -1136.965487254
    0.525806446   82.601103264 -652.886919325
    0.526513147   82.302444528 -203.780553702
    0.527219848   82.292489624  158.111812850
    0.527926550   82.512664758  454.707091270
    0.528633251   82.928791822  714.124117740
    0.529339952   83.517254238  943.688075045
    0.530046653   84.245912486 1098.172968788
    0.530753355   85.040380305 1124.550531920
    0.531460056   85.795418530  988.392964733
    0.532166757   86.401863666  711.539595960
    0.532873458   86.796749642  407.650903733
    0.533580160   86.993412608  171.374651315
    0.534286861   87.072411908   82.526302524
    0.534993562   87.157045658  177.629457523
    0.535700263   87.343350137  349.337373615
    0.536406965   87.627798626  432.009353240
    0.537113666   87.905083896  310.738361027
    0.537820367   88.009662797  -40.591984905
    0.538527068   87.825841680 -476.134466902
    0.539233770   87.378063821 -745.129854385
    0.539940471   86.856181729 -666.448919971
    0.540647172   86.526530219 -216.164600576
    0.541353873   86.590970215  402.604888767
    0.542060575   87.075370332  930.530685641
    0.542767276   87.828156120 1137.237157027
    0.543473977   88.610299362 1023.280148950
    0.544180678   89.219892558  670.770989136
    0.544887380   89.535380526  211.748367169
    0.545594081   89.513534930 -273.813866850
    0.546300782   89.153176937 -739.799831154
    0.547007483   88.491045877 -1115.645671485
    0.547714185   87.621568268 -1300.142528300
    0.548420886   86.718063432 -1205.445046796
    0.549127587   85.977931457 -860.782516560
    0.549834288   85.528329228 -412.832581822
    0.550540990   85.369776769  -67.836656429
    0.551247691   85.380688097   64.359799678
    0.551954392   85.422584242   38.818075473
    0.552661093   85.432753744    5.065998153
    0.553367795   85.460192800   97.926683715
    0.554074496   85.601180976  315.303914076
    0.554781197   85.914073338  564.979772800
    0.555487898   86.380023936  733.646540290
    0.556194600   86.926139671  792.731915562
    0.556901301   87.479233526  763.693922173
    0.557608002   87.996454726  689.929458342
    0.558314703   88.442459389  560.440629025
    0.559021405   88.770314315  356.526087619
    0.559728106   88.939567610  122.787196252
    0.560434807   88.951306010  -83.387806160
    0.561141509   88.856701501 -166.628522354
    0.561848210   88.748667160 -122.391554732
    0.562554911   88.689704810  -51.095781419
    0.563261612   88.643451544 -101.278320807
    0.563968314   88.504418862 -321.901715817
    0.564675015   88.158480360 -665.476557217
    0.565381716   87.577129741 -951.806988225
    0.566088417   86.873480850 -987.766657941
    0.566795119   86.254138736 -714.482806949
    0.567501820   85.916721921 -218.781401538
    0.568208521   85.949673463  300.311592869
    0.568915222   86.306538710  672.850761010
    0.569621924   86.849715688  825.822595294
    0.570328625   87.432471663  796.489789097
    0.571035326   87.955263832  673.747686935
    0.571742027   88.375639591  519.484436971
    0.572448729   88.687385216  364.282023433
    0.573155430   88.889476490  202.348518926
    0.573862131   88.965547013    4.619259319
    0.574568832   88.880691789 -254.430128445
    0.575275534   88.606997249 -516.193887370
    0.575982235   88.163434484 -725.001698689
    0.576688936   87.608599628 -824.992292843
    0.577395637   87.021790361 -813.663793544
    0.578102339   86.475652483 -725.399142119
    0.578809040   85.998583437 -625.678092179
    0.579515741   85.593291232 -515.743979210
    0.580222442   85.287555319 -332.985569716
    0.580929144   85.154268471  -13.549185704
    0.581635845   85.294441882  423.366009966
    0.582342546   85.746105850  832.654635961
    0.583049247   86.415251953 1005.596466652
    0.583755949   87.081907493  820.250685282
    0.584462650   87.501533081  330.043829007
    0.585169351   87.529167955 -244.907393993
    0.585876052   87.188911504 -669.096731453
    0.586582754   86.661050206 -762.963576339
    0.587289455   86.189040710 -523.434672836
    0.587996156   85.964848060  -98.702195106
    0.588702857   86.037488912  278.145033224
    0.589409559   86.294596986  397.903195700
    0.590116260   86.525764127  208.014638249
    0.590822961   86.539557082 -185.662174597
    0.591529662   86.271253020 -545.963449851
    0.592236364   85.832664929 -636.090576198
    0.592943065   85.460602998 -355.535246962
    0.593649766   85.397722093  209.995391017
    0.594356467   85.771388642  834.766974639
    0.595063169   86.539640917 1298.028646052
    0.595769870   87.530361169 1450.328516996
    0.596476571   88.515707051 1291.515810010
    0.597183272   89.301450580  903.734921086
    0.597889974   89.768663799  415.871068311
    0.598596675   89.900162097  -25.352891920
    0.599303376   89.771770193 -303.207063598
    0.600010077   89.524103602 -357.599542508
    0.600716779   89.319339740 -193.790426301
    0.601423480   89.281365289  102.031883564
    0.602130181   89.467654326  420.307113617
    0.602836883   89.857323086  663.248483228
    0.603543584   90.373310713  770.528756458
    0.604250285   90.913540702  738.314707014
    0.604956986   91.390895201  597.892946265
    0.605663688   91.740585484  385.054922437
    0.606370389   91.928687555  142.053554596
    0.607077090   91.934418946 -130.527886971
    0.607783791   91.741277858 -417.551443831
    0.608490493   91.337892109 -728.695739932
    0.609197194   90.711887097 -1042.225473657
    0.609903895   89.867469236 -1337.590947909
    0.610610596   88.839386142 -1548.598994801
    0.611317298   87.715573085 -1598.829763804
    0.612023999   86.632369168 -1431.558125462
    0.612730700   85.754544532 -1018.057123627
    0.613437401   85.236138573 -432.170717053
    0.614144103   85.140592200  148.466375842
    0.614850804   85.397613625  531.609127135
    0.615557505   85.813816216  586.605235823
    0.616264206   86.149109419  321.284547983
    0.616970908   86.227909253 -108.134981659
    0.617677609   86.010654364 -479.866143779
    0.618384310   85.595736067 -643.217874630
    0.619091011   85.158580930 -559.585691347
    0.619797713   84.839684033 -330.779818156
    0.620504414   84.686099483 -120.877739457
    0.621211115   84.637712168  -41.278342294
    0.621917816   84.601916840  -76.304504922
    0.622624518   84.518664630 -155.308053078
    0.623331219   84.408597401 -129.972241998
    0.624037920   84.380115419   88.503496933
    0.624744621   84.581721971  508.816301549
    0.625451323   85.119647255 1012.986701573
    0.626158024   85.988472992 1409.711733126
    0.626864725   87.060505960 1573.505431897
    0.627571426   88.147473257 1462.167260557
    0.628278128   89.086341058 1180.914236187
    0.628984829   89.802754558  841.238563896
    0.629691530   90.281482982  514.197610345
    0.630398231   90.521358723  160.111221933
    0.631104933   90.488830401 -266.055360771
    0.631811634   90.129810579 -755.352840296
    0.632518335   89.422460095 -1225.406670780
    0.633225036   88.441164885 -1508.234883813
    0.633931738   87.368105887 -1472.041890447
    0.634638439   86.434724190 -1117.138554287
    0.635345140   85.841783671 -539.103748544
    0.636051841   85.678287797   60.129059844
    0.636758543   85.888161037  497.031865353
    0.637465244   86.321866465  687.104141491
    0.638171945   86.811627340  673.367155545
    0.638878646   87.252026528  567.218192055
    0.639585348   87.614594441  463.995658787
    0.640292049   87.916462164  395.896058355
    0.640998750   88.176607559  340.258962273
    0.641705451   88.394704584  280.086618616
    0.642412153   88.576266931  231.423227718
    0.643118854   88.718744957  164.422461642
    0.643825555   88.796447965   39.746609395
    0.644532257   88.744673274 -207.781851344
    0.645238958   88.471464068 -582.062544817
    0.645945659   87.914929544 -983.247042587
    0.646652360   87.117326640 -1230.638384380
    0.647359062   86.254772956 -1150.769183157
    0.648065763   85.573411965 -725.663611791
    0.648772464   85.283889429  -70.019146872
    0.649479165   85.473868658  586.695507908
    0.650185867   86.058349456 1012.678123137
    0.650892568   86.823841925 1091.673651991
    0.651599269   87.521870699  839.497669875
    0.652305970   87.975174127  436.825243911
    0.653012672   88.157494132  110.700706965
    0.653719373   88.190827888   32.649446124
    0.654426074   88.265807710  212.480829106
    0.655132775   88.509213651  468.616997242
    0.655839477   88.891813163  572.142936195
    0.656546178   89.238163840  351.460145657
    0.657252879   89.322816124 -147.044018692
    0.657959580   89.007781505 -734.070554427
    0.658666282   88.331310003 -1130.387444707
    0.659372983   87.495393844 -1164.312585470
    0.660079684   86.778738936 -809.727786753
    0.660786385   86.402004414 -236.589721234
    0.661493087   86.439622624  317.291800828
    0.662199788   86.793070914  629.540296079
    0.662906489   87.245446119  585.981279676
    0.663613190   87.543966105  210.441386852
    0.664319892   87.500110079 -348.501779629
    0.665026593   87.058593141 -877.029101275
    0.665733294   86.316886458 -1171.547380081
    0.666439995   85.489003609 -1109.658742377
    0.667146697   84.825718663 -722.877762243
    0.667853398   84.512150576 -148.593370328
    0.668560099   84.616901479  431.821207121
    0.669266800   85.083125545  856.200836682
    0.669973502   85.777290203 1070.054833887
    0.670680203   86.543431092 1061.848943256
    0.671386904   87.240573999  888.247445711
    0.672093605   87.779741922  627.782708438
    0.672800307   88.121385289  342.770050090
    0.673507008   88.262014224   60.790473393
    0.674213709   88.204219668 -232.108794485
    0.674920410   87.927474730 -553.028018964
    0.675627112   87.423283050 -868.014202059
    0.676333813   86.723541609 -1087.203475011
    0.677040514   85.939432425 -1085.053002027
    0.677747215   85.263816655 -781.443338576
    0.678453917   84.894757651 -232.386428012
    0.679160618   84.953521550  389.801840618
    0.679867319   85.412453150  865.779140009
    0.680574020   86.106676464 1041.407970752
    0.681280722   86.803892681  879.012677651
    0.681987423   87.290114217  465.636987597
    0.682694124   87.435375909  -62.781347178
    0.683400826   87.211006103 -555.096153916
    0.684107527   86.686576849 -898.980593917
    0.684814228   85.987257663 -1050.127718003
    0.685520929   85.250176372 -1002.220554901
    0.686227631   84.608864313 -790.005506834
    0.686934332   84.154527817 -485.712446915
    0.687641033   83.921011409 -180.151158695
    0.688347734   83.879189793   40.315082299
    0.689054436   83.946049312  122.775378553
    0.689761137   84.018951414   64.453396352
    0.690467838   84.016869731  -68.796383286
    0.691174539   83.934463745 -139.314761825
    0.691881241   83.860904855  -34.609787019
    0.692587942   83.936982927  279.678816880
    0.693294643   84.281491140  693.869483020
    0.694001344   84.896231884 1004.257546871
    0.694708046   85.632174953 1029.168022756
    0.695414747   86.276096764  745.709085373
    0.696121448   86.633344670  238.912052727
    0.696828149   86.599150534 -335.746995122
    0.697534851   86.173786642 -855.329515272
    0.698241552   85.425462888 -1236.324666954
    0.698948253   84.476182228 -1411.090260009
    0.699654954   83.500970680 -1293.032228907
    0.700361656   82.727530599 -848.719113561
    0.701068357   82.355117682 -182.950266844
    0.701775058   82.478598291  519.458417724
    0.702481759   83.048617671 1053.590495886
    0.703188461   83.906104958 1330.364590284
    0.703895162   84.872759055 1372.053141809
    0.704601863   85.809574482 1262.410600374
    0.705308564   86.627989554 1047.064174821
    0.706015266   87.268748701  761.834442580
    0.706721967   87.695611440  445.643730459
    0.707428668   87.904345405  150.313895452
    0.708135369   87.916531589 -115.030622527
    0.708842071   87.761138581 -308.206054741
    0.709548772   87.499336192 -414.336493548
    0.710255473   87.198276514 -413.987118677
    0.710962174   86.949448553 -270.579349606
    0.711668876   86.836455979  -40.692135028
    0.712375577   86.883595557  162.207091158
    0.713082278   87.035926417  239.154273845
    0.713788979   87.177541836  132.541440011
    0.714495681   87.191619286 -111.663372465
    0.715202382   87.019400130 -365.151844139
    0.715909083   86.707448804 -488.945528926
    0.716615784   86.371761367 -432.945610325
    0.717322486   86.133801230 -227.360827888
    0.718029187   86.056850828    3.462345890
    0.718735888   86.111649588  119.004553633
    0.719442589   86.180500732   43.518823050
    0.720149291   86.131723953 -206.952761113
    0.720855992   85.875050659 -519.469930003
    0.721562693   85.412435529 -773.077605294
    0.722269394   84.807121425 -920.024576079
    0.722976096   84.141776732 -947.578514257
    0.723682797   83.486695802 -893.635424176
    0.724389498   82.894897118 -758.795634714
    0.725096200   82.446990758 -480.015930958
    0.725802901   82.254921152  -37.338033478
    0.726509602   82.423061488  530.983174198
    0.727216303   82.999489756 1076.692155896
    0.727923005   83.885519375 1372.612869601
    0.728629706   84.842846074 1256.354427861
    0.729336407   85.578480388  774.830548018
    0.730043108   85.898771550  133.283295134
    0.730749810   85.805899606 -342.899768258
    0.731456511   85.517595437 -397.587026649
    0.732163212   85.354052553   -2.670799522
    0.732869913   85.569733276  627.558389788
    0.733576615   86.233266093 1215.572156764
    0.734283316   87.220603308 1517.548500561
    0.734990017   88.309797253 1512.102471331
    0.735696718   89.299503642 1255.061480518
    0.736403420   90.043745321  831.527791858
    0.737110121   90.447845503  293.675658671
    0.737816822   90.435791461 -343.575083125
    0.738523523   89.946003958 -1037.996213086
    0.739230225   88.983412950 -1661.903597803
    0.739936926   87.645019673 -2079.527470849
    0.740643627   86.126286262 -2155.668415459
    0.741350328   84.682634526 -1881.414082348
    0.742057030   83.522758933 -1378.333982086
    0.742763731   82.738603842 -855.322476075
    0.743470432   82.280945384 -477.045828271
    0.744177133   82.014415167 -308.836864550
    0.744883835   81.813441645 -263.265067381
    0.745590536   81.656102719 -165.268824356
    0.746297237   81.624397690  107.304936514
    0.747003938   81.847570555  537.945269536
    0.747710640   82.377936119  934.968161160
    0.748417341   83.107544311 1070.013994728
    0.749124042   83.801765036  835.720701180
    0.749830743   84.217763311  307.746787069
    0.750537445   84.219806806 -292.698208491
    0.751244146   83.852661097 -695.729443944
    0.751950847   83.316617655 -757.578248063
    0.752657548   82.854413624 -498.765936221
    0.753364250   82.645839833  -81.923521670
    0.754070951   82.726089746  282.949339244
    0.754777652   83.005120241  472.479957277
    0.755484353   83.345987897  456.771721262
    0.756191055   83.614053455  284.437529118
    0.756897756   83.730963075   52.689144595
    0.757604457   83.703388417 -113.939664769
    0.758311158   83.600016005 -153.022407213
    0.759017860   83.517747203  -59.637056061
    0.759724561   83.527281934   85.911171026
    0.760431262   83.638116390  224.351304339
    0.761137963   83.833840794  313.764917191
    0.761844665   84.076398298  367.711114082
    0.762551366   84.355419425  420.441980992
    0.763258067   84.676638455  487.712259882
    0.763964769   85.032723676  506.972943037
    0.764671470   85.370471736  431.455920273
    0.765378171   85.632522425  306.657428575
    0.766084872   85.812123125  222.051242113
    0.766791574   85.980403663  291.375308752
    0.767498275   86.268484561  552.849127750
    0.768204976   86.787456364  928.340519619
    0.768911677   87.570881039 1269.238945061
    0.769618379   88.533664778 1415.879476514
    0.770325080   89.503456017 1286.792265267
    0.771031781   90.294474195  923.362515794
    0.771738482   90.769137181  408.482314155
    0.772445184   90.868274166 -118.974504999
    0.773151885   90.620511912 -562.852207343
    0.773858586   90.103211697 -876.037743103
    0.774565287   89.419622566 -1033.638958977
    0.775271989   88.674174530 -1067.919431447
    0.775978690   87.952406932 -955.560885668
    0.776685391   87.345196010 -747.647203284
    0.777392092   86.907315060 -491.699776844
    0.778098794   86.633431330 -303.603596876
    0.778805495   86.442243669 -268.591571515
    0.779512196   86.212608721 -403.607676511
    0.780218897   85.854624397 -600.878007396
    0.780925599   85.395294860 -662.407492385
    0.781632300   84.981083598 -467.237487489
    0.782339001   84.787290627  -53.924462280
    0.783045702   84.920380878  423.096841477
    0.783752404   85.348285396  758.472041840
    0.784459105   85.929948521  847.845914324
    0.785165806   86.484786688  684.700964924
    0.785872507   86.851432781  335.326481846
    0.786579209   86.943930950  -74.937477018
    0.787285910   86.760969278 -419.717107967
    0.787992611   86.396324513 -569.991767642
    0.788699312   86.016582880 -458.704687068
    0.789406014   85.800100735 -124.127825509
    0.790112715   85.866995197  314.194528702
    0.790819416   86.214554081  631.922563384
    0.791526117   86.699270493  687.279228846
    0.792232819   87.109189595  426.087276380
    0.792939520   87.257386197  -27.326434080
    0.793646221   87.073929073 -474.571687473
    0.794352922   86.636832699 -712.618517425
    0.795059624   86.129242470 -677.308983190
    0.795766325   85.730219112 -437.076927014
    0.796473026   85.521894366 -168.105724707
    0.797179727   85.463471728  -27.010334558
    0.797886429   85.432139847  -95.643687577
    0.798593130   85.285896276 -338.615777190
    0.799299831   84.934292002 -661.046136550
    0.800006532   84.366335046 -928.108876276
    0.800713234   83.659943445 -1041.481405557
    0.801419935   82.942166592 -962.178830839
    0.802126636   82.345192100 -704.769676497
    0.802833337   81.966686429 -362.416478814
    0.803540039   81.828372186  -41.501066589
    0.804246740   81.879357281  159.820763698
    0.804953441   82.012206370  187.393068036
    0.805660143   82.119680893  103.227882178
    0.806366844   82.152626762    0.943629882
    0.807073545   82.149433275   18.539000139
    0.807780246   82.230061320  239.290169202
    0.808486948   82.522068815  600.634648527
    0.809193649   83.060782205  904.033511715
    0.809900350   83.746356614  981.010037952
    0.810607051   84.363889993  709.095971965
    0.811313753   84.684789967  167.620376184
    0.812020454   84.580952193 -459.366177181
    0.812727155   84.079172227 -917.509136732
    0.813433856   83.365162509 -1042.046647207
    0.814140558   82.688454059 -815.745473262
    0.814847259   82.266603403 -361.477789162
    0.815553960   82.174065863   81.562754028
    0.816260661   82.341601911  344.789868543
    0.816967363   82.591111468  315.077998079
    0.817674064   82.739711824   82.941152587
    0.818380765   82.701805162 -181.737704430
    0.819087466   82.516938227 -309.513059508
    0.819794168   82.321303430 -206.794947664
    0.820500869   82.273762349  100.592842045
    0.821207570   82.481023783  490.846086088
    0.821914271   82.955185730  830.069388422
    0.822620973   83.611558737  995.107593760
    0.823327674   84.304290309  926.206112295
    0.824034375   84.877845132  672.158072396
    0.824741076   85.222756974  301.959875052
    0.825447778   85.306496557  -60.015299638
    0.826154479   85.156796897 -347.388968783
    0.826861180   84.836610980 -545.898525594
    0.827567881   84.397128873 -686.251629259
    0.828274583   83.873764408 -779.240373691
    0.828981284   83.305213991 -813.058718693
    0.829687985   82.752246749 -723.616488345
    0.830394686   82.312501570 -499.776519872
    0.831101388   82.062181720 -199.554959409
    0.831808089   82.026498730   88.866905448
    0.832514790   82.163539968  276.130197067
    0.833221491   82.397868755  361.095298651
    0.833928193   82.665370673  385.949925713
    0.834634894   82.933839802  366.837898073
    0.835341595   83.162565537  266.464098546
    0.836048296   83.283187652   51.738462866
    0.836754998   83.202175094 -295.463414552
    0.837461699   82.857904509 -679.178370505
    0.838168400   82.273666312 -939.904716241
    0.838875101   81.579093806 -976.790477936
    0.839581803   80.945628340 -789.280456320
    0.840288504   80.491865725 -492.914682181
    0.840995205   80.241289950 -234.871550413
    0.841701906   80.140194126  -58.652332727
    0.842408608   80.151877886   95.764972402
    0.843115309   80.295124258  332.645236428
    0.843822010   80.642299865  657.344400583
    0.844528711   81.213732803  940.195931295
    0.845235413   81.922012795 1022.388552058
    0.845942114   82.595120263  843.488764502
    0.846648815   83.075770976  511.210100839
    0.847355517   83.337685928  247.492238502
    0.848062218   83.481298683  199.096161606
    0.848768919   83.660405334  324.364747245
    0.849475620   83.930153476  416.295911868
    0.850182322   84.183267009  247.491098477
    0.850889023   84.194257579 -262.399205165
    0.851595724   83.775252582 -930.197092900
    0.852302425   82.908975424 -1469.105293220
    0.853009127   81.790047085 -1619.714341201
    0.853715828   80.729804120 -1304.758634593
    0.854422529   80.025830507 -656.616629965
    0.855129230   79.821496642   72.675726188
    0.855835932   80.093898851  659.032644058
    0.856542633   80.687892889  977.009753830
    0.857249334   81.419176078 1057.798609202
    0.857956035   82.148815378  991.185262528
    0.858662737   82.824279983  930.893603949
    0.859369438   83.489033467  971.376943964
    0.860076139   84.223421905 1122.290885260
    0.860782840   85.079099581 1291.739576477
    0.861489542   86.023927171 1351.242361998
    0.862196243   86.939267643 1202.490451146
    0.862902944   87.677530389  856.746344399
    0.863609645   88.131086681  424.503790403
    0.864316347   88.278183576    8.644988742
    0.865023048   88.158677426 -336.106263815
    0.865729749   87.809766112 -660.765963273
    0.866436450   87.215016226 -1027.719635077
    0.867143152   86.347521736 -1427.333532272
    0.867849853   85.209086746 -1768.448089066
    0.868556554   83.893188645 -1913.255072772
    0.869263255   82.573250047 -1768.928648417
    0.869969957   81.463782543 -1328.540126819
    0.870676658   80.740624665 -698.310273995
    0.871383359   80.486436659  -26.311102493
    0.872090060   80.677346857  538.263025894
    0.872796762   81.213525974  950.424593892
    0.873503463   81.979375999 1190.872540825
    0.874210164   82.855352118 1267.547962343
    0.874916865   83.728359750 1171.360077623
    0.875623567   84.476072489  904.497317512
    0.876330268   84.954629955  406.985474635
    0.877036969   85.007122036 -292.724464465
    0.877743670   84.531999233 -1045.863791042
    0.878450372   83.551284899 -1682.418165295
    0.879157073   82.234285303 -1988.906205570
    0.879863774   80.829293025 -1932.014596021
    0.880570475   79.574546078 -1587.607962038
    0.881277177   78.604680324 -1158.627938596
    0.881983878   77.912684269 -814.313151981
    0.882690579   77.434078909 -544.329616561
    0.883397280   77.150139308 -239.985980890
    0.884103982   77.133074949  217.480574724
    0.884810683   77.478706684  762.369418314
    0.885517384   78.175665833 1160.216587534
    0.886224086   79.019152736 1144.592826467
    0.886930787   79.675589177  643.538112797
    0.887637488   79.863111190 -131.549165156
    0.888344189   79.509788760 -818.538168691
    0.889050891   78.798668434 -1107.988028132
    0.889757592   78.053198777 -942.864207308
    0.890464293   77.532381405 -514.116698343
    0.891170994   77.324320957 -100.259310023
    0.891877696   77.343690863  116.615747337
    0.892584397   77.436003550  132.192383743
    0.893291098   77.530008377  140.236720152
    0.893997799   77.672995936  290.932405833
    0.894704501   77.975247418  574.951187347
    0.895411202   78.478270391  822.139816666
    0.896117903   79.068105940  790.651843572
    0.896824604   79.518471384  436.956901567
    0.897531306   79.642886274  -95.488133143
    0.898238007   79.407984141 -534.205778398
    0.898944708   78.947110535 -713.862496634
    0.899651409   78.456529106 -650.349781865
    0.900358111   78.046852027 -520.900746623
    0.901064812   77.690657278 -515.219305129
    0.901771513   77.281767241 -666.603523061
    0.902478214   76.733116642 -884.266226137
    0.903184916   76.062513923 -981.966559368
    0.903891617   75.401203709 -849.558003371
    0.904598318   74.919826526 -481.595829412
    0.905305019   74.751588566   20.069378045
    0.906011721   74.932971448  470.184628756
    0.906718422   75.362410018  697.011669492
    0.907425123   75.840883924  603.198108213
    0.908131824   76.145102719  223.210270403
    0.908838526   76.133228488 -256.921690385
    0.909545227   75.810667067 -616.436772324
    0.910251928   75.327228102 -696.959175863
    0.910958629   74.897937113 -471.499918685
    0.911665331   74.703150942  -66.667048733
    0.912372032   74.803104845  331.511667966
    0.913078733   75.144252131  611.959794694
    0.913785434   75.627226474  725.433588770
    0.914492136   76.138077670  701.773822731
    0.915198837   76.594106981  580.425651520
    0.915905538   76.945816662  411.784475172
    0.916612239   77.180538309  264.736104826
    0.917318941   77.342376061  209.512064158
    0.918025642   77.496105164  231.938846798
    0.918732343   77.668933108  235.500229000
    0.919439044   77.782937318   47.027456796
    0.920145746   77.667695261 -413.251058200
    0.920852447   77.161239199 -1025.199480473
    0.921559148   76.253063754 -1491.986184291
    0.922265849   75.141715830 -1572.961782461
    0.922972551   74.132829134 -1216.537406243
    0.923679252   73.481839020 -607.011902013
    0.924385953   73.267504251  -30.307331579
    0.925092654   73.378452268  292.681970460
    0.925799356   73.594542412  265.329382163
    0.926506057   73.688101579  -28.522338799
    0.927212758   73.528258133 -417.776999436
    0.927919460   73.115275777 -725.061414719
    0.928626161   72.546528224 -843.361579550
    0.929332862   71.981084142 -716.257181555
    0.930039563   71.569035483 -427.903971185
    0.930746265   71.399233121  -52.772886152
    0.931452966   71.486261530  287.718100428
    0.932159667   71.774261013  506.539165265
    0.932866368   72.161544300  557.924192040
    0.933573070   72.506732097  386.099576967
    0.934279771   72.677110405   75.675132330
    0.934986472   72.598879898 -291.819399813
    0.935693173   72.282127131 -582.263704920
    0.936399875   71.806786559 -731.839418475
    0.937106576   71.279899631 -732.264920728
    0.937813277   70.800145969 -604.243672569
    0.938519978   70.449228189 -363.683808760
    0.939226680   70.326398121   38.437567459
    0.939933381   70.525842005  531.877054101
    0.940640082   71.071997047  992.516047227
    0.941346783   71.859166103 1182.327411432
    0.942053485   72.654703619 1003.642131311
    0.942760186   73.191051996  471.412004699
    0.943466887   73.282784078 -210.260244380
    0.944173588   72.920346189 -779.140707705
    0.944880290   72.262037890 -1024.439698427
    0.945586991   71.566248267 -887.979158043
    0.946293692   71.064378118 -494.900603141
    0.947000393   70.883939723  -23.240596760
    0.947707095   70.997738434  311.263837455
    0.948413796   71.279398581  442.149740350
    0.949120497   71.571664068  348.694288317
    0.949827198   71.723510848   59.527756054
    0.950533900   71.626955856 -350.046096132
    0.951240601   71.212963158 -828.745587555
    0.951947302   70.462555238 -1279.315702477
    0.952654003   69.451211781 -1530.495518178
    0.953360705   68.382209977 -1430.508898864
    0.954067406   67.515279346 -980.574536159
    0.954774107   67.042362378 -353.236059244
    0.955480808   66.980677951  138.214586312
    0.956187510   67.167161644  329.678297136
    0.956894211   67.376810419  228.081700290
    0.957600912   67.456066883    9.857939710
    0.958307613   67.420052859  -92.734862911
    0.959014315   67.360160507  -59.246709191
    0.959721016   67.347229836   10.139338794
    0.960427717   67.347315098  -21.541263828
    0.961134418   67.287578989 -164.207923181
    0.961841120   67.107627115 -346.810317376
    0.962547821   66.818787187 -459.382624960
    0.963254522   66.478830288 -486.071015849
    0.963961223   66.150108984 -423.804006163
    0.964667925   65.896468568 -282.975407702
    0.965374626   65.752524013 -127.452289692
    0.966081327   65.711185741   -6.093559156
    0.966788029   65.721643414   12.987792790
    0.967494730   65.687452376 -117.813971776
    0.968201431   65.538889579 -301.172795011
    0.968908132   65.286019227 -393.491217888
    0.969614834   65.017664467 -348.610469994
    0.970321535   64.815752036 -220.967396279
    0.971028236   64.683949996 -185.196054488
    0.971734937   64.509664022 -330.300810251
    0.972441639   64.201900987 -536.591595638
    0.973148340   63.780503912 -623.409205160
    0.973855041   63.369937065 -505.487962582
    0.974561742   63.098038595 -251.416595128
    0.975268444   62.997532823  -60.882733613
    0.975975145   62.955996829 -102.120657585
    0.976681846   62.809890199 -338.344179433
    0.977388547   62.460395427 -643.232697978
    0.978095249   61.929061804 -822.790701815
    0.978801950   61.340374076 -804.519676805
    0.979508651   60.832010876 -615.592124203
    0.980215352   60.494170276 -332.795210588
    0.980922054   60.361773505  -56.625206218
    0.981628755   60.398166877  156.927722416
    0.982335456   60.562086396  302.830722240
    0.983042157   60.803443841  354.969913096
    0.983748859   61.025101281  233.799017900
    0.984455560   61.092929091  -82.108657112
    0.985162261   60.873793661 -551.194746120
    0.985868962   60.327688252 -956.117145372
    0.986575664   59.586549852 -1079.171424342
    0.987282365   58.886180183 -856.630716949
    0.987989066   58.415268133 -470.341293245
    0.988695767   58.178057836 -238.743734653
    0.989402469   57.986609899 -378.753561218
    0.990109170   57.546308860 -919.311166076
    0.990815871   56.646710384 -1626.389727431
    0.991522572   55.287433297 -2159.347109097
    0.992229274   53.732082745 -2122.254641502
    0.992935975   52.481838024 -1563.063282241
    0.993642676   51.790228153 -337.293231907
    0.994349377   52.003117758  849.392046640
    0.995056079   52.699556956  790.870909226
    0.995762780   52.521706201 -1799.444229455
    0.996469481   49.432750712 -7388.728286043
    0.997176182   41.688585961 -14557.345225317
    0.997882884   29.287232378 -19884.336482683
    0.998589585   14.948759542 -19490.699243602
    0.999296286    3.558787150 -11525.795143990
    1.000002987    0.000000000 2025.497931616
    1.000709689    6.542184551 16092.730598663
    1.001416390   21.609967137 25439.717577089
    1.002123091   40.769354507 27580.877437167
    1.002829792   59.140457487 23644.328705759
    1.003536494   73.506513583 16817.049073601
    1.004243195   82.958730628 10145.080638060
    1.004949896   88.276760765 5253.686721853
    1.005656597   90.858784404 2352.393123053
    1.006363299   91.946976549  915.164033307
    1.007070000   92.346657256  310.365531722
