#! FIELDS distance hh1
#! SET normalisation    5.8323500000000000e+05
#! SET min_distance 0
#! SET max_distance 6
#! SET nbins_distance  100
#! SET periodic_distance false
   0.0000000000000000e+00   1.6406690955353528e-04
   5.9999999999999998e-02   6.5896700984235859e-03
   1.2000000000000000e-01   7.7380042277226876e-03
   1.7999999999999999e-01   1.3847778065336485e-03
   2.3999999999999999e-01   2.5636636349174969e-06
   2.9999999999999999e-01   9.4743925662261205e-10
   3.5999999999999999e-01   1.5410186919168417e-10
   4.1999999999999998e-01   5.4763976499099722e-11
   4.7999999999999998e-01   8.0822772974056905e-11
   5.4000000000000004e-01   2.9270951503356430e-11
   5.9999999999999998e-01   1.6993333634916999e-11
   6.5999999999999992e-01   2.6719738043422371e-11
   7.1999999999999997e-01   1.2346512989514484e-10
   7.8000000000000003e-01   1.0277845239643033e-10
   8.3999999999999997e-01   6.7845870531049253e-11
   8.9999999999999991e-01   4.6097305276423168e-11
   9.5999999999999996e-01   1.2790706085453532e-11
   1.0200000000000000e+00   5.8457223132901214e-12
   1.0800000000000001e+00   2.2883192113542127e-12
   1.1399999999999999e+00   1.4022705138172344e-12
   1.2000000000000000e+00   1.3114351094664305e-12
   1.2600000000000000e+00   4.6462075613697274e-13
   1.3199999999999998e+00   5.8615988232022432e-13
   1.3799999999999999e+00   9.3775189980165639e-13
   1.4399999999999999e+00   2.6845393749833679e-13
   1.5000000000000000e+00   1.9441958057861296e-13
   1.5600000000000001e+00   1.9868422041816258e-13
   1.6199999999999999e+00   1.0788926393878686e-13
   1.6799999999999999e+00   1.4792844691131572e-13
   1.7400000000000000e+00   8.4922713781939594e-14
   1.7999999999999998e+00   6.1372688671042727e-14
   1.8599999999999999e+00   1.1120300318325564e-13
   1.9199999999999999e+00   7.0934918135764481e-14
   1.9800000000000000e+00   5.6115147618335161e-14
   2.0400000000000000e+00   3.8014227757527934e-14
   2.1000000000000001e+00   2.7803868657685747e-14
   2.1600000000000001e+00   4.0732291947317506e-14
   2.2199999999999998e+00   4.6236792151621853e-14
   2.2799999999999998e+00   2.8952553047197870e-14
   2.3399999999999999e+00   4.0847659034683593e-05
   2.3999999999999999e+00   2.5682340134541372e-14
   2.4600000000000000e+00   5.8953989531243305e-14
   2.5200000000000000e+00   8.3859515640644052e-14
   2.5800000000000001e+00   3.7017137414391632e-14
   2.6399999999999997e+00   3.5719335369389538e-14
   2.6999999999999997e+00   3.2734838743719039e-11
   2.7599999999999998e+00   3.5631782015940342e-13
   2.8199999999999998e+00   4.2624797786377073e-14
   2.8799999999999999e+00   3.0114746304515583e-14
   2.9399999999999999e+00   7.3850155177235310e-14
   3.0000000000000000e+00   6.3071157526834069e-14
   3.0600000000000001e+00   2.9539252023795757e-14
   3.1200000000000001e+00   5.2876689344829442e-10
   3.1799999999999997e+00   1.5571958673653595e-10
   3.2399999999999998e+00   5.0400843380854319e-14
   3.2999999999999998e+00   3.0763347701963014e-14
   3.3599999999999999e+00   2.4588690645952692e-14
   3.4199999999999999e+00   5.9598641126112926e-14
   3.4800000000000000e+00   3.9368002323059531e-14
   3.5400000000000000e+00   1.9787816922386160e+15
   3.5999999999999996e+00   2.5303294018566376e-13
   3.6599999999999997e+00   6.3477652139983929e-11
   3.7199999999999998e+00   4.6446812075962526e-13
   3.7799999999999998e+00   2.8913574981174668e-14
   3.8399999999999999e+00   4.0713095736172673e-14
   3.8999999999999999e+00   1.6669523193663892e-14
   3.9600000000000000e+00   1.2902593896228318e-04
   4.0199999999999996e+00   2.0371410027638128e-14
   4.0800000000000001e+00   1.9393622264241208e+22
   4.1399999999999997e+00   1.9751427509335086e-14
   4.2000000000000002e+00   2.0710489518225558e+25
   4.2599999999999998e+00   7.9888293194385490e+19
   4.3200000000000003e+00   7.1666753450842748e+01
   4.3799999999999999e+00   1.0953633280096634e-02
   4.4399999999999995e+00   4.0476727449368062e-06
   4.5000000000000000e+00   5.7766581963524790e-18
   4.5599999999999996e+00   2.1881080872732065e-22
   4.6200000000000001e+00   0.0000000000000000e+00
   4.6799999999999997e+00   0.0000000000000000e+00
   4.7400000000000002e+00   0.0000000000000000e+00
   4.7999999999999998e+00   0.0000000000000000e+00
   4.8599999999999994e+00   0.0000000000000000e+00
   4.9199999999999999e+00   0.0000000000000000e+00
   4.9799999999999995e+00   0.0000000000000000e+00
   5.0400000000000000e+00   0.0000000000000000e+00
   5.0999999999999996e+00   0.0000000000000000e+00
   5.1600000000000001e+00   0.0000000000000000e+00
   5.2199999999999998e+00   0.0000000000000000e+00
   5.2799999999999994e+00   0.0000000000000000e+00
   5.3399999999999999e+00   0.0000000000000000e+00
   5.3999999999999995e+00   0.0000000000000000e+00
   5.4600000000000000e+00   0.0000000000000000e+00
   5.5199999999999996e+00   0.0000000000000000e+00
   5.5800000000000001e+00   0.0000000000000000e+00
   5.6399999999999997e+00   0.0000000000000000e+00
   5.7000000000000002e+00   0.0000000000000000e+00
   5.7599999999999998e+00   0.0000000000000000e+00
   5.8199999999999994e+00   0.0000000000000000e+00
   5.8799999999999999e+00   0.0000000000000000e+00
   5.9399999999999995e+00   0.0000000000000000e+00
   6.0000000000000000e+00   0.0000000000000000e+00
