#! FIELDS time d1
 0.000000 0.030378
 1.000000 0.039008
 2.000000 0.042254
 3.000000 0.048386
 4.000000 0.040942
 5.000000 0.031463
 6.000000 0.032576
 7.000000 0.047855
 8.000000 0.046717
 9.000000 0.034217
 10.000000 0.041021
 11.000000 0.038683
 12.000000 0.043429
 13.000000 0.041423
 14.000000 0.036388
 15.000000 0.035411
 16.000000 0.031383
 17.000000 0.041243
 18.000000 0.031213
 19.000000 0.057035
 20.000000 0.029127
 21.000000 0.029638
 22.000000 0.030756
 23.000000 0.046639
 24.000000 0.041760
 25.000000 0.057947
 26.000000 0.038542
 27.000000 0.034387
 28.000000 0.035915
 29.000000 0.039954
 30.000000 0.043501
 31.000000 0.046048
 32.000000 0.031342
 33.000000 0.045819
 34.000000 0.039085
 35.000000 0.039065
 36.000000 0.026649
 37.000000 0.038660
 38.000000 0.031724
 39.000000 0.048757
 40.000000 0.040605
 41.000000 0.040625
 42.000000 0.041135
 43.000000 0.031678
 44.000000 0.038009
 45.000000 0.038360
 46.000000 0.039012
 47.000000 0.043283
 48.000000 0.046088
 49.000000 0.036547
 50.000000 0.035839
 51.000000 0.038306
 52.000000 0.038848
 53.000000 0.043769
 54.000000 0.055131
 55.000000 0.049682
 56.000000 0.030875
 57.000000 0.032205
 58.000000 0.027758
 59.000000 0.039580
 60.000000 0.044316
 61.000000 0.035110
 62.000000 0.048190
 63.000000 0.033016
 64.000000 0.040781
 65.000000 0.036163
 66.000000 0.032608
 67.000000 0.035672
 68.000000 0.036349
 69.000000 0.041056
 70.000000 0.036663
 71.000000 0.044505
 72.000000 0.030244
 73.000000 0.023761
 74.000000 0.034342
 75.000000 0.048816
 76.000000 0.037668
 77.000000 0.042264
 78.000000 0.040752
 79.000000 0.040451
 80.000000 0.035692
 81.000000 0.046791
 82.000000 0.037274
 83.000000 0.031927
 84.000000 0.036490
 85.000000 0.047269
 86.000000 0.041734
 87.000000 0.037459
 88.000000 0.039901
 89.000000 0.029882
 90.000000 0.053816
 91.000000 0.049042
 92.000000 0.036351
 93.000000 0.047321
 94.000000 0.030948
 95.000000 0.042204
 96.000000 0.045633
 97.000000 0.041986
 98.000000 0.051255
 99.000000 0.030943
 100.000000 0.031265
 101.000000 0.037628
 102.000000 0.046560
 103.000000 0.043628
 104.000000 0.035517
 105.000000 0.040415
 106.000000 0.052584
 107.000000 0.035171
 108.000000 0.039043
 109.000000 0.035586
 110.000000 0.051582
 111.000000 0.049090
 112.000000 0.046582
 113.000000 0.040048
 114.000000 0.038065
 115.000000 0.046027
 116.000000 0.036712
 117.000000 0.036587
 118.000000 0.032354
 119.000000 0.039762
 120.000000 0.042070
 121.000000 0.050282
 122.000000 0.045722
 123.000000 0.038642
 124.000000 0.042257
 125.000000 0.033749
 126.000000 0.026000
 127.000000 0.044666
 128.000000 0.023854
 129.000000 0.037635
 130.000000 0.033377
 131.000000 0.038008
 132.000000 0.035906
 133.000000 0.030117
 134.000000 0.041247
 135.000000 0.040918
 136.000000 0.047004
 137.000000 0.039129
 138.000000 0.030038
 139.000000 0.036723
 140.000000 0.037131
 141.000000 0.043028
 142.000000 0.041285
 143.000000 0.028753
 144.000000 0.046273
 145.000000 0.044923
 146.000000 0.032538
 147.000000 0.034436
 148.000000 0.039205
 149.000000 0.038516
 150.000000 0.053251
 151.000000 0.053456
 152.000000 0.028172
 153.000000 0.045922
 154.000000 0.040847
 155.000000 0.027627
 156.000000 0.038971
 157.000000 0.037435
 158.000000 0.037707
 159.000000 0.048128
 160.000000 0.036478
 161.000000 0.041688
 162.000000 0.044082
 163.000000 0.041846
 164.000000 0.040956
 165.000000 0.037875
 166.000000 0.042503
 167.000000 0.035807
 168.000000 0.045113
 169.000000 0.046540
 170.000000 0.039570
 171.000000 0.026863
 172.000000 0.039145
 173.000000 0.038039
 174.000000 0.049318
 175.000000 0.045494
 176.000000 0.034840
 177.000000 0.046330
 178.000000 0.050404
 179.000000 0.043406
 180.000000 0.025402
 181.000000 0.046769
 182.000000 0.037353
 183.000000 0.034005
 184.000000 0.038789
 185.000000 0.026389
 186.000000 0.036844
 187.000000 0.042040
 188.000000 0.033866
 189.000000 0.044220
 190.000000 0.036210
 191.000000 0.042891
 192.000000 0.033308
 193.000000 0.039398
 194.000000 0.051039
 195.000000 0.034302
 196.000000 0.040076
 197.000000 0.028346
 198.000000 0.048821
 199.000000 0.038598
 200.000000 0.044872
 201.000000 0.032317
 202.000000 0.029818
 203.000000 0.026655
 204.000000 0.041192
 205.000000 0.028918
 206.000000 0.038185
 207.000000 0.045559
 208.000000 0.039106
 209.000000 0.047899
 210.000000 0.049733
 211.000000 0.030555
 212.000000 0.053551
 213.000000 0.046230
 214.000000 0.032060
 215.000000 0.041527
 216.000000 0.039510
 217.000000 0.045222
 218.000000 0.040976
 219.000000 0.034450
 220.000000 0.039964
 221.000000 0.031508
 222.000000 0.038343
 223.000000 0.041316
 224.000000 0.056126
 225.000000 0.037533
 226.000000 0.043725
 227.000000 0.039603
 228.000000 0.039937
 229.000000 0.037154
 230.000000 0.052788
 231.000000 0.029131
 232.000000 0.048386
 233.000000 0.034504
 234.000000 0.042244
 235.000000 0.045411
 236.000000 0.040043
 237.000000 0.028490
 238.000000 0.043222
 239.000000 0.035836
 240.000000 0.042291
 241.000000 0.048433
 242.000000 0.033628
 243.000000 0.045484
 244.000000 0.038177
 245.000000 0.042901
 246.000000 0.038919
 247.000000 0.033170
 248.000000 0.034314
 249.000000 0.036800
 250.000000 0.041452
 251.000000 0.034416
 252.000000 0.045604
 253.000000 0.037636
 254.000000 0.046214
 255.000000 0.030538
 256.000000 0.038159
 257.000000 0.027487
 258.000000 0.042995
 259.000000 0.033682
 260.000000 0.032915
 261.000000 0.043797
 262.000000 0.044624
 263.000000 0.033264
 264.000000 0.047978
 265.000000 0.041619
 266.000000 0.037908
 267.000000 0.039464
 268.000000 0.039649
 269.000000 0.032775
 270.000000 0.033475
 271.000000 0.042104
 272.000000 0.041049
 273.000000 0.035910
 274.000000 0.019162
 275.000000 0.035173
 276.000000 0.036676
 277.000000 0.039607
 278.000000 0.032948
 279.000000 0.037005
 280.000000 0.046340
 281.000000 0.048773
 282.000000 0.042040
 283.000000 0.033061
 284.000000 0.039100
 285.000000 0.042040
 286.000000 0.041216
 287.000000 0.029466
 288.000000 0.055846
 289.000000 0.040716
 290.000000 0.031468
 291.000000 0.037885
 292.000000 0.042945
 293.000000 0.025309
 294.000000 0.031926
 295.000000 0.029497
 296.000000 0.030465
 297.000000 0.035985
 298.000000 0.024717
 299.000000 0.032298
 300.000000 0.026112
 301.000000 0.038932
 302.000000 0.029997
 303.000000 0.043805
 304.000000 0.042230
 305.000000 0.039270
 306.000000 0.035457
 307.000000 0.041497
 308.000000 0.042039
 309.000000 0.033440
 310.000000 0.034405
 311.000000 0.039182
 312.000000 0.028969
 313.000000 0.039722
 314.000000 0.028555
 315.000000 0.043238
 316.000000 0.047048
 317.000000 0.047875
 318.000000 0.044536
 319.000000 0.030520
 320.000000 0.026896
 321.000000 0.047959
 322.000000 0.040975
 323.000000 0.027813
 324.000000 0.039344
 325.000000 0.045425
 326.000000 0.040088
 327.000000 0.037967
 328.000000 0.034840
 329.000000 0.046052
 330.000000 0.033190
 331.000000 0.042224
 332.000000 0.030717
 333.000000 0.034872
 334.000000 0.032562
 335.000000 0.038589
 336.000000 0.038266
 337.000000 0.044162
 338.000000 0.033338
 339.000000 0.048712
 340.000000 0.036239
 341.000000 0.037239
 342.000000 0.040911
 343.000000 0.025894
 344.000000 0.041919
 345.000000 0.047480
 346.000000 0.048599
 347.000000 0.029292
 348.000000 0.047215
 349.000000 0.038383
 350.000000 0.040747
 351.000000 0.048211
 352.000000 0.038015
 353.000000 0.047968
 354.000000 0.040438
 355.000000 0.042943
 356.000000 0.038056
 357.000000 0.045915
 358.000000 0.025583
 359.000000 0.051303
 360.000000 0.036128
 361.000000 0.036544
 362.000000 0.047008
 363.000000 0.028019
 364.000000 0.059201
 365.000000 0.036404
 366.000000 0.044699
 367.000000 0.030512
 368.000000 0.038845
 369.000000 0.036369
 370.000000 0.043751
 371.000000 0.043965
 372.000000 0.037646
 373.000000 0.036918
 374.000000 0.039363
 375.000000 0.035935
 376.000000 0.036424
 377.000000 0.028214
 378.000000 0.045393
 379.000000 0.042059
 380.000000 0.039716
 381.000000 0.050144
 382.000000 0.034468
 383.000000 0.043229
 384.000000 0.041331
 385.000000 0.040815
 386.000000 0.038564
 387.000000 0.043445
 388.000000 0.038724
 389.000000 0.038454
 390.000000 0.042504
 391.000000 0.039987
 392.000000 0.035132
 393.000000 0.030807
 394.000000 0.033726
 395.000000 0.030658
 396.000000 0.028648
 397.000000 0.051085
 398.000000 0.053678
 399.000000 0.037852
 400.000000 0.035010
 401.000000 0.037044
 402.000000 0.032331
 403.000000 0.033752
 404.000000 0.041143
 405.000000 0.038627
 406.000000 0.051159
 407.000000 0.036669
 408.000000 0.034092
 409.000000 0.042182
 410.000000 0.032295
 411.000000 0.027943
 412.000000 0.040600
 413.000000 0.047393
 414.000000 0.048885
 415.000000 0.032878
 416.000000 0.030752
 417.000000 0.044290
 418.000000 0.041214
 419.000000 0.040956
 420.000000 0.047988
 421.000000 0.035016
 422.000000 0.032543
 423.000000 0.038855
 424.000000 0.039646
 425.000000 0.046359
 426.000000 0.038213
 427.000000 0.047953
 428.000000 0.035221
 429.000000 0.037182
 430.000000 0.032723
 431.000000 0.038126
 432.000000 0.045296
 433.000000 0.031996
 434.000000 0.046501
 435.000000 0.026480
 436.000000 0.041146
 437.000000 0.032818
 438.000000 0.042398
 439.000000 0.029723
 440.000000 0.039517
 441.000000 0.038467
 442.000000 0.033741
 443.000000 0.043387
 444.000000 0.048845
 445.000000 0.023049
 446.000000 0.027700
 447.000000 0.037440
 448.000000 0.034225
 449.000000 0.043391
 450.000000 0.045406
 451.000000 0.032902
 452.000000 0.029110
 453.000000 0.043488
 454.000000 0.037872
 455.000000 0.047512
 456.000000 0.040060
 457.000000 0.034706
 458.000000 0.033615
 459.000000 0.040055
 460.000000 0.024928
 461.000000 0.034515
 462.000000 0.030835
 463.000000 0.048857
 464.000000 0.030544
 465.000000 0.046573
 466.000000 0.029674
 467.000000 0.036224
 468.000000 0.049108
 469.000000 0.042616
 470.000000 0.036290
 471.000000 0.036190
 472.000000 0.039710
 473.000000 0.032691
 474.000000 0.041231
 475.000000 0.028597
 476.000000 0.057880
 477.000000 0.033113
 478.000000 0.041779
 479.000000 0.035664
 480.000000 0.035633
 481.000000 0.045970
 482.000000 0.050469
 483.000000 0.045444
 484.000000 0.039278
 485.000000 0.044856
 486.000000 0.040457
 487.000000 0.052196
 488.000000 0.042127
 489.000000 0.028362
 490.000000 0.045105
 491.000000 0.038379
 492.000000 0.042849
 493.000000 0.032329
 494.000000 0.032466
 495.000000 0.037897
 496.000000 0.032634
 497.000000 0.036270
 498.000000 0.050227
 499.000000 0.052110
 500.000000 0.026236
 501.000000 0.041875
 502.000000 0.047250
 503.000000 0.036991
 504.000000 0.042343
 505.000000 0.025653
 506.000000 0.049961
 507.000000 0.044272
 508.000000 0.042276
 509.000000 0.051834
 510.000000 0.039573
 511.000000 0.043250
 512.000000 0.033379
 513.000000 0.029595
 514.000000 0.041002
 515.000000 0.047986
 516.000000 0.046811
 517.000000 0.042160
 518.000000 0.044317
 519.000000 0.035711
 520.000000 0.037054
 521.000000 0.042886
 522.000000 0.037980
 523.000000 0.024086
 524.000000 0.041116
 525.000000 0.034348
 526.000000 0.035309
 527.000000 0.044036
 528.000000 0.046124
 529.000000 0.040638
 530.000000 0.033454
 531.000000 0.042982
 532.000000 0.047571
 533.000000 0.044366
 534.000000 0.029451
 535.000000 0.051482
 536.000000 0.036287
 537.000000 0.044211
 538.000000 0.040592
 539.000000 0.039996
 540.000000 0.036515
 541.000000 0.042199
 542.000000 0.041991
 543.000000 0.038950
 544.000000 0.033592
 545.000000 0.049032
 546.000000 0.029317
 547.000000 0.043343
 548.000000 0.046861
 549.000000 0.039389
 550.000000 0.042293
 551.000000 0.039884
 552.000000 0.035156
 553.000000 0.045590
 554.000000 0.042179
 555.000000 0.033217
 556.000000 0.044102
 557.000000 0.046422
 558.000000 0.036186
 559.000000 0.035514
 560.000000 0.051041
 561.000000 0.040563
 562.000000 0.037733
 563.000000 0.030041
 564.000000 0.043111
 565.000000 0.034963
 566.000000 0.032913
 567.000000 0.037427
 568.000000 0.038222
 569.000000 0.040363
 570.000000 0.046657
 571.000000 0.039938
 572.000000 0.039059
 573.000000 0.038404
 574.000000 0.017858
 575.000000 0.045830
 576.000000 0.049379
 577.000000 0.049908
 578.000000 0.035064
 579.000000 0.040622
 580.000000 0.047850
 581.000000 0.043965
 582.000000 0.043674
 583.000000 0.027669
 584.000000 0.058294
 585.000000 0.044297
 586.000000 0.047331
 587.000000 0.037364
 588.000000 0.030821
 589.000000 0.038467
 590.000000 0.056310
 591.000000 0.044208
 592.000000 0.033866
 593.000000 0.043569
 594.000000 0.043211
 595.000000 0.051624
 596.000000 0.046651
 597.000000 0.038712
 598.000000 0.044439
 599.000000 0.043830
 600.000000 0.045139
 601.000000 0.042759
 602.000000 0.039686
 603.000000 0.044565
 604.000000 0.043616
 605.000000 0.030238
 606.000000 0.029127
 607.000000 0.042147
 608.000000 0.037972
 609.000000 0.036461
 610.000000 0.041881
 611.000000 0.035364
 612.000000 0.035415
 613.000000 0.041108
 614.000000 0.040132
 615.000000 0.032493
 616.000000 0.035500
 617.000000 0.044643
 618.000000 0.040207
 619.000000 0.046025
 620.000000 0.036613
 621.000000 0.044012
 622.000000 0.033006
 623.000000 0.037882
 624.000000 0.038889
 625.000000 0.053058
 626.000000 0.043465
 627.000000 0.038530
 628.000000 0.030311
 629.000000 0.039607
 630.000000 0.031162
 631.000000 0.034255
 632.000000 0.040306
 633.000000 0.046117
 634.000000 0.031422
 635.000000 0.030819
 636.000000 0.039420
 637.000000 0.040599
 638.000000 0.039711
 639.000000 0.040685
 640.000000 0.034369
 641.000000 0.046686
 642.000000 0.044815
 643.000000 0.032298
 644.000000 0.029203
 645.000000 0.034645
 646.000000 0.031081
 647.000000 0.040880
 648.000000 0.038019
 649.000000 0.040585
 650.000000 0.057228
 651.000000 0.032747
 652.000000 0.034040
 653.000000 0.039010
 654.000000 0.045044
 655.000000 0.044972
 656.000000 0.050378
 657.000000 0.039906
 658.000000 0.039445
 659.000000 0.030012
 660.000000 0.040798
 661.000000 0.046116
 662.000000 0.047666
 663.000000 0.024593
 664.000000 0.029632
 665.000000 0.037617
 666.000000 0.035167
 667.000000 0.030030
 668.000000 0.037373
 669.000000 0.032929
 670.000000 0.039644
 671.000000 0.044879
 672.000000 0.043223
 673.000000 0.035307
 674.000000 0.042873
 675.000000 0.040636
 676.000000 0.044322
 677.000000 0.047520
 678.000000 0.045428
 679.000000 0.041167
 680.000000 0.055486
 681.000000 0.046988
 682.000000 0.035420
 683.000000 0.030770
 684.000000 0.032109
 685.000000 0.024822
 686.000000 0.029982
 687.000000 0.035672
 688.000000 0.027281
 689.000000 0.039724
 690.000000 0.043018
 691.000000 0.039796
 692.000000 0.048202
 693.000000 0.027594
 694.000000 0.036118
 695.000000 0.039260
 696.000000 0.043291
 697.000000 0.032884
 698.000000 0.042869
 699.000000 0.033864
 700.000000 0.036045
 701.000000 0.032350
 702.000000 0.048797
 703.000000 0.048650
 704.000000 0.047437
 705.000000 0.037047
 706.000000 0.046492
 707.000000 0.040288
 708.000000 0.034959
 709.000000 0.042575
 710.000000 0.032503
 711.000000 0.031147
 712.000000 0.036604
 713.000000 0.042772
 714.000000 0.041474
 715.000000 0.040464
 716.000000 0.043801
 717.000000 0.041542
 718.000000 0.039709
 719.000000 0.052122
 720.000000 0.033016
 721.000000 0.031802
 722.000000 0.036019
 723.000000 0.036094
 724.000000 0.055547
 725.000000 0.042433
 726.000000 0.041751
 727.000000 0.044524
 728.000000 0.041243
 729.000000 0.038656
 730.000000 0.038006
 731.000000 0.030712
 732.000000 0.037481
 733.000000 0.041380
 734.000000 0.040761
 735.000000 0.037017
 736.000000 0.032165
 737.000000 0.041266
 738.000000 0.042475
 739.000000 0.033135
 740.000000 0.036558
 741.000000 0.031557
 742.000000 0.034624
 743.000000 0.033120
 744.000000 0.029343
 745.000000 0.029229
 746.000000 0.041996
 747.000000 0.038416
 748.000000 0.034494
 749.000000 0.028507
 750.000000 0.042256
 751.000000 0.032088
 752.000000 0.042888
 753.000000 0.026324
 754.000000 0.029838
 755.000000 0.040831
 756.000000 0.037367
 757.000000 0.045219
 758.000000 0.046300
 759.000000 0.035192
 760.000000 0.043844
 761.000000 0.037258
 762.000000 0.038106
 763.000000 0.041158
 764.000000 0.044145
 765.000000 0.032651
 766.000000 0.041923
 767.000000 0.034048
 768.000000 0.039766
 769.000000 0.046639
 770.000000 0.038518
 771.000000 0.047968
 772.000000 0.048177
 773.000000 0.045779
 774.000000 0.028697
 775.000000 0.046385
 776.000000 0.032250
 777.000000 0.047199
 778.000000 0.043427
 779.000000 0.041974
 780.000000 0.037536
 781.000000 0.050751
 782.000000 0.042236
 783.000000 0.043731
 784.000000 0.035271
 785.000000 0.044506
 786.000000 0.030573
 787.000000 0.039778
 788.000000 0.037165
 789.000000 0.036073
 790.000000 0.036142
 791.000000 0.039650
 792.000000 0.044599
 793.000000 0.035054
 794.000000 0.037605
 795.000000 0.024927
 796.000000 0.041155
 797.000000 0.034659
 798.000000 0.041920
 799.000000 0.031730
 800.000000 0.041378
 801.000000 0.044803
 802.000000 0.035693
 803.000000 0.053506
 804.000000 0.040921
 805.000000 0.044244
 806.000000 0.032462
 807.000000 0.048193
 808.000000 0.047856
 809.000000 0.047757
 810.000000 0.038911
 811.000000 0.043564
 812.000000 0.041799
 813.000000 0.052461
 814.000000 0.040443
 815.000000 0.032239
 816.000000 0.041879
 817.000000 0.046416
 818.000000 0.044270
 819.000000 0.040309
 820.000000 0.034725
 821.000000 0.030772
 822.000000 0.033829
 823.000000 0.041037
 824.000000 0.036043
 825.000000 0.035342
 826.000000 0.045158
 827.000000 0.032991
 828.000000 0.044906
 829.000000 0.040021
 830.000000 0.047605
 831.000000 0.040670
 832.000000 0.048765
 833.000000 0.038042
 834.000000 0.041233
 835.000000 0.037789
 836.000000 0.045658
 837.000000 0.034993
 838.000000 0.052020
 839.000000 0.038112
 840.000000 0.029180
 841.000000 0.028052
 842.000000 0.029711
 843.000000 0.034651
 844.000000 0.039622
 845.000000 0.033371
 846.000000 0.036292
 847.000000 0.035933
 848.000000 0.053212
 849.000000 0.040118
 850.000000 0.041545
 851.000000 0.036473
 852.000000 0.047964
 853.000000 0.040159
 854.000000 0.036034
 855.000000 0.037953
 856.000000 0.043784
 857.000000 0.033705
 858.000000 0.039622
 859.000000 0.038066
 860.000000 0.043423
 861.000000 0.037168
 862.000000 0.042673
 863.000000 0.037225
 864.000000 0.043231
 865.000000 0.040422
 866.000000 0.040026
 867.000000 0.035911
 868.000000 0.042138
 869.000000 0.039222
 870.000000 0.039375
 871.000000 0.050209
 872.000000 0.045077
 873.000000 0.039340
 874.000000 0.032906
 875.000000 0.019487
 876.000000 0.049509
 877.000000 0.047737
 878.000000 0.048040
 879.000000 0.031459
 880.000000 0.038235
 881.000000 0.038498
 882.000000 0.035446
 883.000000 0.032878
 884.000000 0.033519
 885.000000 0.036424
 886.000000 0.051511
 887.000000 0.036867
 888.000000 0.030027
 889.000000 0.029110
 890.000000 0.043151
 891.000000 0.050830
 892.000000 0.037976
 893.000000 0.028010
 894.000000 0.033497
 895.000000 0.035512
 896.000000 0.032686
 897.000000 0.033084
 898.000000 0.030420
 899.000000 0.038200
 900.000000 0.034126
 901.000000 0.039199
 902.000000 0.032068
 903.000000 0.026631
 904.000000 0.045220
 905.000000 0.042729
 906.000000 0.046848
 907.000000 0.043416
 908.000000 0.042485
 909.000000 0.042774
 910.000000 0.046743
 911.000000 0.022548
 912.000000 0.043936
 913.000000 0.036939
 914.000000 0.036216
 915.000000 0.042222
 916.000000 0.039426
 917.000000 0.033311
 918.000000 0.035991
 919.000000 0.053034
 920.000000 0.040894
 921.000000 0.031555
 922.000000 0.036227
 923.000000 0.037017
 924.000000 0.067903
 925.000000 0.039641
 926.000000 0.034274
 927.000000 0.036549
 928.000000 0.037519
 929.000000 0.036944
 930.000000 0.030191
 931.000000 0.037902
 932.000000 0.028565
 933.000000 0.046737
 934.000000 0.030026
 935.000000 0.037878
 936.000000 0.051679
 937.000000 0.035241
 938.000000 0.044319
 939.000000 0.047566
 940.000000 0.039413
 941.000000 0.038529
 942.000000 0.039199
 943.000000 0.040691
 944.000000 0.036359
 945.000000 0.024495
 946.000000 0.044750
 947.000000 0.037008
 948.000000 0.039093
 949.000000 0.046108
 950.000000 0.039670
 951.000000 0.041683
 952.000000 0.031562
 953.000000 0.036280
 954.000000 0.045819
 955.000000 0.025218
 956.000000 0.041865
 957.000000 0.035343
 958.000000 0.036371
 959.000000 0.035181
 960.000000 0.030370
 961.000000 0.032193
 962.000000 0.035462
 963.000000 0.037507
 964.000000 0.033021
 965.000000 0.035578
 966.000000 0.044166
 967.000000 0.036477
 968.000000 0.039325
 969.000000 0.043168
 970.000000 0.047393
 971.000000 0.039644
 972.000000 0.050324
 973.000000 0.045151
 974.000000 0.049011
 975.000000 0.037426
 976.000000 0.033083
 977.000000 0.055252
 978.000000 0.034796
 979.000000 0.039478
 980.000000 0.040841
 981.000000 0.056161
 982.000000 0.045613
 983.000000 0.033262
 984.000000 0.044636
 985.000000 0.036031
 986.000000 0.039767
 987.000000 0.042144
 988.000000 0.035775
 989.000000 0.035812
 990.000000 0.038677
 991.000000 0.038992
 992.000000 0.036388
 993.000000 0.035351
 994.000000 0.039874
 995.000000 0.039548
 996.000000 0.041706
 997.000000 0.038312
 998.000000 0.036302
 999.000000 0.023911
 1000.000000 0.043333
 1001.000000 0.049019
 1002.000000 0.043129
 1003.000000 0.030136
 1004.000000 0.036249
 1005.000000 0.041070
 1006.000000 0.039359
 1007.000000 0.059007
 1008.000000 0.029096
 1009.000000 0.041829
 1010.000000 0.039744
 1011.000000 0.037256
 1012.000000 0.041872
 1013.000000 0.036420
 1014.000000 0.028028
 1015.000000 0.029849
 1016.000000 0.043021
 1017.000000 0.048426
 1018.000000 0.045839
 1019.000000 0.043802
 1020.000000 0.041831
 1021.000000 0.039146
 1022.000000 0.035834
 1023.000000 0.040559
 1024.000000 0.033307
 1025.000000 0.028104
 1026.000000 0.048981
 1027.000000 0.033719
 1028.000000 0.037907
 1029.000000 0.038095
 1030.000000 0.033771
 1031.000000 0.032887
 1032.000000 0.048840
 1033.000000 0.036583
 1034.000000 0.038907
 1035.000000 0.038216
 1036.000000 0.044080
 1037.000000 0.036663
 1038.000000 0.039324
 1039.000000 0.034909
 1040.000000 0.039833
 1041.000000 0.038898
 1042.000000 0.036617
 1043.000000 0.037266
 1044.000000 0.049829
 1045.000000 0.037694
 1046.000000 0.045362
 1047.000000 0.035965
 1048.000000 0.050619
 1049.000000 0.040667
 1050.000000 0.041370
 1051.000000 0.043215
 1052.000000 0.042725
 1053.000000 0.039612
 1054.000000 0.045909
 1055.000000 0.039850
 1056.000000 0.038094
 1057.000000 0.036027
 1058.000000 0.058641
 1059.000000 0.040629
 1060.000000 0.035296
 1061.000000 0.041262
 1062.000000 0.036201
 1063.000000 0.041582
 1064.000000 0.042730
 1065.000000 0.037053
 1066.000000 0.038318
 1067.000000 0.030138
 1068.000000 0.048646
 1069.000000 0.041039
 1070.000000 0.030241
 1071.000000 0.041557
 1072.000000 0.054992
 1073.000000 0.049677
 1074.000000 0.032351
 1075.000000 0.041297
 1076.000000 0.043007
 1077.000000 0.031733
 1078.000000 0.038717
 1079.000000 0.042241
 1080.000000 0.037952
 1081.000000 0.039373
 1082.000000 0.024654
 1083.000000 0.038266
 1084.000000 0.040930
 1085.000000 0.046368
 1086.000000 0.035588
 1087.000000 0.031033
 1088.000000 0.043438
 1089.000000 0.040394
 1090.000000 0.040006
 1091.000000 0.046448
 1092.000000 0.032520
 1093.000000 0.044564
 1094.000000 0.044493
 1095.000000 0.060170
 1096.000000 0.050514
 1097.000000 0.041117
 1098.000000 0.035494
 1099.000000 0.046932
 1100.000000 0.040686
 1101.000000 0.037328
 1102.000000 0.037046
 1103.000000 0.039198
 1104.000000 0.024202
 1105.000000 0.041705
 1106.000000 0.050053
 1107.000000 0.038565
 1108.000000 0.035215
 1109.000000 0.037983
 1110.000000 0.038103
 1111.000000 0.035751
 1112.000000 0.030999
 1113.000000 0.038131
 1114.000000 0.040709
 1115.000000 0.041840
 1116.000000 0.060608
 1117.000000 0.044887
 1118.000000 0.039348
 1119.000000 0.038692
 1120.000000 0.045400
 1121.000000 0.040627
 1122.000000 0.040619
 1123.000000 0.033343
 1124.000000 0.034921
 1125.000000 0.040894
 1126.000000 0.032553
 1127.000000 0.028553
 1128.000000 0.033359
 1129.000000 0.031049
 1130.000000 0.028118
 1131.000000 0.036167
 1132.000000 0.045032
 1133.000000 0.044067
 1134.000000 0.045723
 1135.000000 0.051339
 1136.000000 0.031169
 1137.000000 0.045068
 1138.000000 0.042166
 1139.000000 0.041511
 1140.000000 0.036575
 1141.000000 0.042346
 1142.000000 0.041839
 1143.000000 0.044404
 1144.000000 0.046771
 1145.000000 0.033754
 1146.000000 0.035838
 1147.000000 0.033922
 1148.000000 0.038945
 1149.000000 0.041410
 1150.000000 0.044285
 1151.000000 0.025971
 1152.000000 0.039577
 1153.000000 0.039655
 1154.000000 0.047361
 1155.000000 0.044308
 1156.000000 0.038461
 1157.000000 0.035764
 1158.000000 0.030385
 1159.000000 0.028937
 1160.000000 0.029950
 1161.000000 0.043272
 1162.000000 0.050242
 1163.000000 0.041012
 1164.000000 0.044449
 1165.000000 0.033896
 1166.000000 0.031047
 1167.000000 0.049400
 1168.000000 0.038001
 1169.000000 0.030767
 1170.000000 0.032253
 1171.000000 0.046088
 1172.000000 0.027613
 1173.000000 0.038679
 1174.000000 0.028928
 1175.000000 0.023562
 1176.000000 0.030535
 1177.000000 0.050079
 1178.000000 0.051079
 1179.000000 0.043122
 1180.000000 0.032716
 1181.000000 0.039509
 1182.000000 0.046851
 1183.000000 0.059037
 1184.000000 0.031578
 1185.000000 0.045555
 1186.000000 0.038021
 1187.000000 0.030169
 1188.000000 0.040274
 1189.000000 0.039440
 1190.000000 0.038448
 1191.000000 0.051576
 1192.000000 0.044263
 1193.000000 0.040992
 1194.000000 0.052678
 1195.000000 0.035968
 1196.000000 0.033477
 1197.000000 0.041752
 1198.000000 0.042552
 1199.000000 0.041799
 1200.000000 0.043455
 1201.000000 0.045540
 1202.000000 0.040764
 1203.000000 0.048818
 1204.000000 0.035529
 1205.000000 0.034280
 1206.000000 0.038443
 1207.000000 0.041106
 1208.000000 0.028127
 1209.000000 0.046639
 1210.000000 0.044889
 1211.000000 0.040927
 1212.000000 0.047991
 1213.000000 0.063519
 1214.000000 0.037454
 1215.000000 0.044561
 1216.000000 0.031589
 1217.000000 0.042287
 1218.000000 0.042010
 1219.000000 0.038252
 1220.000000 0.042120
 1221.000000 0.047734
 1222.000000 0.032370
 1223.000000 0.048160
 1224.000000 0.046317
 1225.000000 0.040153
 1226.000000 0.037798
 1227.000000 0.030201
 1228.000000 0.040680
 1229.000000 0.035113
 1230.000000 0.039537
 1231.000000 0.035049
 1232.000000 0.042682
 1233.000000 0.039711
 1234.000000 0.046716
 1235.000000 0.047557
 1236.000000 0.038026
 1237.000000 0.042117
 1238.000000 0.041181
 1239.000000 0.038686
 1240.000000 0.047827
 1241.000000 0.051736
 1242.000000 0.050417
 1243.000000 0.036127
 1244.000000 0.022142
 1245.000000 0.050645
 1246.000000 0.037420
 1247.000000 0.047458
 1248.000000 0.037038
 1249.000000 0.031634
 1250.000000 0.041493
 1251.000000 0.038130
 1252.000000 0.037370
 1253.000000 0.049009
 1254.000000 0.038636
 1255.000000 0.028874
 1256.000000 0.036632
 1257.000000 0.039696
 1258.000000 0.027609
 1259.000000 0.048546
 1260.000000 0.046392
 1261.000000 0.045046
 1262.000000 0.046906
 1263.000000 0.034207
 1264.000000 0.033281
 1265.000000 0.045168
 1266.000000 0.035761
 1267.000000 0.045746
 1268.000000 0.027876
 1269.000000 0.051431
 1270.000000 0.029886
 1271.000000 0.045460
 1272.000000 0.053213
 1273.000000 0.039602
 1274.000000 0.035840
 1275.000000 0.035192
 1276.000000 0.040658
 1277.000000 0.043232
 1278.000000 0.031904
 1279.000000 0.041853
 1280.000000 0.047020
 1281.000000 0.039603
 1282.000000 0.044930
 1283.000000 0.030888
 1284.000000 0.030677
 1285.000000 0.028083
 1286.000000 0.038168
 1287.000000 0.035300
 1288.000000 0.037859
 1289.000000 0.041709
 1290.000000 0.048809
 1291.000000 0.032165
 1292.000000 0.023147
 1293.000000 0.034767
 1294.000000 0.025748
 1295.000000 0.055487
 1296.000000 0.045227
 1297.000000 0.040557
 1298.000000 0.042042
 1299.000000 0.028744
 1300.000000 0.044696
 1301.000000 0.042703
 1302.000000 0.043267
 1303.000000 0.042518
 1304.000000 0.029444
 1305.000000 0.038316
 1306.000000 0.051891
 1307.000000 0.033732
 1308.000000 0.034100
 1309.000000 0.035600
 1310.000000 0.038498
 1311.000000 0.045559
 1312.000000 0.041712
 1313.000000 0.038852
 1314.000000 0.034915
 1315.000000 0.037152
 1316.000000 0.050114
 1317.000000 0.034004
 1318.000000 0.040889
 1319.000000 0.045597
 1320.000000 0.031427
 1321.000000 0.044365
 1322.000000 0.038181
 1323.000000 0.044942
 1324.000000 0.040354
 1325.000000 0.040566
 1326.000000 0.045088
 1327.000000 0.038874
 1328.000000 0.039002
 1329.000000 0.034907
 1330.000000 0.041482
 1331.000000 0.038163
 1332.000000 0.044810
 1333.000000 0.032250
 1334.000000 0.034600
 1335.000000 0.039381
 1336.000000 0.040181
 1337.000000 0.033265
 1338.000000 0.031297
 1339.000000 0.055483
 1340.000000 0.031665
 1341.000000 0.039964
 1342.000000 0.036360
 1343.000000 0.030336
 1344.000000 0.039070
 1345.000000 0.040647
 1346.000000 0.044625
 1347.000000 0.034696
 1348.000000 0.036340
 1349.000000 0.023693
 1350.000000 0.046462
 1351.000000 0.024768
 1352.000000 0.042842
 1353.000000 0.036360
 1354.000000 0.041582
 1355.000000 0.028281
 1356.000000 0.040807
 1357.000000 0.041677
 1358.000000 0.044964
 1359.000000 0.050658
 1360.000000 0.046380
 1361.000000 0.037784
 1362.000000 0.020929
 1363.000000 0.042660
 1364.000000 0.038571
 1365.000000 0.031820
 1366.000000 0.034235
 1367.000000 0.052577
 1368.000000 0.042684
 1369.000000 0.040288
 1370.000000 0.042235
 1371.000000 0.042067
 1372.000000 0.037609
 1373.000000 0.039327
 1374.000000 0.044910
 1375.000000 0.043974
 1376.000000 0.046171
 1377.000000 0.050091
 1378.000000 0.043209
 1379.000000 0.036016
 1380.000000 0.038224
 1381.000000 0.039482
 1382.000000 0.046191
 1383.000000 0.026423
 1384.000000 0.029591
 1385.000000 0.040604
 1386.000000 0.037432
 1387.000000 0.039690
 1388.000000 0.044159
 1389.000000 0.034474
 1390.000000 0.044672
 1391.000000 0.039860
 1392.000000 0.033208
 1393.000000 0.059143
 1394.000000 0.049815
 1395.000000 0.046096
 1396.000000 0.028379
 1397.000000 0.046392
 1398.000000 0.036032
 1399.000000 0.036646
 1400.000000 0.037559
 1401.000000 0.037520
 1402.000000 0.051181
 1403.000000 0.046524
 1404.000000 0.031551
 1405.000000 0.033008
 1406.000000 0.045727
 1407.000000 0.042511
 1408.000000 0.046568
 1409.000000 0.037950
 1410.000000 0.046963
 1411.000000 0.046144
 1412.000000 0.043152
 1413.000000 0.026591
 1414.000000 0.046182
 1415.000000 0.041764
 1416.000000 0.047019
 1417.000000 0.042958
 1418.000000 0.034916
 1419.000000 0.048144
 1420.000000 0.042452
 1421.000000 0.040195
 1422.000000 0.036404
 1423.000000 0.028792
 1424.000000 0.044797
 1425.000000 0.026592
 1426.000000 0.034563
 1427.000000 0.038171
 1428.000000 0.044556
 1429.000000 0.040455
 1430.000000 0.037325
 1431.000000 0.047951
 1432.000000 0.048445
 1433.000000 0.042535
 1434.000000 0.040706
 1435.000000 0.038681
 1436.000000 0.036644
 1437.000000 0.042318
 1438.000000 0.039340
 1439.000000 0.046759
 1440.000000 0.044903
 1441.000000 0.036429
 1442.000000 0.032600
 1443.000000 0.038369
 1444.000000 0.030012
 1445.000000 0.040330
 1446.000000 0.027789
 1447.000000 0.036999
 1448.000000 0.049431
 1449.000000 0.042579
 1450.000000 0.034666
 1451.000000 0.040886
 1452.000000 0.043852
 1453.000000 0.030769
 1454.000000 0.032871
 1455.000000 0.038043
 1456.000000 0.041668
 1457.000000 0.048932
 1458.000000 0.040049
 1459.000000 0.041381
 1460.000000 0.039163
 1461.000000 0.042917
 1462.000000 0.032886
 1463.000000 0.031107
 1464.000000 0.044363
 1465.000000 0.042367
 1466.000000 0.037648
 1467.000000 0.042755
 1468.000000 0.052215
 1469.000000 0.039659
 1470.000000 0.033891
 1471.000000 0.034752
 1472.000000 0.035298
 1473.000000 0.047190
 1474.000000 0.045812
 1475.000000 0.032966
 1476.000000 0.038457
 1477.000000 0.040123
 1478.000000 0.032503
 1479.000000 0.036825
 1480.000000 0.041763
 1481.000000 0.045032
 1482.000000 0.039602
 1483.000000 0.038047
 1484.000000 0.048887
 1485.000000 0.038146
 1486.000000 0.036620
 1487.000000 0.036581
 1488.000000 0.033681
 1489.000000 0.044133
 1490.000000 0.042811
 1491.000000 0.037810
 1492.000000 0.045310
 1493.000000 0.033483
 1494.000000 0.046290
 1495.000000 0.039108
 1496.000000 0.038462
 1497.000000 0.033339
 1498.000000 0.033817
 1499.000000 0.039334
 1500.000000 0.041519
 1501.000000 0.041078
 1502.000000 0.037461
 1503.000000 0.048095
 1504.000000 0.031456
 1505.000000 0.043769
 1506.000000 0.047288
 1507.000000 0.034396
 1508.000000 0.049290
 1509.000000 0.054063
 1510.000000 0.041551
 1511.000000 0.026811
 1512.000000 0.058143
 1513.000000 0.048573
 1514.000000 0.039504
 1515.000000 0.042986
 1516.000000 0.038533
 1517.000000 0.038635
 1518.000000 0.032826
 1519.000000 0.034408
 1520.000000 0.046108
 1521.000000 0.036034
 1522.000000 0.031718
 1523.000000 0.032074
 1524.000000 0.045932
 1525.000000 0.044257
 1526.000000 0.037921
 1527.000000 0.047509
 1528.000000 0.039182
 1529.000000 0.040046
 1530.000000 0.055856
 1531.000000 0.029782
 1532.000000 0.034775
 1533.000000 0.046688
 1534.000000 0.051678
 1535.000000 0.035899
 1536.000000 0.032130
 1537.000000 0.044217
 1538.000000 0.036571
 1539.000000 0.029638
 1540.000000 0.046383
 1541.000000 0.042036
 1542.000000 0.041374
 1543.000000 0.036713
 1544.000000 0.042030
 1545.000000 0.037217
 1546.000000 0.042100
 1547.000000 0.046471
 1548.000000 0.038636
 1549.000000 0.044038
 1550.000000 0.050893
 1551.000000 0.027431
 1552.000000 0.045098
 1553.000000 0.040819
 1554.000000 0.042867
 1555.000000 0.033052
 1556.000000 0.043582
 1557.000000 0.032223
 1558.000000 0.043131
 1559.000000 0.042892
 1560.000000 0.029987
 1561.000000 0.039713
 1562.000000 0.034890
 1563.000000 0.045742
 1564.000000 0.040533
 1565.000000 0.040277
 1566.000000 0.043928
 1567.000000 0.037651
 1568.000000 0.043219
 1569.000000 0.043190
 1570.000000 0.043685
 1571.000000 0.063212
 1572.000000 0.037715
 1573.000000 0.042584
 1574.000000 0.039833
 1575.000000 0.032660
 1576.000000 0.050669
 1577.000000 0.035297
 1578.000000 0.046229
 1579.000000 0.033229
 1580.000000 0.048024
 1581.000000 0.037580
 1582.000000 0.043213
 1583.000000 0.043231
 1584.000000 0.042699
 1585.000000 0.041795
 1586.000000 0.038995
 1587.000000 0.034113
 1588.000000 0.054853
 1589.000000 0.044970
 1590.000000 0.034827
 1591.000000 0.048950
 1592.000000 0.033490
 1593.000000 0.048052
 1594.000000 0.052161
 1595.000000 0.038593
 1596.000000 0.036591
 1597.000000 0.036605
 1598.000000 0.047135
 1599.000000 0.053658
 1600.000000 0.034891
 1601.000000 0.032099
 1602.000000 0.039752
 1603.000000 0.030204
 1604.000000 0.027702
 1605.000000 0.041291
 1606.000000 0.039160
 1607.000000 0.037124
 1608.000000 0.038530
 1609.000000 0.040074
 1610.000000 0.034983
 1611.000000 0.042215
 1612.000000 0.043919
 1613.000000 0.048356
 1614.000000 0.042860
 1615.000000 0.042224
 1616.000000 0.034999
 1617.000000 0.035401
 1618.000000 0.041866
 1619.000000 0.041638
 1620.000000 0.037497
 1621.000000 0.040046
 1622.000000 0.040586
 1623.000000 0.029183
 1624.000000 0.046596
 1625.000000 0.044586
 1626.000000 0.037462
 1627.000000 0.040841
 1628.000000 0.030504
 1629.000000 0.042890
 1630.000000 0.039422
 1631.000000 0.044717
 1632.000000 0.038891
 1633.000000 0.039998
 1634.000000 0.041714
 1635.000000 0.030473
 1636.000000 0.041099
 1637.000000 0.050929
 1638.000000 0.055019
 1639.000000 0.036642
 1640.000000 0.048267
 1641.000000 0.033328
 1642.000000 0.036566
 1643.000000 0.044430
 1644.000000 0.035010
 1645.000000 0.034249
 1646.000000 0.054037
 1647.000000 0.031607
 1648.000000 0.046960
 1649.000000 0.041815
 1650.000000 0.030013
 1651.000000 0.027641
 1652.000000 0.042963
 1653.000000 0.035090
 1654.000000 0.036692
 1655.000000 0.043498
 1656.000000 0.038347
 1657.000000 0.042190
 1658.000000 0.053492
 1659.000000 0.033566
 1660.000000 0.028161
 1661.000000 0.045918
 1662.000000 0.045685
 1663.000000 0.038842
 1664.000000 0.040498
 1665.000000 0.031875
 1666.000000 0.045081
 1667.000000 0.040417
 1668.000000 0.039796
 1669.000000 0.048657
 1670.000000 0.039162
 1671.000000 0.034834
 1672.000000 0.033656
 1673.000000 0.044173
 1674.000000 0.046197
 1675.000000 0.047147
 1676.000000 0.040477
 1677.000000 0.042637
 1678.000000 0.043523
 1679.000000 0.036747
 1680.000000 0.051114
 1681.000000 0.034903
 1682.000000 0.045141
 1683.000000 0.036746
 1684.000000 0.050836
 1685.000000 0.032262
 1686.000000 0.037984
 1687.000000 0.035335
 1688.000000 0.032098
 1689.000000 0.044090
 1690.000000 0.045623
 1691.000000 0.045311
 1692.000000 0.046979
 1693.000000 0.040922
 1694.000000 0.043860
 1695.000000 0.038184
 1696.000000 0.047415
 1697.000000 0.027649
 1698.000000 0.046442
 1699.000000 0.044116
 1700.000000 0.049200
 1701.000000 0.043969
 1702.000000 0.033331
 1703.000000 0.040473
 1704.000000 0.036518
 1705.000000 0.024965
 1706.000000 0.032554
 1707.000000 0.035223
 1708.000000 0.051609
 1709.000000 0.042964
 1710.000000 0.025933
 1711.000000 0.019248
 1712.000000 0.037984
 1713.000000 0.039752
 1714.000000 0.039985
 1715.000000 0.035260
 1716.000000 0.046294
 1717.000000 0.028683
 1718.000000 0.035779
 1719.000000 0.044276
 1720.000000 0.040558
 1721.000000 0.039469
 1722.000000 0.031544
 1723.000000 0.042476
 1724.000000 0.039794
 1725.000000 0.037958
 1726.000000 0.036952
 1727.000000 0.033204
 1728.000000 0.033743
 1729.000000 0.035310
 1730.000000 0.035691
 1731.000000 0.042990
 1732.000000 0.038688
 1733.000000 0.035089
 1734.000000 0.042461
 1735.000000 0.037832
 1736.000000 0.043258
 1737.000000 0.055259
 1738.000000 0.034608
 1739.000000 0.045152
 1740.000000 0.048729
 1741.000000 0.052588
 1742.000000 0.030066
 1743.000000 0.032265
 1744.000000 0.035267
 1745.000000 0.029590
 1746.000000 0.044960
 1747.000000 0.047231
 1748.000000 0.046687
 1749.000000 0.047834
 1750.000000 0.042900
 1751.000000 0.045010
 1752.000000 0.026870
 1753.000000 0.040672
 1754.000000 0.041725
 1755.000000 0.035907
 1756.000000 0.035026
 1757.000000 0.041204
 1758.000000 0.038754
 1759.000000 0.029603
 1760.000000 0.030322
 1761.000000 0.049317
 1762.000000 0.036910
 1763.000000 0.036127
 1764.000000 0.056133
 1765.000000 0.048061
 1766.000000 0.035168
 1767.000000 0.038631
 1768.000000 0.039066
 1769.000000 0.038671
 1770.000000 0.045603
 1771.000000 0.036572
 1772.000000 0.031729
 1773.000000 0.044437
 1774.000000 0.048428
 1775.000000 0.040262
 1776.000000 0.034812
 1777.000000 0.036978
 1778.000000 0.043807
 1779.000000 0.029598
 1780.000000 0.043678
 1781.000000 0.026078
 1782.000000 0.032434
 1783.000000 0.041993
 1784.000000 0.046328
 1785.000000 0.046362
 1786.000000 0.038920
 1787.000000 0.035764
 1788.000000 0.048009
 1789.000000 0.042044
 1790.000000 0.046439
 1791.000000 0.038935
 1792.000000 0.043326
 1793.000000 0.034889
 1794.000000 0.038589
 1795.000000 0.044245
 1796.000000 0.023634
 1797.000000 0.050079
 1798.000000 0.040149
 1799.000000 0.041057
 1800.000000 0.039782
 1801.000000 0.036006
 1802.000000 0.054698
 1803.000000 0.039329
 1804.000000 0.043575
 1805.000000 0.030988
 1806.000000 0.038033
 1807.000000 0.040306
 1808.000000 0.050564
 1809.000000 0.038119
 1810.000000 0.043361
 1811.000000 0.030590
 1812.000000 0.042546
 1813.000000 0.045758
 1814.000000 0.025592
 1815.000000 0.046603
 1816.000000 0.037623
 1817.000000 0.036753
 1818.000000 0.041122
 1819.000000 0.038579
 1820.000000 0.037601
 1821.000000 0.027979
 1822.000000 0.045719
 1823.000000 0.047087
 1824.000000 0.044125
 1825.000000 0.049401
 1826.000000 0.051306
 1827.000000 0.039449
 1828.000000 0.040777
 1829.000000 0.044787
 1830.000000 0.042017
 1831.000000 0.046133
 1832.000000 0.031995
 1833.000000 0.038258
 1834.000000 0.047401
 1835.000000 0.031291
 1836.000000 0.046158
 1837.000000 0.037256
 1838.000000 0.043729
 1839.000000 0.037240
 1840.000000 0.035745
 1841.000000 0.033590
 1842.000000 0.035167
 1843.000000 0.037999
 1844.000000 0.035370
 1845.000000 0.045346
 1846.000000 0.055419
 1847.000000 0.037715
 1848.000000 0.045482
 1849.000000 0.039595
 1850.000000 0.030999
 1851.000000 0.038079
 1852.000000 0.038766
 1853.000000 0.031704
 1854.000000 0.041513
 1855.000000 0.035069
 1856.000000 0.040525
 1857.000000 0.036717
 1858.000000 0.045080
 1859.000000 0.046045
 1860.000000 0.033505
 1861.000000 0.047480
 1862.000000 0.047655
 1863.000000 0.031846
 1864.000000 0.045707
 1865.000000 0.036737
 1866.000000 0.042687
 1867.000000 0.025581
 1868.000000 0.035956
 1869.000000 0.042616
 1870.000000 0.027972
 1871.000000 0.033041
 1872.000000 0.037842
 1873.000000 0.034826
 1874.000000 0.046821
 1875.000000 0.034924
 1876.000000 0.045169
 1877.000000 0.050469
 1878.000000 0.043555
 1879.000000 0.036095
 1880.000000 0.038594
 1881.000000 0.038611
 1882.000000 0.035271
 1883.000000 0.029468
 1884.000000 0.032648
 1885.000000 0.032161
 1886.000000 0.036865
 1887.000000 0.050822
 1888.000000 0.041511
 1889.000000 0.049732
 1890.000000 0.042773
 1891.000000 0.049500
 1892.000000 0.048090
 1893.000000 0.039411
 1894.000000 0.036961
 1895.000000 0.028489
 1896.000000 0.041341
 1897.000000 0.034066
 1898.000000 0.040681
 1899.000000 0.031330
 1900.000000 0.046756
 1901.000000 0.033248
 1902.000000 0.035397
 1903.000000 0.038729
 1904.000000 0.031136
 1905.000000 0.036461
 1906.000000 0.033500
 1907.000000 0.042847
 1908.000000 0.035402
 1909.000000 0.035247
 1910.000000 0.042648
 1911.000000 0.053926
 1912.000000 0.043774
 1913.000000 0.036522
 1914.000000 0.030243
 1915.000000 0.048803
 1916.000000 0.041849
 1917.000000 0.044115
 1918.000000 0.049836
 1919.000000 0.036215
 1920.000000 0.060946
 1921.000000 0.035186
 1922.000000 0.035292
 1923.000000 0.038115
 1924.000000 0.042439
 1925.000000 0.045865
 1926.000000 0.044280
 1927.000000 0.041230
 1928.000000 0.041668
 1929.000000 0.045114
 1930.000000 0.041657
 1931.000000 0.038297
 1932.000000 0.036895
 1933.000000 0.031648
 1934.000000 0.032794
 1935.000000 0.036587
 1936.000000 0.041615
 1937.000000 0.047250
 1938.000000 0.054479
 1939.000000 0.027394
 1940.000000 0.038862
 1941.000000 0.035989
 1942.000000 0.042154
 1943.000000 0.034239
 1944.000000 0.042151
 1945.000000 0.035366
 1946.000000 0.040262
 1947.000000 0.053103
 1948.000000 0.042613
 1949.000000 0.047842
 1950.000000 0.040654
 1951.000000 0.037992
 1952.000000 0.044712
 1953.000000 0.039921
 1954.000000 0.037773
 1955.000000 0.037668
 1956.000000 0.039420
 1957.000000 0.041700
 1958.000000 0.037406
 1959.000000 0.046248
 1960.000000 0.041294
 1961.000000 0.041931
 1962.000000 0.040357
 1963.000000 0.037411
 1964.000000 0.038875
 1965.000000 0.030312
 1966.000000 0.030974
 1967.000000 0.041635
 1968.000000 0.040086
 1969.000000 0.041907
 1970.000000 0.037822
 1971.000000 0.049608
 1972.000000 0.035875
 1973.000000 0.033512
 1974.000000 0.026297
 1975.000000 0.035775
 1976.000000 0.045954
 1977.000000 0.041309
 1978.000000 0.041209
 1979.000000 0.035797
 1980.000000 0.042038
 1981.000000 0.038057
 1982.000000 0.033108
 1983.000000 0.043959
 1984.000000 0.043074
 1985.000000 0.039892
 1986.000000 0.038301
 1987.000000 0.037880
 1988.000000 0.037343
 1989.000000 0.036332
 1990.000000 0.035080
 1991.000000 0.025096
 1992.000000 0.041416
 1993.000000 0.041288
 1994.000000 0.048422
 1995.000000 0.034646
 1996.000000 0.038714
 1997.000000 0.041538
 1998.000000 0.046972
 1999.000000 0.042681
 2000.000000 0.038053
