#! FIELDS time d1 coord
 0.000000 0.038053 1.000000
 10.000000 0.076747 1.000000
 20.000000 0.058074 1.000000
 30.000000 0.059072 1.000000
 40.000000 0.104095 1.000000
 50.000000 0.009941 1.000000
 60.000000 0.109378 1.000000
 70.000000 0.046730 1.000000
 80.000000 0.031224 1.000000
 90.000000 0.054155 1.000000
 100.000000 0.020948 1.000000
 110.000000 0.058240 1.000000
 120.000000 0.034599 1.000000
 130.000000 0.009253 1.000000
 140.000000 0.025344 1.000000
 150.000000 0.033877 1.000000
 160.000000 0.058991 1.000000
 170.000000 0.043931 1.000000
 180.000000 0.032008 1.000000
 190.000000 0.101095 1.000000
 200.000000 0.089445 1.000000
 210.000000 0.074280 1.000000
 220.000000 0.087657 1.000000
 230.000000 0.065058 1.000000
 240.000000 0.029632 1.000000
 250.000000 0.029243 1.000000
 260.000000 0.060742 1.000000
 270.000000 0.021625 1.000000
 280.000000 0.078694 1.000000
 290.000000 0.086852 1.000000
 300.000000 0.210453 1.000000
 310.000000 0.180966 1.000000
 320.000000 0.112578 1.000000
 330.000000 0.035211 1.000000
 340.000000 0.037496 1.000000
 350.000000 0.026982 1.000000
 360.000000 0.029822 1.000000
 370.000000 0.035225 1.000000
 380.000000 0.073536 1.000000
 390.000000 0.049653 1.000000
 400.000000 0.045432 1.000000
 410.000000 0.077519 1.000000
 420.000000 0.072362 1.000000
 430.000000 0.106585 1.000000
 440.000000 0.104833 1.000000
 450.000000 0.126947 1.000000
 460.000000 0.104041 1.000000
 470.000000 0.208806 1.000000
 480.000000 0.193480 1.000000
 490.000000 0.190865 1.000000
 500.000000 0.257889 1.000000
 510.000000 0.202556 1.000000
 520.000000 0.219984 1.000000
 530.000000 0.222433 1.000000
 540.000000 0.259215 1.000000
 550.000000 0.274086 0.999935
 560.000000 0.235935 1.000000
 570.000000 0.140597 1.000000
 580.000000 0.350227 0.746552
 590.000000 0.223980 1.000000
 600.000000 0.185606 1.000000
 610.000000 0.206385 1.000000
 620.000000 0.157436 1.000000
 630.000000 0.179756 1.000000
 640.000000 0.293120 0.997852
 650.000000 0.534466 0.005604
 660.000000 0.379934 0.382910
 670.000000 0.462382 0.031512
 680.000000 0.443831 0.053305
 690.000000 0.360017 0.627413
 700.000000 0.289992 0.998632
 710.000000 0.261735 0.999999
 720.000000 0.290972 0.998418
 730.000000 0.253586 1.000000
 740.000000 0.305131 0.990685
 750.000000 0.223299 1.000000
 760.000000 0.239580 1.000000
 770.000000 0.346382 0.788359
 780.000000 0.330707 0.915289
 790.000000 0.360498 0.621269
 800.000000 0.339522 0.852962
 810.000000 0.278839 0.999807
 820.000000 0.304015 0.991751
 830.000000 0.487018 0.016563
 840.000000 0.575106 0.002523
 850.000000 0.831114 0.000078
 860.000000 1.022615 0.000014
 870.000000 0.938531 0.000028
 880.000000 0.802127 0.000105
 890.000000 1.477804 0.000001
