#! FIELDS time metad.acc
 0.000000 1.000000
 0.200000 1.000000
 0.400000 1.090715
 0.600000 1.283157
 0.800000 1.505971
 1.000000 1.811956
 1.200000 1.980508
 1.400000 2.416599
 1.600000 3.189992
 1.800000 3.510735
 2.000000 3.779908
 2.200000 4.065783
 2.400000 5.259907
 2.600000 6.214784
 2.800000 7.148442
 3.000000 8.612299
 3.200000 8.576418
 3.400000 9.372093
 3.600000 10.413012
 3.800000 10.944911
 4.000000 11.599590
 4.200000 13.090469
 4.400000 14.825598
 4.600000 15.859236
 4.800000 17.117209
 5.000000 18.103832
 5.200000 18.827659
 5.400000 22.193084
 5.600000 26.897415
 5.800000 26.971929
 6.000000 32.572458
 6.200000 37.545716
 6.400000 38.561566
 6.600000 41.265939
 6.800000 44.019582
 7.000000 46.391039
 7.200000 47.600281
 7.400000 53.414983
 7.600000 59.775247
 7.800000 62.758816
 8.000000 73.900961
 8.200000 82.141891
 8.400000 91.058352
 8.600000 99.483904
 8.800000 100.259441
 9.000000 118.690662
 9.200000 130.186561
 9.400000 130.030632
 9.600000 150.060946
 9.800000 158.002816
 10.000000 181.159485
 10.200000 193.182899
 10.400000 206.274806
 10.600000 224.820306
 10.800000 246.281590
 11.000000 273.453818
 11.200000 273.877126
 11.400000 307.086489
 11.600000 310.468341
 11.800000 305.911893
 12.000000 303.012340
 12.200000 300.773179
 12.400000 305.604983
 12.600000 371.197016
 12.800000 377.440095
 13.000000 383.729251
 13.200000 404.728738
 13.400000 473.167726
 13.600000 483.338046
 13.800000 509.156326
 14.000000 561.997563
 14.200000 588.602381
 14.400000 620.108812
 14.600000 641.961155
 14.800000 648.840551
 15.000000 705.411902
 15.200000 833.209804
 15.400000 850.290228
 15.600000 980.575595
 15.800000 1038.859815
 16.000000 1063.917618
 16.200000 1147.491025
 16.400000 1134.852439
 16.600000 1143.780834
 16.800000 1199.502456
 17.000000 1189.922893
 17.200000 1308.414691
 17.400000 1312.279757
 17.600000 1437.077307
 17.800000 1469.973039
 18.000000 1627.734644
 18.200000 1617.768933
 18.400000 1617.560783
 18.600000 1774.997098
 18.800000 1767.761460
 19.000000 1843.744542
 19.200000 2012.874148
 19.400000 2099.875978
 19.600000 2237.128458
 19.800000 2432.399537
 20.000000 2571.304898
 20.200000 2946.885834
 20.400000 3303.942155
 20.600000 3691.714836
 20.800000 3843.537481
 21.000000 4110.383151
 21.200000 4353.483511
 21.400000 4608.589465
 21.600000 4616.410105
 21.800000 4590.666086
 22.000000 4567.529059
 22.200000 4542.015935
 22.400000 4986.107213
 22.600000 4967.197263
 22.800000 5251.822630
 23.000000 5799.969496
 23.200000 6216.682604
 23.400000 6211.951747
 23.600000 6542.773205
 23.800000 7043.206351
 24.000000 7123.534973
 24.200000 7656.488407
 24.400000 7601.283713
 24.600000 8184.464933
 24.800000 8694.138779
 25.000000 8795.102200
 25.200000 9702.167244
 25.400000 10434.752775
 25.600000 10615.449346
 25.800000 11468.392652
 26.000000 12226.908824
 26.200000 13200.187650
 26.400000 14309.643472
 26.600000 15599.357195
 26.800000 15537.673020
 27.000000 15909.340972
 27.200000 17129.943582
 27.400000 17231.916122
 27.600000 17865.266518
 27.800000 18207.190352
 28.000000 18191.383271
 28.200000 18153.950055
 28.400000 18368.963059
 28.600000 18436.298444
 28.800000 18323.420723
 29.000000 19741.086072
 29.200000 19964.411978
 29.400000 19969.007717
 29.600000 19836.381714
 29.800000 19771.546395
 30.000000 20460.947001
 30.200000 21573.187189
 30.400000 23210.638627
 30.600000 23573.700811
 30.800000 25313.274293
 31.000000 25337.177910
 31.200000 27282.795703
 31.400000 28407.785604
 31.600000 28248.160478
 31.800000 28125.192747
 32.000000 29127.869754
 32.200000 32344.294730
 32.400000 35460.449164
 32.600000 36782.177998
 32.800000 39667.844857
 33.000000 41896.047019
 33.200000 42931.617490
 33.400000 45478.635243
 33.600000 45957.217782
 33.800000 45687.073167
 34.000000 45996.929545
 34.200000 45737.977183
 34.400000 45496.177994
 34.600000 46552.248467
 34.800000 48766.265763
 35.000000 52456.886807
 35.200000 54177.074350
 35.400000 59280.611511
 35.600000 59238.266695
 35.800000 59804.342257
 36.000000 64847.611319
 36.200000 70824.444495
 36.400000 74690.754518
 36.600000 74289.939781
 36.800000 73944.774841
 37.000000 75314.168737
 37.200000 78176.290030
 37.400000 79712.989617
 37.600000 82930.095002
 37.800000 88952.046463
 38.000000 90502.747100
 38.200000 99906.043993
 38.400000 109297.999016
 38.600000 113865.420190
 38.800000 113876.689885
 39.000000 113497.735933
 39.200000 113314.303877
 39.400000 117478.993132
 39.600000 116910.122735
 39.800000 120275.180850
 40.000000 123186.613261
 40.200000 130592.703478
 40.400000 134158.060522
 40.600000 140795.465302
 40.800000 148129.221040
 41.000000 159811.837367
 41.200000 170436.036020
 41.400000 183807.942082
 41.600000 189779.832816
 41.800000 198694.792602
 42.000000 203388.255744
 42.200000 213125.524147
 42.400000 212522.181803
 42.600000 217227.039593
 42.800000 230473.322716
 43.000000 238197.914932
 43.200000 248876.637382
 43.400000 259432.851212
 43.600000 266501.353670
 43.800000 273051.521298
 44.000000 276421.123245
 44.200000 275184.135723
 44.400000 273977.225545
 44.600000 272787.874836
 44.800000 271574.985769
 45.000000 278017.940565
 45.200000 281059.466804
 45.400000 282669.094258
 45.600000 288605.730722
 45.800000 302773.145255
 46.000000 313547.099766
 46.200000 319763.964758
 46.400000 327342.172219
 46.600000 326682.031240
 46.800000 325300.831906
 47.000000 324041.649462
 47.200000 334892.729412
 47.400000 338136.491210
 47.600000 336718.487948
 47.800000 335342.242548
 48.000000 340413.013252
 48.200000 339284.754259
 48.400000 337885.937017
 48.600000 337210.999485
 48.800000 350502.368879
 49.000000 352586.207513
 49.200000 364406.669415
 49.400000 376569.799895
 49.600000 389440.865544
 49.800000 405361.381225
 50.000000 408133.121066
 50.200000 420875.826938
 50.400000 428968.402911
 50.600000 427468.006427
 50.800000 441042.362873
 51.000000 453032.186793
 51.200000 454079.876626
 51.400000 452318.610924
 51.600000 450620.883786
 51.800000 448947.391247
 52.000000 447257.572859
 52.200000 445569.198634
 52.400000 444094.186902
 52.600000 451164.423093
 52.800000 459676.921712
 53.000000 465256.471513
 53.200000 464953.061351
 53.400000 467890.865728
 53.600000 466145.503055
 53.800000 464622.721304
 54.000000 463739.693236
 54.200000 475047.571649
 54.400000 473337.810449
 54.600000 475156.080631
 54.800000 476643.798686
 55.000000 481085.737346
 55.200000 479356.061682
 55.400000 485131.631610
 55.600000 497298.252334
 55.800000 503691.047231
 56.000000 513814.510723
 56.200000 518692.699561
 56.400000 528448.377121
 56.600000 536396.646127
 56.800000 546727.298306
 57.000000 560237.637841
 57.200000 566775.320377
 57.400000 577239.610922
 57.600000 582258.719955
 57.800000 591617.551464
 58.000000 600137.756282
 58.200000 610562.842913
 58.400000 613832.754474
 58.600000 614575.097418
 58.800000 619586.489529
 59.000000 631926.573607
 59.200000 644256.298181
 59.400000 660867.808414
 59.600000 673059.920264
 59.800000 671667.117919
 60.000000 681942.550358
 60.200000 681837.069306
 60.400000 688622.141186
 60.600000 697024.301087
 60.800000 694883.239494
 61.000000 703606.192205
 61.200000 714269.939237
 61.400000 725945.009068
 61.600000 736108.434570
 61.800000 745800.604492
 62.000000 758269.386406
 62.200000 765184.936825
 62.400000 780469.667855
 62.600000 793268.946520
 62.800000 807031.799174
 63.000000 818924.338419
 63.200000 830997.438114
 63.400000 837159.002834
 63.600000 851471.845746
 63.800000 856825.949837
 64.000000 874103.904363
 64.200000 884648.738424
 64.400000 895054.830844
 64.600000 904861.814717
 64.800000 911350.530981
 65.000000 917535.887581
 65.200000 918094.017972
 65.400000 923118.399644
 65.600000 923137.664968
 65.800000 939831.633656
 66.000000 940390.041584
 66.200000 945611.334164
 66.400000 949894.050679
 66.600000 961080.323358
 66.800000 958526.982980
 67.000000 965443.134868
 67.200000 962624.221987
 67.400000 959925.190198
 67.600000 960929.908861
 67.800000 973972.837965
 68.000000 972805.420005
 68.200000 978704.558984
 68.400000 993977.861071
 68.600000 1000133.184120
 68.800000 997504.681741
 69.000000 994645.296716
 69.200000 995766.264501
 69.400000 1000728.086440
 69.600000 1004754.285645
 69.800000 1015423.040829
 70.000000 1028206.146388
 70.200000 1036060.360838
 70.400000 1046519.186646
 70.600000 1052345.754438
 70.800000 1056032.872739
 71.000000 1068925.378364
 71.200000 1073336.287842
 71.400000 1082089.434126
 71.600000 1089785.135248
 71.800000 1086908.942391
 72.000000 1098033.504220
 72.200000 1110299.595576
 72.400000 1125060.232985
 72.600000 1133823.110976
 72.800000 1148150.579394
 73.000000 1155167.804339
 73.200000 1165139.002709
 73.400000 1167971.072575
 73.600000 1175195.710663
 73.800000 1179368.854722
 74.000000 1178738.909394
 74.200000 1185957.889413
 74.400000 1201452.284664
 74.600000 1214921.377916
 74.800000 1222741.071884
 75.000000 1237880.071509
 75.200000 1255275.567107
 75.400000 1266861.587100
 75.600000 1268959.798086
 75.800000 1268331.211774
 76.000000 1274136.806702
 76.200000 1282259.087220
 76.400000 1283468.093178
 76.600000 1280158.559937
 76.800000 1290302.090429
 77.000000 1297937.239291
 77.200000 1299620.809274
 77.400000 1296565.577694
 77.600000 1294010.341405
 77.800000 1290731.830421
 78.000000 1287449.688390
 78.200000 1284193.534343
 78.400000 1280949.110145
 78.600000 1286723.665696
 78.800000 1301600.577197
 79.000000 1304293.958461
 79.200000 1316862.780922
 79.400000 1329971.830947
 79.600000 1338027.764641
 79.800000 1346767.770805
 80.000000 1343443.677256
 80.200000 1343250.880760
 80.400000 1352248.041902
 80.600000 1365628.916532
 80.800000 1371167.047786
 81.000000 1381966.559498
 81.200000 1394427.797185
 81.400000 1402639.077056
 81.600000 1413582.381715
 81.800000 1421902.301409
 82.000000 1418706.538787
 82.200000 1419087.408430
 82.400000 1430850.849584
 82.600000 1433453.732525
 82.800000 1430003.375383
 83.000000 1435805.652160
 83.200000 1446386.910153
 83.400000 1445056.268130
 83.600000 1443525.904713
 83.800000 1440132.964703
 84.000000 1441809.173680
 84.200000 1450501.145817
 84.400000 1463407.075819
 84.600000 1479608.930170
 84.800000 1484816.610008
 85.000000 1495241.466320
 85.200000 1502894.505493
 85.400000 1506399.696328
 85.600000 1520187.076174
 85.800000 1533369.227298
 86.000000 1539759.572458
 86.200000 1537042.765674
 86.400000 1533567.662806
 86.600000 1530030.778904
 86.800000 1526779.771347
 87.000000 1524022.086198
 87.200000 1520582.058071
 87.400000 1517206.971948
 87.600000 1513893.161033
 87.800000 1524199.043157
 88.000000 1540026.961233
 88.200000 1546772.361374
 88.400000 1561839.102869
 88.600000 1570783.629655
 88.800000 1582179.888287
 89.000000 1590243.627785
 89.200000 1589535.517427
 89.400000 1592194.951340
 89.600000 1588648.543507
 89.800000 1586115.355160
 90.000000 1587532.695946
 90.200000 1593462.486351
 90.400000 1590241.196744
 90.600000 1597836.198359
 90.800000 1606019.485827
 91.000000 1610036.229270
 91.200000 1620641.321313
 91.400000 1626487.678828
 91.600000 1631066.027359
 91.800000 1646077.094048
 92.000000 1652189.189897
 92.200000 1653212.882694
 92.400000 1652970.313840
 92.600000 1652687.062728
 92.800000 1666468.292214
 93.000000 1674452.479454
 93.200000 1681780.573850
 93.400000 1692385.929285
 93.600000 1692720.430762
 93.800000 1698385.425870
 94.000000 1703976.160011
 94.200000 1712316.628949
 94.400000 1713682.947966
 94.600000 1723725.846087
 94.800000 1726616.578768
 95.000000 1739418.742471
 95.200000 1743032.569368
 95.400000 1746255.417954
 95.600000 1746122.322217
 95.800000 1754323.269431
 96.000000 1750694.632006
 96.200000 1747141.175078
 96.400000 1744834.201677
 96.600000 1746205.516756
 96.800000 1755683.680227
 97.000000 1762797.793092
 97.200000 1760074.860603
 97.400000 1770306.269494
 97.600000 1780714.674357
 97.800000 1791409.760249
 98.000000 1796856.004038
 98.200000 1807003.695473
 98.400000 1818691.234507
 98.600000 1827413.311961
 98.800000 1824015.593234
 99.000000 1821307.545256
 99.200000 1821559.366826
 99.400000 1829478.434994
 99.600000 1832865.271913
 99.800000 1838846.658956
 100.000000 1836682.462261
 100.200000 1848606.413975
 100.400000 1853380.461340
 100.600000 1857089.006994
 100.800000 1863642.227245
 101.000000 1877792.395731
 101.200000 1880012.690810
 101.400000 1882510.016983
 101.600000 1888445.263135
 101.800000 1899577.029454
 102.000000 1910475.645581
 102.200000 1907433.549419
 102.400000 1907241.525290
 102.600000 1916181.878762
 102.800000 1917595.787751
 103.000000 1930084.823812
 103.200000 1941691.334365
 103.400000 1953137.671970
 103.600000 1952064.492619
 103.800000 1958711.037190
 104.000000 1964938.345306
 104.200000 1968353.714057
 104.400000 1978523.296151
 104.600000 1991162.872837
 104.800000 2002454.825693
 105.000000 2010628.330945
 105.200000 2018283.509605
 105.400000 2014553.202025
 105.600000 2010739.594504
 105.800000 2013314.344909
 106.000000 2020112.017316
 106.200000 2023298.737792
 106.400000 2029359.382457
 106.600000 2029077.766990
 106.800000 2030381.947199
 107.000000 2038914.668183
 107.200000 2050700.481914
 107.400000 2059686.966212
 107.600000 2058556.336259
 107.800000 2055064.473648
 108.000000 2058016.667960
 108.200000 2065003.637911
 108.400000 2075998.897200
 108.600000 2073817.296572
 108.800000 2070089.389753
 109.000000 2067678.752496
 109.200000 2079015.811037
 109.400000 2087806.171397
 109.600000 2100977.295977
 109.800000 2113797.446582
 110.000000 2111292.942972
 110.200000 2108781.213452
 110.400000 2112513.111405
 110.600000 2119849.200146
 110.800000 2120946.264578
 111.000000 2124282.094560
 111.200000 2120635.907373
 111.400000 2124672.475658
 111.600000 2132829.481731
 111.800000 2139571.846190
 112.000000 2140153.687953
 112.200000 2149661.810717
 112.400000 2159021.326460
 112.600000 2159523.759475
 112.800000 2170347.529542
 113.000000 2175279.027068
 113.200000 2186013.478181
 113.400000 2190610.488383
 113.600000 2203478.440093
 113.800000 2215570.643774
 114.000000 2223838.001105
 114.200000 2225233.592409
 114.400000 2228120.633497
 114.600000 2235256.724647
 114.800000 2238501.150831
 115.000000 2245307.568020
 115.200000 2245011.582377
 115.400000 2248884.680493
 115.600000 2253710.862713
 115.800000 2249932.554533
 116.000000 2250817.045978
 116.200000 2259376.707595
 116.400000 2261316.103527
 116.600000 2263975.563895
 116.800000 2265256.135585
 117.000000 2269843.554438
 117.200000 2276274.779587
 117.400000 2284490.888361
 117.600000 2290810.774948
 117.800000 2298708.437246
 118.000000 2303630.326766
 118.200000 2308343.361137
 118.400000 2313700.574147
 118.600000 2317315.529828
 118.800000 2330904.023529
 119.000000 2328671.043677
 119.200000 2324914.183835
 119.400000 2333663.521796
 119.600000 2341492.299391
 119.800000 2341270.529237
 120.000000 2343171.993863
 120.200000 2340936.079306
 120.400000 2337069.371769
 120.600000 2346106.553136
 120.800000 2347708.625913
 121.000000 2346441.791630
 121.200000 2352771.264427
 121.400000 2352206.116687
 121.600000 2356761.273229
 121.800000 2358833.148458
 122.000000 2358263.771651
 122.200000 2360519.321706
 122.400000 2364490.942838
 122.600000 2368041.821161
 122.800000 2373954.521003
 123.000000 2373479.985232
 123.200000 2381079.030166
 123.400000 2382662.310372
 123.600000 2391942.354648
 123.800000 2389319.448706
 124.000000 2401475.175946
 124.200000 2406480.818460
 124.400000 2412918.848520
 124.600000 2414075.767835
 124.800000 2419940.894182
 125.000000 2428869.212552
 125.200000 2428542.538727
 125.400000 2425679.853754
 125.600000 2435458.314641
 125.800000 2436039.306783
 126.000000 2432177.505542
 126.200000 2438080.553977
 126.400000 2442230.877159
 126.600000 2445622.376563
 126.800000 2442080.961100
 127.000000 2447836.023017
 127.200000 2455858.786106
 127.400000 2455335.969580
 127.600000 2460630.335646
 127.800000 2470066.837826
 128.000000 2469126.627442
 128.200000 2475534.308874
 128.400000 2476995.246430
 128.600000 2473836.672826
 128.800000 2470006.117225
 129.000000 2467644.554986
 129.200000 2470882.046087
 129.400000 2467063.685184
 129.600000 2463256.958577
 129.800000 2459718.184154
 130.000000 2455938.745675
 130.200000 2452167.972477
 130.400000 2448413.401258
 130.600000 2444665.050029
 130.800000 2440993.859086
 131.000000 2437406.337239
 131.200000 2433692.862984
 131.400000 2429991.422124
 131.600000 2426298.631382
 131.800000 2425651.688308
 132.000000 2421981.300571
 132.200000 2418561.968697
 132.400000 2417029.518982
 132.600000 2425876.845365
 132.800000 2433192.978061
 133.000000 2436586.749840
 133.200000 2433642.617695
 133.400000 2431068.537490
 133.600000 2437755.700972
 133.800000 2443444.135561
 134.000000 2446537.073233
 134.200000 2452203.678328
 134.400000 2454165.108800
 134.600000 2453064.526270
 134.800000 2449445.098799
 135.000000 2446117.095982
 135.200000 2451024.252574
 135.400000 2458493.815091
 135.600000 2465655.426677
 135.800000 2467715.510620
 136.000000 2466516.853620
 136.200000 2463182.318477
 136.400000 2459571.357080
 136.600000 2456088.599696
 136.800000 2452510.655368
 137.000000 2449238.456181
 137.200000 2449359.592422
 137.400000 2449864.870946
 137.600000 2446583.632802
 137.800000 2443038.596431
 138.000000 2442795.935243
 138.200000 2447718.884245
 138.400000 2444194.006310
 138.600000 2448670.743643
 138.800000 2456557.358997
 139.000000 2462395.145291
 139.200000 2468949.126970
 139.400000 2465624.503114
 139.600000 2462093.114744
 139.800000 2459507.686485
 140.000000 2467035.299520
 140.200000 2464364.733042
 140.400000 2460855.405598
 140.600000 2457355.005511
 140.800000 2454794.219992
 141.000000 2457510.811325
 141.200000 2465428.684460
 141.400000 2462055.907373
 141.600000 2460407.075685
 141.800000 2467779.041884
 142.000000 2468353.346457
 142.200000 2466547.248607
 142.400000 2472067.015167
 142.600000 2477575.723185
 142.800000 2481067.662306
 143.000000 2480952.048281
 143.200000 2477787.952754
 143.400000 2474376.510345
 143.600000 2470958.951672
 143.800000 2467524.997933
 144.000000 2464221.806948
 144.200000 2460805.131890
 144.400000 2457400.140859
 144.600000 2454002.618292
 144.800000 2450615.366147
 145.000000 2447235.425064
 145.200000 2443865.225720
 145.400000 2440505.144874
 145.600000 2437156.473299
 145.800000 2433822.272037
 146.000000 2430682.655029
 146.200000 2427637.937443
 146.400000 2424321.794619
 146.600000 2421118.423867
 146.800000 2417836.811189
 147.000000 2416181.925611
 147.200000 2414991.471234
 147.400000 2417997.647847
 147.600000 2422759.576276
 147.800000 2428335.302840
 148.000000 2430855.089604
 148.200000 2429180.809462
 148.400000 2428755.486225
 148.600000 2429395.337122
 148.800000 2429582.638108
 149.000000 2433637.175680
 149.200000 2431525.984585
 149.400000 2428307.158878
 149.600000 2425117.854503
 149.800000 2428151.703012
 150.000000 2425434.148996
 150.200000 2424295.507583
 150.400000 2430798.066360
 150.600000 2431155.909812
 150.800000 2428736.397173
 151.000000 2425965.447819
 151.200000 2422774.134529
 151.400000 2419644.758933
 151.600000 2422976.156201
 151.800000 2429929.846125
 152.000000 2428321.675735
 152.200000 2425133.597195
 152.400000 2429259.401963
 152.600000 2431395.393772
 152.800000 2431680.989665
 153.000000 2434844.167526
 153.200000 2436083.044401
 153.400000 2438865.995629
 153.600000 2436057.314123
 153.800000 2432890.203104
 154.000000 2429890.830400
 154.200000 2426860.003476
 154.400000 2423740.941943
 154.600000 2420640.314265
 154.800000 2417719.590360
 155.000000 2418740.176356
 155.200000 2415680.636421
 155.400000 2415984.393286
 155.600000 2412882.525157
 155.800000 2409785.528576
 156.000000 2406704.565921
 156.200000 2403653.607232
 156.400000 2401250.387238
 156.600000 2406966.015358
 156.800000 2414604.874031
 157.000000 2415025.082958
 157.200000 2418584.318672
 157.400000 2427517.339018
 157.600000 2428895.442342
 157.800000 2426846.487517
 158.000000 2433745.074230
 158.200000 2440793.221503
 158.400000 2448046.901339
 158.600000 2451901.210847
 158.800000 2449663.059839
 159.000000 2452346.827241
 159.200000 2451221.901516
 159.400000 2451566.078087
 159.600000 2448827.782287
 159.800000 2458377.800436
 160.000000 2464130.311849
 160.200000 2462476.808023
 160.400000 2459510.352686
 160.600000 2465341.890097
 160.800000 2475528.665958
 161.000000 2485640.434221
 161.200000 2489144.463675
 161.400000 2495034.092403
 161.600000 2502149.936400
 161.800000 2505353.787974
 162.000000 2512516.756991
 162.200000 2515254.923729
 162.400000 2517176.086526
 162.600000 2514344.733887
 162.800000 2521564.908548
 163.000000 2521971.857964
 163.200000 2526267.166564
 163.400000 2534868.456795
 163.600000 2536171.416517
 163.800000 2541290.883254
 164.000000 2550803.445366
 164.200000 2560081.851354
 164.400000 2565950.904784
 164.600000 2574836.423486
 164.800000 2572868.616727
 165.000000 2572903.936770
 165.200000 2570813.284504
 165.400000 2574883.673047
 165.600000 2572662.054911
 165.800000 2572961.434342
 166.000000 2572457.005807
 166.200000 2578059.768627
 166.400000 2583184.687184
 166.600000 2583477.572980
 166.800000 2584250.294010
 167.000000 2587835.774352
 167.200000 2596373.695745
 167.400000 2605404.515251
 167.600000 2614773.858293
 167.800000 2614967.170133
 168.000000 2612746.920154
 168.200000 2610358.203360
 168.400000 2621114.990057
 168.600000 2631552.244151
 168.800000 2639807.521889
 169.000000 2647231.358016
 169.200000 2652614.084906
 169.400000 2652187.883725
 169.600000 2652295.832729
 169.800000 2651660.413862
 170.000000 2659542.636448
 170.200000 2667531.906710
 170.400000 2669277.205572
 170.600000 2672845.042124
 170.800000 2681793.260523
 171.000000 2690046.996839
 171.200000 2699215.700755
 171.400000 2702327.217790
 171.600000 2705703.530231
 171.800000 2707892.048202
 172.000000 2708505.914440
 172.200000 2707832.526267
 172.400000 2715964.016770
 172.600000 2722334.170321
 172.800000 2730399.112471
 173.000000 2731800.930968
 173.200000 2738393.921738
 173.400000 2742985.613269
 173.600000 2748199.539293
 173.800000 2753805.429913
 174.000000 2760423.855351
 174.200000 2768888.965066
 174.400000 2774987.784347
 174.600000 2781555.263469
 174.800000 2791125.637758
 175.000000 2792328.411224
 175.200000 2791537.655879
 175.400000 2799075.513225
 175.600000 2805991.775803
 175.800000 2814158.523909
 176.000000 2812778.430482
 176.200000 2818531.874247
 176.400000 2823720.571809
 176.600000 2822519.054218
 176.800000 2829702.509394
 177.000000 2835040.837556
 177.200000 2842649.830140
 177.400000 2844233.591253
 177.600000 2842163.567639
 177.800000 2839023.642851
 178.000000 2840439.502066
 178.200000 2839431.681556
 178.400000 2839137.307927
 178.600000 2842885.730900
 178.800000 2841084.507055
 179.000000 2841094.533381
 179.200000 2840303.798709
 179.400000 2843172.137615
 179.600000 2848673.285047
 179.800000 2850759.134821
 180.000000 2848992.260653
 180.200000 2849063.239079
 180.400000 2855035.738362
 180.600000 2864437.508584
 180.800000 2871312.837986
 181.000000 2875439.373707
 181.200000 2882478.371433
 181.400000 2882942.953548
 181.600000 2879808.279046
 181.800000 2877608.632839
 182.000000 2884615.318038
 182.200000 2886688.034028
 182.400000 2886305.780477
 182.600000 2886871.744893
 182.800000 2888553.631727
 183.000000 2888231.080479
 183.200000 2894161.516129
 183.400000 2900278.975873
 183.600000 2906467.617109
 183.800000 2916887.830162
 184.000000 2922808.970300
 184.200000 2928580.782745
 184.400000 2931195.052157
 184.600000 2932824.729963
 184.800000 2938785.708975
 185.000000 2941794.567267
 185.200000 2939377.130736
 185.400000 2936710.213425
 185.600000 2944435.383219
 185.800000 2948174.728977
 186.000000 2956139.427476
 186.200000 2958043.392472
 186.400000 2954902.758168
 186.600000 2951785.895695
 186.800000 2948626.032922
 187.000000 2945669.480526
 187.200000 2942820.589785
 187.400000 2942568.416882
 187.600000 2946788.008924
 187.800000 2951632.826070
 188.000000 2950935.626920
 188.200000 2958270.022788
 188.400000 2962154.255305
 188.600000 2961134.481782
 188.800000 2969978.940969
 189.000000 2974104.254906
 189.200000 2979967.783937
 189.400000 2977394.548638
 189.600000 2987117.527995
 189.800000 2991847.290814
 190.000000 2997495.681851
 190.200000 3001649.353333
 190.400000 3005518.580206
 190.600000 3005354.527660
 190.800000 3008922.262456
 191.000000 3015448.564205
 191.200000 3018325.481933
 191.400000 3028743.009514
 191.600000 3039430.409064
 191.800000 3046452.315401
 192.000000 3055811.021092
 192.200000 3068302.512812
 192.400000 3081593.385298
 192.600000 3085882.730696
 192.800000 3088303.456479
 193.000000 3085193.885270
 193.200000 3094403.677712
 193.400000 3104509.701631
 193.600000 3115757.891362
 193.800000 3121947.408441
 194.000000 3125146.457101
 194.200000 3135556.224254
 194.400000 3145130.454596
 194.600000 3148001.128899
 194.800000 3145442.221652
 195.000000 3142290.988167
 195.200000 3140447.203771
 195.400000 3137528.596648
 195.600000 3134321.124741
 195.800000 3131125.293850
 196.000000 3128285.575899
 196.200000 3136334.438689
 196.400000 3140127.938702
 196.600000 3144424.867511
 196.800000 3153040.461065
 197.000000 3151998.110953
 197.200000 3151469.672474
 197.400000 3149035.637951
 197.600000 3145848.371809
 197.800000 3142667.629581
 198.000000 3139494.252869
 198.200000 3136333.638887
 198.400000 3142411.799027
 198.600000 3144690.276447
 198.800000 3142425.128364
 199.000000 3152330.067937
 199.200000 3154722.293450
 199.400000 3161798.411097
 199.600000 3163061.410840
 199.800000 3160919.219199
 200.000000 3158049.109215
 200.200000 3164728.322668
 200.400000 3168111.251526
 200.600000 3165726.206042
 200.800000 3163060.847436
 201.000000 3163704.423405
 201.200000 3161147.385824
 201.400000 3165217.879812
 201.600000 3165583.664333
 201.800000 3164586.270332
 202.000000 3165543.211803
 202.200000 3168664.079210
 202.400000 3167554.484829
 202.600000 3170160.339972
 202.800000 3168660.931787
 203.000000 3167129.054430
 203.200000 3164014.618896
 203.400000 3172496.176627
 203.600000 3180439.566696
 203.800000 3188894.163478
 204.000000 3190629.171564
 204.200000 3189563.396355
 204.400000 3200487.183914
 204.600000 3209890.292531
 204.800000 3206960.037535
 205.000000 3209374.313430
 205.200000 3215623.710859
 205.400000 3217163.977323
 205.600000 3222199.702937
 205.800000 3226549.103219
 206.000000 3234904.746540
 206.200000 3237413.205346
 206.400000 3246279.826201
 206.600000 3252502.439928
 206.800000 3255617.308292
 207.000000 3264315.752886
 207.200000 3266330.148305
 207.400000 3266326.910987
 207.600000 3269652.548799
 207.800000 3276488.031394
 208.000000 3275666.695482
 208.200000 3280697.575643
 208.400000 3283484.275388
 208.600000 3290060.579906
 208.800000 3291424.223491
 209.000000 3288844.845367
 209.200000 3290163.333312
 209.400000 3287391.366702
 209.600000 3291583.288134
 209.800000 3292373.110397
 210.000000 3290158.657971
 210.200000 3297625.798363
 210.400000 3303218.674372
 210.600000 3312369.721263
 210.800000 3315008.423682
 211.000000 3315107.256235
 211.200000 3317980.028917
 211.400000 3331068.369616
 211.600000 3336697.762282
 211.800000 3338206.151660
 212.000000 3347803.187721
 212.200000 3354374.926400
 212.400000 3353330.261558
 212.600000 3357635.848243
 212.800000 3365469.249731
 213.000000 3367089.623968
 213.200000 3377770.508427
 213.400000 3377937.321172
 213.600000 3381795.894243
 213.800000 3383078.241123
 214.000000 3380769.911676
 214.200000 3381969.320513
 214.400000 3381233.945912
 214.600000 3384629.712684
 214.800000 3386966.906771
 215.000000 3387351.834873
 215.200000 3384249.216982
 215.400000 3381160.271586
 215.600000 3379334.717935
 215.800000 3380636.802361
 216.000000 3382440.990530
 216.200000 3379560.243877
 216.400000 3381433.391235
 216.600000 3385825.415720
 216.800000 3388168.656049
 217.000000 3395918.596658
 217.200000 3393580.166419
 217.400000 3396472.554783
 217.600000 3396753.670093
 217.800000 3401734.873560
 218.000000 3404523.700385
 218.200000 3409243.411704
 218.400000 3414068.752337
 218.600000 3418809.161506
 218.800000 3415711.545228
 219.000000 3412613.156444
 219.200000 3409516.824054
 219.400000 3412197.823280
 219.600000 3413810.274070
 219.800000 3417218.249546
 220.000000 3420136.595721
 220.200000 3417032.666653
 220.400000 3413931.950343
 220.600000 3410890.739820
 220.800000 3409082.510031
 221.000000 3411361.898815
 221.200000 3420542.063142
 221.400000 3427246.218945
 221.600000 3430568.927353
 221.800000 3436242.381120
 222.000000 3441895.510556
 222.200000 3439723.771183
 222.400000 3446296.438461
 222.600000 3455613.321844
 222.800000 3462850.451324
 223.000000 3461389.270657
 223.200000 3470493.306850
 223.400000 3480968.397486
 223.600000 3490158.347643
 223.800000 3487242.060923
 224.000000 3484235.891230
 224.200000 3481152.258518
 224.400000 3478095.366971
 224.600000 3479729.759288
 224.800000 3480962.800343
 225.000000 3481296.940612
 225.200000 3483659.228474
 225.400000 3480604.279975
 225.600000 3480380.102538
 225.800000 3479575.287761
 226.000000 3480430.643324
 226.200000 3483687.140449
 226.400000 3480620.012216
 226.600000 3477953.320295
 226.800000 3477995.213903
 227.000000 3474957.819134
 227.200000 3471938.493455
 227.400000 3473720.157571
 227.600000 3480541.608454
 227.800000 3491239.989836
 228.000000 3498742.681133
 228.200000 3504580.057708
 228.400000 3511020.871875
 228.600000 3517623.017735
 228.800000 3524283.317412
 229.000000 3523851.234778
 229.200000 3526843.778826
 229.400000 3531876.401537
 229.600000 3538011.104611
 229.800000 3549109.066151
 230.000000 3560677.600503
 230.200000 3568419.335510
 230.400000 3571926.267316
 230.600000 3584685.995099
 230.800000 3592399.082958
 231.000000 3596391.554164
 231.200000 3606415.385408
 231.400000 3615718.187110
 231.600000 3622953.335080
 231.800000 3627445.617558
 232.000000 3638633.097403
 232.200000 3636847.938657
 232.400000 3638898.030433
 232.600000 3647594.655425
 232.800000 3649663.290432
 233.000000 3653664.130850
 233.200000 3665948.858617
 233.400000 3676220.682153
 233.600000 3682117.941854
 233.800000 3683839.639187
 234.000000 3682180.433819
 234.200000 3684564.062915
 234.400000 3692339.420604
 234.600000 3697024.516881
 234.800000 3707139.305347
 235.000000 3712626.554692
 235.200000 3711078.521084
 235.400000 3710446.256674
 235.600000 3707376.336038
 235.800000 3708645.777769
 236.000000 3715206.564563
 236.200000 3712253.300638
 236.400000 3711652.817133
 236.600000 3717076.226031
 236.800000 3723866.617801
 237.000000 3723787.693852
 237.200000 3727018.488498
 237.400000 3725978.269837
 237.600000 3724929.512628
 237.800000 3733038.953290
 238.000000 3743229.597158
 238.200000 3745523.855100
 238.400000 3755317.678648
 238.600000 3764936.536315
 238.800000 3774552.734883
 239.000000 3777026.513626
 239.200000 3777453.833576
 239.400000 3785516.950031
 239.600000 3783740.005839
 239.800000 3780586.456941
 240.000000 3777436.039185
 240.200000 3774290.845911
 240.400000 3771151.067298
 240.600000 3768040.504956
 240.800000 3767175.665281
 241.000000 3764239.626405
 241.200000 3761158.989145
 241.400000 3764573.535349
 241.600000 3766226.287837
 241.800000 3763116.544454
 242.000000 3760277.721846
 242.200000 3762271.977342
 242.400000 3773016.456914
 242.600000 3772252.230408
 242.800000 3770234.902583
 243.000000 3767852.389554
 243.200000 3764790.268649
 243.400000 3761696.849709
 243.600000 3758612.599686
 243.800000 3755851.649804
 244.000000 3756013.655828
 244.200000 3763259.606975
 244.400000 3763632.223085
 244.600000 3761159.186144
 244.800000 3766043.667913
 245.000000 3763319.060680
 245.200000 3763434.721986
 245.400000 3769346.428509
 245.600000 3766479.433715
 245.800000 3763417.251362
 246.000000 3760382.098499
 246.200000 3760097.962366
 246.400000 3758156.026555
 246.600000 3764757.620398
 246.800000 3761708.542438
 247.000000 3760968.117582
 247.200000 3760690.177197
 247.400000 3762723.043787
 247.600000 3759696.420268
 247.800000 3762273.184897
 248.000000 3761533.620128
 248.200000 3759563.594635
 248.400000 3757127.131398
 248.600000 3755882.437853
 248.800000 3753090.952503
 249.000000 3752881.072700
 249.200000 3750026.160022
 249.400000 3751427.395122
 249.600000 3755955.898395
 249.800000 3767249.663193
 250.000000 3775752.885871
 250.200000 3773918.807453
 250.400000 3775306.852575
 250.600000 3779959.466812
 250.800000 3787692.957514
 251.000000 3786591.725007
 251.200000 3790423.678777
 251.400000 3799210.159780
 251.600000 3803951.759284
 251.800000 3802919.187350
 252.000000 3807556.349196
 252.200000 3806115.858167
 252.400000 3808390.390632
 252.600000 3817871.020374
 252.800000 3828552.732145
 253.000000 3827995.520529
 253.200000 3828457.662560
 253.400000 3835178.464247
 253.600000 3836584.495218
 253.800000 3836558.374372
 254.000000 3842238.541236
 254.200000 3840705.210462
 254.400000 3837753.471540
 254.600000 3834800.558793
 254.800000 3832007.292246
 255.000000 3830848.221394
 255.200000 3833502.680150
 255.400000 3833018.983269
 255.600000 3835202.544512
 255.800000 3832661.906680
 256.000000 3844485.489908
 256.200000 3850214.778674
 256.400000 3850332.315303
 256.600000 3850344.345481
 256.800000 3862282.649290
 257.000000 3872993.344337
 257.200000 3883904.850916
 257.400000 3886312.563055
 257.600000 3884739.302103
 257.800000 3894956.178144
 258.000000 3898369.012657
 258.200000 3905396.536969
 258.400000 3909211.180175
 258.600000 3913442.169183
 258.800000 3917400.242117
 259.000000 3920411.840334
 259.200000 3924830.293174
 259.400000 3930941.830899
 259.600000 3938412.937444
 259.800000 3942298.009583
 260.000000 3947372.204597
 260.200000 3959011.816295
 260.400000 3962632.814558
 260.600000 3967354.681432
 260.800000 3972865.465483
 261.000000 3971538.569459
 261.200000 3968777.244813
 261.400000 3975702.611248
 261.600000 3987478.166153
 261.800000 3993821.568648
 262.000000 3994508.214569
 262.200000 4000613.435049
 262.400000 4010633.853719
 262.600000 4010313.746931
 262.800000 4007330.151550
 263.000000 4008780.621204
 263.200000 4005800.314817
 263.400000 4003846.321700
 263.600000 4006438.148327
 263.800000 4008395.965315
 264.000000 4013410.719690
 264.200000 4011198.758570
 264.400000 4017894.398335
 264.600000 4026180.908396
 264.800000 4034638.412286
 265.000000 4041794.048207
 265.200000 4047999.232732
 265.400000 4048517.836716
 265.600000 4050079.593665
 265.800000 4055839.251420
 266.000000 4056063.421325
 266.200000 4053070.158767
 266.400000 4051554.065963
 266.600000 4051818.595846
 266.800000 4049041.457226
 267.000000 4050545.742127
 267.200000 4054964.230472
 267.400000 4055109.835530
 267.600000 4052079.178899
 267.800000 4049057.854924
 268.000000 4046037.775467
 268.200000 4043020.604650
 268.400000 4040007.977889
 268.600000 4036999.978651
 268.800000 4034001.738880
 269.000000 4031020.331882
 269.200000 4028026.847066
 269.400000 4025040.347463
 269.600000 4022056.717937
 269.800000 4019102.102725
 270.000000 4016126.122609
 270.200000 4013153.421883
 270.400000 4010185.137340
 270.600000 4007223.320136
 270.800000 4004263.860366
 271.000000 4001308.771086
 271.200000 3998357.970731
 271.400000 3995411.627407
 271.600000 3992470.947968
 271.800000 3989535.240686
 272.000000 3986624.866438
 272.200000 3983695.709083
 272.400000 3980770.900175
 272.600000 3977851.170388
 272.800000 3974934.917718
 273.000000 3972022.912694
 273.200000 3969117.985750
 273.400000 3966214.543619
 273.600000 3963315.457606
 273.800000 3960420.447669
 274.000000 3957529.663172
 274.200000 3954643.088102
 274.400000 3951761.317789
 274.600000 3948883.160050
 274.800000 3946009.283041
 275.000000 3943139.563557
 275.200000 3940278.986306
 275.400000 3937417.584965
 275.600000 3934560.649611
 275.800000 3931708.808830
 276.000000 3928860.190406
 276.200000 3926015.606149
 276.400000 3923175.505759
 276.600000 3920338.895920
 276.800000 3917506.334531
 277.000000 3914677.894838
 277.200000 3911853.879688
 277.400000 3909033.589076
 277.600000 3906220.541012
 277.800000 3903408.353968
 278.000000 3900600.260132
 278.200000 3897796.298360
 278.400000 3894996.369780
 278.600000 3892200.489949
 278.800000 3889408.637038
 279.000000 3886623.866103
 279.200000 3883839.766624
 279.400000 3881059.656202
 279.600000 3878283.546142
 279.800000 3875511.410492
 280.000000 3872743.207690
 280.200000 3869978.957254
 280.400000 3867218.763878
 280.600000 3864462.558681
 280.800000 3861710.158776
 281.000000 3858961.694717
 281.200000 3856217.176411
 281.400000 3853476.471538
 281.600000 3850739.638148
 281.800000 3848006.702116
 282.000000 3845277.649388
 282.200000 3842567.548888
 282.400000 3839848.115787
 282.600000 3837136.195998
 282.800000 3834422.553641
 283.000000 3831715.523735
 283.200000 3829009.555334
 283.400000 3826307.455902
 283.600000 3823609.109600
 283.800000 3820915.445206
 284.000000 3818226.237317
 284.200000 3815539.256882
 284.400000 3812856.050755
 284.600000 3810176.616254
 284.800000 3807507.685555
 285.000000 3804835.771982
 285.200000 3802171.626750
 285.400000 3799507.198813
 285.600000 3796846.482049
 285.800000 3794189.603461
 286.000000 3791536.447971
 286.200000 3788887.054033
 286.400000 3786243.573663
 286.600000 3783601.515223
 286.800000 3780963.175431
 287.000000 3778330.049720
 287.200000 3775699.041350
 287.400000 3773072.283014
 287.600000 3770448.551266
 287.800000 3767828.465641
 288.000000 3765211.933422
 288.200000 3762603.328244
 288.400000 3759997.598007
 288.600000 3757399.935450
 288.800000 3754797.916808
 289.000000 3752199.878285
 289.200000 3749605.145682
 289.400000 3747014.716669
 289.600000 3744434.399969
 289.800000 3741850.335187
 290.000000 3739269.859509
 290.200000 3736692.849305
 290.400000 3734122.489445
 290.600000 3731552.906595
 290.800000 3728987.481540
 291.000000 3726424.771752
 291.200000 3723865.528764
 291.400000 3721310.115551
 291.600000 3718757.847795
 291.800000 3716209.153571
 292.000000 3713663.855296
 292.200000 3711122.165704
 292.400000 3708586.063107
 292.600000 3706052.508121
 292.800000 3703521.080792
 293.000000 3700993.136333
 293.200000 3698468.621592
 293.400000 3695947.624778
 293.600000 3693433.554864
 293.800000 3690919.385761
 294.000000 3688408.604384
 294.200000 3685901.324568
 294.400000 3683401.658924
 294.600000 3680901.769590
 294.800000 3678405.062233
 295.000000 3675915.581341
 295.200000 3673428.158854
 295.400000 3670942.514094
 295.600000 3668458.805354
 295.800000 3665979.058734
 296.000000 3663502.064123
 296.200000 3661028.494789
 296.400000 3658558.227486
 296.600000 3656091.847034
 296.800000 3653628.182586
 297.000000 3651167.898251
 297.200000 3648710.864774
 297.400000 3646257.352802
 297.600000 3643806.960359
 297.800000 3641359.816761
 298.000000 3638915.972013
 298.200000 3636475.500275
 298.400000 3634038.189319
 298.600000 3631604.155330
 298.800000 3629173.400021
 299.000000 3626745.872138
 299.200000 3624321.626901
 299.400000 3621904.787769
 299.600000 3619486.965256
 299.800000 3617072.380545
 300.000000 3614661.022804
 300.200000 3612253.385729
 300.400000 3609848.873995
 300.600000 3607449.391143
 300.800000 3605050.862838
 301.000000 3602655.495449
 301.200000 3600263.409508
 301.400000 3597874.714651
 301.600000 3595488.972736
 301.800000 3593106.842551
 302.000000 3590727.378405
 302.200000 3588351.209599
 302.400000 3585977.968468
 302.600000 3583607.986407
 302.800000 3581241.095440
 303.000000 3578879.403194
 303.200000 3576518.820601
 303.400000 3574162.846419
 303.600000 3572305.339570
 303.800000 3569964.856750
 304.000000 3567617.809894
 304.200000 3565272.333734
 304.400000 3562929.871357
 304.600000 3560670.015925
 304.800000 3558367.486320
 305.000000 3556036.178992
 305.200000 3553707.906921
 305.400000 3551382.020234
 305.600000 3549058.508943
 305.800000 3546743.076210
 306.000000 3544425.176946
 306.200000 3542111.152366
 306.400000 3539799.359458
 306.600000 3537493.020376
 306.800000 3535187.075176
 307.000000 3532885.276992
 307.200000 3530586.259062
 307.400000 3528290.373676
 307.600000 3525996.448964
 307.800000 3523705.374151
 308.000000 3521417.387631
 308.200000 3519132.618607
 308.400000 3516858.527938
 308.600000 3514586.295715
 308.800000 3512310.145651
 309.000000 3510036.853004
 309.200000 3507766.708315
 309.400000 3505499.379172
 309.600000 3503261.086619
 309.800000 3500999.865753
 310.000000 3498742.040624
 310.200000 3496494.569661
 310.400000 3494242.443625
 310.600000 3491992.548477
 310.800000 3489745.473381
 311.000000 3487501.267493
 311.200000 3485259.954631
 311.400000 3483021.524960
 311.600000 3480785.973750
 311.800000 3478553.305100
 312.000000 3476323.483440
 312.200000 3474096.503621
 312.400000 3471872.443982
 312.600000 3469651.170204
 312.800000 3467432.921564
 313.000000 3465217.325608
 313.200000 3463004.548984
 313.400000 3460794.719560
 313.600000 3458590.121508
 313.800000 3456393.202972
 314.000000 3454192.471301
 314.200000 3451993.925085
 314.400000 3449798.166831
 314.600000 3447605.088066
 314.800000 3445419.367012
 315.000000 3443243.601266
 315.200000 3441063.553159
 315.400000 3438882.351872
 315.600000 3436707.882860
 315.800000 3434545.111246
 316.000000 3432374.512316
 316.200000 3430203.649934
 316.400000 3428035.657388
 316.600000 3425870.627120
 316.800000 3423708.417986
 317.000000 3421548.382365
 317.200000 3419391.485897
 317.400000 3417238.476685
 317.600000 3415086.689763
 317.800000 3412937.527225
 318.000000 3410796.900307
 318.200000 3408656.129836
 318.400000 3406528.409179
 318.600000 3404395.659355
 318.800000 3402259.913717
 319.000000 3400139.372690
 319.200000 3398009.458751
 319.400000 3395884.050474
 319.600000 3393759.264641
 319.800000 3391636.892489
 320.000000 3389517.143885
 320.200000 3387400.878952
 320.400000 3385286.501286
 320.600000 3383174.679088
 320.800000 3381065.984736
 321.000000 3378960.228581
 321.200000 3376856.461840
 321.400000 3374755.198641
 321.600000 3372656.551795
 321.800000 3370572.373660
 322.000000 3368481.096632
 322.200000 3366392.242410
 322.400000 3364304.349467
 322.600000 3362219.720973
 322.800000 3360136.798692
 323.000000 3358056.403374
 323.200000 3355979.316400
 323.400000 3353904.465456
 323.600000 3351833.057634
 323.800000 3349766.924149
 324.000000 3347699.825935
 324.200000 3345634.982642
 324.400000 3343572.410207
 324.600000 3341515.124947
 324.800000 3339457.967172
 325.000000 3337402.988905
 325.200000 3335357.639688
 325.400000 3333307.654430
 325.600000 3331260.344095
 325.800000 3329215.754470
 326.000000 3327180.351828
 326.200000 3325140.526864
 326.400000 3323104.467085
 326.600000 3321070.444846
 326.800000 3319038.026898
 327.000000 3317012.621690
 327.200000 3314985.798572
 327.400000 3312961.022597
 327.600000 3310938.564585
 327.800000 3308918.811218
 328.000000 3306906.872192
 328.200000 3304893.891296
 328.400000 3302881.191502
 328.600000 3300870.973408
 328.800000 3298864.199974
 329.000000 3296862.040985
 329.200000 3294865.512151
 329.400000 3292864.999683
 329.600000 3290866.958267
 329.800000 3288872.713970
 330.000000 3286880.172716
 330.200000 3284889.427917
 330.400000 3282901.913203
 330.600000 3280916.015598
 330.800000 3278940.134624
 331.000000 3276958.924544
 331.200000 3274981.096153
 331.400000 3273005.914153
 331.600000 3271033.736754
 331.800000 3269063.937899
 332.000000 3267094.771590
 332.200000 3265133.290807
 332.400000 3263174.481089
 332.600000 3261212.742852
 332.800000 3259253.108354
 333.000000 3257300.301096
 333.200000 3255347.905108
 333.400000 3253405.591122
 333.600000 3251455.261072
 333.800000 3249509.640628
 334.000000 3247565.338978
 334.200000 3245623.562359
 334.400000 3243682.576106
 334.600000 3241745.232310
 334.800000 3239833.316730
 335.000000 3237900.907565
 335.200000 3235969.171452
 335.400000 3234039.785112
 335.600000 3232112.953490
 335.800000 3230188.705965
 336.000000 3228266.069122
 336.200000 3226345.651647
 336.400000 3224427.500891
 336.600000 3222511.714474
 336.800000 3220598.136234
 337.000000 3218687.032946
 337.200000 3216777.984727
 337.400000 3214871.418804
 337.600000 3212970.141795
 337.800000 3211069.147192
 338.000000 3209169.332604
 338.200000 3207271.669180
 338.400000 3205378.793513
 338.600000 3203485.650195
 338.800000 3201594.832473
 339.000000 3199706.004475
 339.200000 3197819.468504
 339.400000 3195935.922347
 339.600000 3194057.732840
 339.800000 3192180.086431
 340.000000 3190417.558528
 340.200000 3188542.820439
 340.400000 3186672.020917
 340.600000 3184800.883780
 340.800000 3182937.874486
 341.000000 3181079.733523
 341.200000 3179217.764514
 341.400000 3177356.355501
 341.600000 3175496.596158
 341.800000 3173642.738317
 342.000000 3171788.916349
 342.200000 3169935.976643
 342.400000 3168085.393553
 342.600000 3166247.886316
 342.800000 3164405.500311
 343.000000 3162561.103876
 343.200000 3160718.199733
 343.400000 3158881.797277
 343.600000 3157046.168398
 343.800000 3155209.729168
 344.000000 3153377.616265
 344.200000 3151547.777530
 344.400000 3149722.535194
 344.600000 3147897.485254
 344.800000 3146072.735733
 345.000000 3144253.822978
 345.200000 3142460.219457
 345.400000 3140652.294493
 345.600000 3138837.921140
 345.800000 3137036.026827
 346.000000 3135224.716328
 346.200000 3133452.907701
 346.400000 3131743.847386
 346.600000 3129940.809692
 346.800000 3128181.861401
 347.000000 3126379.561605
 347.200000 3124588.373861
 347.400000 3122812.023749
 347.600000 3121026.096494
 347.800000 3119239.212961
 348.000000 3117472.310825
 348.200000 3115687.285788
 348.400000 3113913.963162
 348.600000 3112140.305175
 348.800000 3110367.813808
 349.000000 3108605.011374
 349.200000 3106841.925195
 349.400000 3105073.627717
 349.600000 3103306.472073
 349.800000 3101538.098610
 350.000000 3099766.020428
 350.200000 3098014.249501
 350.400000 3096248.598592
 350.600000 3094491.400338
 350.800000 3092738.226743
 351.000000 3090976.439859
 351.200000 3089221.616498
 351.400000 3087466.982304
 351.600000 3085721.434747
 351.800000 3083973.914512
 352.000000 3082222.480148
 352.200000 3080480.179023
 352.400000 3078744.134609
 352.600000 3076998.132831
 352.800000 3075253.847175
 353.000000 3073511.537110
 353.200000 3071775.201669
 353.400000 3070043.451518
 353.600000 3068354.992788
 353.800000 3066620.869416
 354.000000 3064900.188568
 354.200000 3063174.596512
 354.400000 3061452.423768
 354.600000 3059733.953043
 354.800000 3058009.322030
 355.000000 3056301.557133
 355.200000 3055105.058164
 355.400000 3053391.687117
 355.600000 3051701.155166
 355.800000 3049994.889219
 356.000000 3048282.668443
 356.200000 3046572.332087
 356.400000 3044863.121419
 356.600000 3043155.549821
 356.800000 3041453.558713
 357.000000 3039753.070699
 357.200000 3038052.016999
 357.400000 3036358.890299
 357.600000 3034661.253581
 357.800000 3032965.633911
 358.000000 3031271.816425
 358.200000 3029586.807304
 358.400000 3027902.254580
 358.600000 3026216.531125
 358.800000 3024530.175804
 359.000000 3022922.747799
 359.200000 3021245.601212
 359.400000 3019572.640894
 359.600000 3017894.372927
 359.800000 3016219.040787
 360.000000 3014544.528106
 360.200000 3012883.806292
 360.400000 3011217.458606
 360.600000 3009553.004742
 360.800000 3007909.142014
 361.000000 3006243.598193
 361.200000 3004579.396782
 361.400000 3002921.590172
 361.600000 3001265.109540
 361.800000 2999606.603256
 362.000000 2997949.731725
 362.200000 2996294.476012
 362.400000 2994641.677101
 362.600000 2992992.475470
 362.800000 2991348.306248
 363.000000 2989719.717811
 363.200000 2988076.866665
 363.400000 2986435.018877
 363.600000 2984793.308214
 363.800000 2983153.374746
 364.000000 2981520.830504
 364.200000 2979883.633189
 364.400000 2978249.541360
 364.600000 2976616.145094
 364.800000 2974988.946531
 365.000000 2973360.368266
 365.200000 2971737.331501
 365.400000 2970116.561688
 365.600000 2968496.839514
 365.800000 2966875.266901
 366.000000 2965254.829000
 366.200000 2963653.822555
 366.400000 2962039.107327
 366.600000 2960451.346859
 366.800000 2958839.768477
 367.000000 2957228.837869
 367.200000 2955635.905226
 367.400000 2954029.433871
 367.600000 2952422.700565
 367.800000 2950824.902714
 368.000000 2949227.569808
 368.200000 2947626.195398
 368.400000 2946027.108289
 368.600000 2944429.723470
 368.800000 2942833.817949
 369.000000 2941249.838857
 369.200000 2939661.670256
 369.400000 2938081.981744
 369.600000 2936501.226379
 369.800000 2934918.556575
 370.000000 2933344.842714
 370.200000 2931762.732482
 370.400000 2930194.831820
 370.600000 2928618.067164
 370.800000 2927041.203160
 371.000000 2925487.682807
 371.200000 2923923.217964
 371.400000 2922348.692815
 371.600000 2920776.135477
 371.800000 2919208.123411
 372.000000 2917643.948017
 372.200000 2916090.027732
 372.400000 2914529.923292
 372.600000 2912968.607263
 372.800000 2911412.733472
 373.000000 2909852.381305
 373.200000 2908307.581044
 373.400000 2906763.122972
 373.600000 2905224.184952
 373.800000 2903687.942915
 374.000000 2902141.614956
 374.200000 2900591.878823
 374.400000 2899047.855714
 374.600000 2897503.380702
 374.800000 2895960.437590
 375.000000 2894434.106382
 375.200000 2892894.446107
 375.400000 2891357.428102
 375.600000 2889838.692583
 375.800000 2888325.543176
 376.000000 2886789.375040
 376.200000 2885254.991909
 376.400000 2883722.682196
 376.600000 2882197.861846
 376.800000 2880674.400837
 377.000000 2879220.218293
 377.200000 2877712.208548
 377.400000 2876194.895392
 377.600000 2874696.574051
 377.800000 2873190.227070
 378.000000 2871671.314930
 378.200000 2870157.622722
 378.400000 2868640.811985
 378.600000 2867133.396688
 378.800000 2865628.721817
 379.000000 2864121.689197
 379.200000 2862619.075525
 379.400000 2861113.515124
 379.600000 2859612.636855
 379.800000 2858107.951819
 380.000000 2856611.599601
 380.200000 2855115.744143
 380.400000 2853617.374905
 380.600000 2852121.014300
 380.800000 2850643.870489
 381.000000 2849158.025327
 381.200000 2847668.373459
 381.400000 2846175.208162
 381.600000 2844692.411807
 381.800000 2843204.778355
 382.000000 2841723.924786
 382.200000 2840238.498078
 382.400000 2838761.397460
 382.600000 2837282.340002
 382.800000 2835802.689342
 383.000000 2834323.191714
 383.200000 2832844.829438
 383.400000 2831374.449131
 383.600000 2829899.119362
 383.800000 2828428.271300
 384.000000 2826958.343993
 384.200000 2825517.484029
 384.400000 2824048.176244
 384.600000 2822580.153411
 384.800000 2821119.871117
 385.000000 2819671.915078
 385.200000 2818208.325310
 385.400000 2816746.929407
 385.600000 2815295.782414
 385.800000 2813836.460912
 386.000000 2812379.912345
 386.200000 2810924.343262
 386.400000 2809470.300404
 386.600000 2808020.323800
 386.800000 2806569.059466
 387.000000 2805118.705737
 387.200000 2803671.019700
 387.400000 2802231.693832
 387.600000 2800786.271883
 387.800000 2799343.064480
 388.000000 2797900.414620
 388.200000 2796460.891837
 388.400000 2795046.166630
 388.600000 2793608.041596
 388.800000 2792174.502885
 389.000000 2790741.581082
 389.200000 2789310.338968
 389.400000 2787884.854643
 389.600000 2786478.205961
 389.800000 2785049.294106
 390.000000 2783632.922908
 390.200000 2782207.050835
 390.400000 2780784.828958
 390.600000 2779376.272196
 390.800000 2777958.760711
 391.000000 2776540.692263
 391.200000 2775124.170439
 391.400000 2773721.994169
 391.600000 2772309.603474
 391.800000 2770897.430938
 392.000000 2769485.381919
 392.200000 2768076.083430
 392.400000 2766666.963563
 392.600000 2765257.627373
 392.800000 2763875.646179
 393.000000 2762472.786299
 393.200000 2761069.091560
 393.400000 2759671.542975
 393.600000 2758274.280789
 393.800000 2756888.953344
 394.000000 2755492.092451
 394.200000 2754105.691927
 394.400000 2752709.305781
 394.600000 2751314.518089
 394.800000 2749922.780144
 395.000000 2748549.222762
 395.200000 2747168.797138
 395.400000 2745794.937869
 395.600000 2744417.328773
 395.800000 2743034.145511
 396.000000 2741650.844956
 396.200000 2740268.286809
 396.400000 2738887.607656
 396.600000 2737510.824745
 396.800000 2736144.855552
 397.000000 2734781.828844
 397.200000 2733407.647443
 397.400000 2732040.128448
 397.600000 2730678.929693
 397.800000 2729309.511453
 398.000000 2727939.008930
 398.200000 2726572.964488
 398.400000 2725213.219946
 398.600000 2723853.781172
 398.800000 2722501.049043
 399.000000 2721146.217610
 399.200000 2719787.048404
 399.400000 2718427.441830
 399.600000 2717076.974982
 399.800000 2715737.823704
 400.000000 2714381.249252
 400.200000 2713025.742377
 400.400000 2711670.919932
 400.600000 2710317.208610
 400.800000 2708965.704247
 401.000000 2707614.679395
 401.200000 2706268.573627
 401.400000 2704921.215869
 401.600000 2703591.218711
 401.800000 2702250.745484
 402.000000 2700929.882520
 402.200000 2699590.459603
 402.400000 2698257.668866
 402.600000 2696918.277662
 402.800000 2695590.001759
 403.000000 2694252.643871
 403.200000 2692923.557900
 403.400000 2691589.517293
 403.600000 2690266.052713
 403.800000 2688935.233832
 404.000000 2687613.944472
 404.200000 2686293.770024
 404.400000 2684997.101717
 404.600000 2683671.253155
 404.800000 2682350.543621
 405.000000 2681042.330175
 405.200000 2679738.357776
 405.400000 2678425.018682
 405.600000 2677105.668518
 405.800000 2675794.037031
 406.000000 2674476.336790
 406.200000 2673163.383708
 406.400000 2671862.564906
 406.600000 2670551.133904
 406.800000 2669239.938604
 407.000000 2667928.593857
 407.200000 2666626.592021
 407.400000 2665329.396059
 407.600000 2664024.458799
 407.800000 2662726.868519
 408.000000 2661430.007466
 408.200000 2660131.617531
 408.400000 2658830.045582
 408.600000 2657529.895092
 408.800000 2656244.477338
 409.000000 2654960.863257
 409.200000 2653667.137514
 409.400000 2652376.769029
 409.600000 2651103.581567
 409.800000 2649949.740432
 410.000000 2648659.361120
 410.200000 2647398.835296
 410.400000 2646125.545808
 410.600000 2644840.199335
 410.800000 2643568.551020
 411.000000 2642320.319031
 411.200000 2641052.197890
 411.400000 2639769.724380
 411.600000 2638522.777025
 411.800000 2637291.277726
 412.000000 2636014.805646
 412.200000 2634742.598442
 412.400000 2633467.307615
 412.600000 2632209.072641
 412.800000 2630934.853677
 413.000000 2629661.592689
 413.200000 2628411.404616
 413.400000 2627151.528681
 413.600000 2625892.187233
 413.800000 2624807.874516
 414.000000 2623540.092462
 414.200000 2622273.553642
 414.400000 2621014.731946
 414.600000 2619751.774336
 414.800000 2618489.655941
 415.000000 2617234.204159
 415.200000 2615994.864715
 415.400000 2614735.869113
 415.600000 2613477.746961
 415.800000 2612227.526103
 416.000000 2610977.674347
 416.200000 2609723.960205
 416.400000 2608474.337414
 416.600000 2607224.050774
 416.800000 2605977.590966
 417.000000 2604729.154732
 417.200000 2603481.756264
 417.400000 2602239.014308
 417.600000 2601011.736721
 417.800000 2599787.784846
 418.000000 2598545.554505
 418.200000 2597305.817707
 418.400000 2596065.855903
 418.600000 2594829.477142
 418.800000 2593599.544146
 419.000000 2592362.549383
 419.200000 2591125.986459
 419.400000 2589903.357762
 419.600000 2588669.667260
 419.800000 2587437.827535
 420.000000 2586208.757810
 420.200000 2584985.156550
 420.400000 2583756.531482
 420.600000 2582528.764914
 420.800000 2581307.291160
 421.000000 2580125.726138
 421.200000 2578915.905973
 421.400000 2577729.189911
 421.600000 2576509.489931
 421.800000 2575305.624972
 422.000000 2574085.362226
 422.200000 2572872.678501
 422.400000 2571656.354999
 422.600000 2570458.143157
 422.800000 2569245.528902
 423.000000 2568032.496388
 423.200000 2566822.763934
 423.400000 2565612.349731
 423.600000 2564401.065683
 423.800000 2563190.907145
 424.000000 2561983.783891
 424.200000 2560781.868856
 424.400000 2559575.400217
 424.600000 2558370.017090
 424.800000 2557166.243085
 425.000000 2557229.769670
 425.200000 2563367.378109
 425.400000 2562537.376875
 425.600000 2561938.362016
 425.800000 2561382.283197
 426.000000 2561770.373923
 426.200000 2564765.204251
 426.400000 2566291.230727
 426.600000 2569311.919728
 426.800000 2571223.408846
 427.000000 2576281.058957
 427.200000 2576672.874756
 427.400000 2578713.753854
 427.600000 2580156.306313
 427.800000 2580866.901656
 428.000000 2582336.064615
 428.200000 2584572.408058
 428.400000 2586326.435407
 428.600000 2588418.731263
 428.800000 2593249.429513
 429.000000 2592525.336927
 429.200000 2600393.140232
 429.400000 2605597.817044
 429.600000 2609927.439792
 429.800000 2611475.015642
 430.000000 2611296.021747
 430.200000 2616569.756365
 430.400000 2617888.395425
 430.600000 2621678.933611
 430.800000 2622466.796924
 431.000000 2627244.354909
 431.200000 2632204.627232
 431.400000 2634329.411183
 431.600000 2634749.112907
 431.800000 2638369.049492
 432.000000 2641696.288877
 432.200000 2641752.083235
 432.400000 2649435.606217
 432.600000 2653766.406240
 432.800000 2659718.464500
 433.000000 2663747.573496
 433.200000 2664950.330230
 433.400000 2668344.788033
 433.600000 2668315.848425
 433.800000 2667178.600874
 434.000000 2670120.302044
 434.200000 2670549.587405
 434.400000 2675344.352110
 434.600000 2678913.134808
 434.800000 2681634.711459
 435.000000 2685383.638394
 435.200000 2690493.366803
 435.400000 2694571.615530
 435.600000 2697647.282539
 435.800000 2700606.627393
 436.000000 2700744.429108
 436.200000 2703711.102339
 436.400000 2702852.800301
 436.600000 2701693.631814
 436.800000 2706791.819858
 437.000000 2712676.405815
 437.200000 2714991.702908
 437.400000 2713892.543787
 437.600000 2713249.062913
 437.800000 2712364.601239
 438.000000 2714316.642922
 438.200000 2715438.983112
 438.400000 2714534.241182
 438.600000 2713920.298880
 438.800000 2715953.370197
 439.000000 2718726.356006
 439.200000 2720330.238594
 439.400000 2719476.787899
 439.600000 2723197.150198
 439.800000 2728639.215946
 440.000000 2732874.333863
 440.200000 2733319.586957
 440.400000 2735227.332437
 440.600000 2740658.602298
 440.800000 2742637.581256
 441.000000 2744776.241489
 441.200000 2743759.501768
 441.400000 2742767.219678
 441.600000 2744307.375407
 441.800000 2749480.182335
 442.000000 2753890.699517
 442.200000 2755049.368792
 442.400000 2761229.699404
 442.600000 2766689.605242
 442.800000 2769121.399765
 443.000000 2775759.341964
 443.200000 2781641.019192
 443.400000 2787157.876195
 443.600000 2790562.638576
 443.800000 2795234.848507
 444.000000 2796735.050929
 444.200000 2797211.314864
 444.400000 2802653.726090
 444.600000 2804106.509553
 444.800000 2808832.505989
 445.000000 2808419.117963
 445.200000 2807171.430735
 445.400000 2809395.154341
 445.600000 2813497.561827
 445.800000 2812681.595139
 446.000000 2818078.130881
 446.200000 2823283.888406
 446.400000 2826150.495781
 446.600000 2831766.422280
 446.800000 2838380.277129
 447.000000 2843976.235399
 447.200000 2846623.356669
 447.400000 2847302.039238
 447.600000 2847813.922189
 447.800000 2847101.120301
 448.000000 2850340.065462
 448.200000 2849581.590391
 448.400000 2856736.665169
 448.600000 2863717.602732
 448.800000 2865187.926052
 449.000000 2870455.200504
 449.200000 2870936.374519
 449.400000 2879878.394918
 449.600000 2888877.197058
 449.800000 2888663.225215
 450.000000 2888037.006925
 450.200000 2894706.143863
 450.400000 2897252.114704
 450.600000 2896653.489892
 450.800000 2904328.378417
 451.000000 2904580.822353
 451.200000 2905051.473482
 451.400000 2904615.125884
 451.600000 2903408.660286
 451.800000 2907082.636885
 452.000000 2912163.559074
 452.200000 2920325.967510
 452.400000 2923584.511763
 452.600000 2922405.241142
 452.800000 2921122.412706
 453.000000 2921573.433792
 453.200000 2920510.065285
 453.400000 2925859.156077
 453.600000 2930965.349843
 453.800000 2929846.774692
 454.000000 2932408.411164
 454.200000 2935150.585468
 454.400000 2936084.366503
 454.600000 2941638.938987
 454.800000 2941963.208476
 455.000000 2947727.744140
 455.200000 2948498.741587
 455.400000 2954833.959384
 455.600000 2954429.639166
 455.800000 2957986.783759
 456.000000 2963145.788853
 456.200000 2967948.186405
 456.400000 2973745.549009
 456.600000 2975166.477873
 456.800000 2975947.066634
 457.000000 2980555.266777
 457.200000 2979646.156065
 457.400000 2979848.560501
 457.600000 2982975.440410
 457.800000 2987414.507292
 458.000000 2989285.664346
 458.200000 2989381.206395
 458.400000 2989003.269539
 458.600000 2992314.591344
 458.800000 2997964.103261
 459.000000 3001016.500382
 459.200000 3001924.309809
 459.400000 3005763.020501
 459.600000 3014765.233327
 459.800000 3020439.710380
 460.000000 3026313.723241
 460.200000 3030256.980584
 460.400000 3034587.557662
 460.600000 3038280.565520
 460.800000 3039478.702665
 461.000000 3040526.748992
 461.200000 3044177.252802
 461.400000 3043187.455732
 461.600000 3048139.731822
 461.800000 3048313.702222
 462.000000 3048607.440351
 462.200000 3054190.962191
 462.400000 3060767.073625
 462.600000 3060217.037454
 462.800000 3065986.178552
 463.000000 3066112.670851
 463.200000 3067299.486451
 463.400000 3069153.314513
 463.600000 3068367.890987
 463.800000 3072563.477790
 464.000000 3073352.285126
 464.200000 3072125.239145
 464.400000 3076669.381027
 464.600000 3079984.418496
 464.800000 3080644.285095
 465.000000 3081257.565483
 465.200000 3087625.213575
 465.400000 3089424.805435
 465.600000 3092916.673300
 465.800000 3095976.987447
 466.000000 3102120.448892
 466.200000 3106037.362935
 466.400000 3111761.389503
 466.600000 3116855.870881
 466.800000 3115574.532952
 467.000000 3115117.559220
 467.200000 3113866.623001
 467.400000 3114455.900137
 467.600000 3116486.349132
 467.800000 3118782.488749
 468.000000 3123929.439504
 468.200000 3125579.838567
 468.400000 3125891.098612
 468.600000 3131241.448285
 468.800000 3131699.278376
 469.000000 3132508.139323
 469.200000 3133927.785537
 469.400000 3135953.960119
 469.600000 3143223.889391
 469.800000 3144269.934648
 470.000000 3149068.507492
 470.200000 3154684.463267
 470.400000 3153408.199564
 470.600000 3155153.116426
 470.800000 3162202.405430
 471.000000 3168332.299042
 471.200000 3167301.107437
 471.400000 3168275.220802
 471.600000 3169033.504544
 471.800000 3170123.369863
 472.000000 3169282.317543
 472.200000 3173105.431735
 472.400000 3175409.932667
 472.600000 3174367.259896
 472.800000 3173181.547992
 473.000000 3172022.138399
 473.200000 3174715.972747
 473.400000 3181321.829820
 473.600000 3190667.098691
 473.800000 3194332.250398
 474.000000 3201818.617808
 474.200000 3208456.169724
 474.400000 3207838.366225
 474.600000 3206559.856945
 474.800000 3205432.530038
 475.000000 3204325.522280
 475.200000 3210125.507946
 475.400000 3215154.655479
 475.600000 3218015.200143
 475.800000 3220310.731326
 476.000000 3224478.221424
 476.200000 3228145.350983
 476.400000 3232172.171884
 476.600000 3233199.049112
 476.800000 3233054.714791
 477.000000 3232022.302642
 477.200000 3230748.801078
 477.400000 3231547.018228
 477.600000 3230221.921003
 477.800000 3228959.578253
 478.000000 3229559.177844
 478.200000 3237214.416489
 478.400000 3238282.098143
 478.600000 3237579.799841
 478.800000 3242270.513621
 479.000000 3250477.317880
 479.200000 3254322.610285
 479.400000 3253011.071091
 479.600000 3251852.687623
 479.800000 3252082.316229
 480.000000 3251039.101124
 480.200000 3249691.705355
 480.400000 3252577.615334
 480.600000 3258524.852611
 480.800000 3258784.059728
 481.000000 3261982.264225
 481.200000 3261444.760233
 481.400000 3260091.613249
 481.600000 3258794.820798
 481.800000 3263449.473445
 482.000000 3269993.333176
 482.200000 3273623.842006
 482.400000 3279766.132586
 482.600000 3281430.134632
 482.800000 3285251.649097
 483.000000 3289595.696527
 483.200000 3291076.773871
 483.400000 3291803.854612
 483.600000 3292553.375261
 483.800000 3298178.028040
 484.000000 3301734.219626
 484.200000 3302526.423154
 484.400000 3301463.259012
 484.600000 3304769.336678
 484.800000 3306119.573869
 485.000000 3307372.626951
 485.200000 3309543.969647
 485.400000 3311663.700459
 485.600000 3312891.771743
 485.800000 3318570.757057
 486.000000 3326946.071332
 486.200000 3327034.552958
 486.400000 3328791.716867
 486.600000 3332617.182758
 486.800000 3333426.892787
 487.000000 3333268.604110
 487.200000 3342064.270203
 487.400000 3349094.324345
 487.600000 3351507.094678
 487.800000 3358716.225202
 488.000000 3364446.261598
 488.200000 3368576.295824
 488.400000 3375322.203217
 488.600000 3383547.366699
 488.800000 3385122.080637
 489.000000 3392167.268345
 489.200000 3397900.344060
 489.400000 3400002.742516
 489.600000 3403384.243502
 489.800000 3406989.928566
 490.000000 3411433.746521
 490.200000 3412492.725173
 490.400000 3417333.788651
 490.600000 3419781.965670
 490.800000 3425959.121007
 491.000000 3434067.024604
 491.200000 3437871.123599
 491.400000 3442841.085128
 491.600000 3445527.824286
 491.800000 3447295.198121
 492.000000 3446171.162087
 492.200000 3445285.242587
 492.400000 3453014.796870
 492.600000 3456950.784209
 492.800000 3463247.154593
 493.000000 3469783.811166
 493.200000 3472249.011285
 493.400000 3474279.389060
 493.600000 3478873.099318
 493.800000 3478915.617204
 494.000000 3483613.646736
 494.200000 3490966.844031
 494.400000 3499291.449481
 494.600000 3502683.995171
 494.800000 3505983.450582
 495.000000 3505066.073690
 495.200000 3507168.197021
 495.400000 3509551.052441
 495.600000 3513079.819966
 495.800000 3515431.899303
 496.000000 3522688.847963
 496.200000 3523150.215815
 496.400000 3522074.182802
 496.600000 3526999.431261
 496.800000 3527998.105105
 497.000000 3527939.117187
 497.200000 3527039.206599
 497.400000 3529022.215410
 497.600000 3527755.333983
 497.800000 3531140.154691
 498.000000 3532438.955120
 498.200000 3537631.644498
 498.400000 3536387.312632
 498.600000 3538046.791245
 498.800000 3543560.918878
 499.000000 3543328.054144
 499.200000 3543599.440485
 499.400000 3546294.068930
 499.600000 3547052.616884
 499.800000 3549846.916071
 500.000000 3554152.826120
 500.200000 3553990.895087
 500.400000 3557186.473868
 500.600000 3562378.234374
 500.800000 3563869.735837
 501.000000 3564621.011043
 501.200000 3563205.976557
 501.400000 3564830.161700
 501.600000 3563636.630252
 501.800000 3566815.065398
 502.000000 3567881.705904
 502.200000 3569378.822199
 502.400000 3574735.157206
 502.600000 3581628.482803
 502.800000 3588423.939454
 503.000000 3588948.877903
 503.200000 3587532.474342
 503.400000 3591474.210342
 503.600000 3593206.125594
 503.800000 3597648.689354
 504.000000 3604810.063710
 504.200000 3610963.104288
 504.400000 3612885.924897
 504.600000 3616165.678399
 504.800000 3622478.911490
 505.000000 3626561.905723
 505.200000 3633001.981024
 505.400000 3634886.387567
 505.600000 3640902.942821
 505.800000 3646351.619325
 506.000000 3647569.442609
 506.200000 3651218.818497
 506.400000 3658139.778272
 506.600000 3661856.414338
 506.800000 3666616.448364
 507.000000 3669820.806958
 507.200000 3673775.592432
 507.400000 3675333.885242
 507.600000 3679575.650424
 507.800000 3683232.559881
 508.000000 3684279.832534
 508.200000 3690213.159680
 508.400000 3696620.885194
 508.600000 3698398.750106
 508.800000 3701858.595863
 509.000000 3707130.729053
 509.200000 3710642.797887
 509.400000 3716043.836745
 509.600000 3719387.318862
 509.800000 3727128.647721
 510.000000 3734729.807566
 510.200000 3741145.413648
 510.400000 3740088.158513
 510.600000 3740711.452592
 510.800000 3748928.505606
 511.000000 3756339.292701
 511.200000 3761668.592464
 511.400000 3763500.562908
 511.600000 3768470.085989
 511.800000 3774618.249706
 512.000000 3777726.321529
 512.200000 3782075.457069
 512.400000 3784438.579764
 512.600000 3786212.375645
 512.800000 3789090.214478
 513.000000 3787898.437723
 513.200000 3786437.532005
 513.400000 3786662.583297
 513.600000 3790245.337422
 513.800000 3795298.497186
 514.000000 3793862.240748
 514.200000 3799968.860646
 514.400000 3800341.371461
 514.600000 3800712.017872
 514.800000 3806692.142531
 515.000000 3810675.310444
 515.200000 3814540.974381
 515.400000 3817404.278968
 515.600000 3816591.133951
 515.800000 3817049.718852
 516.000000 3819475.598969
 516.200000 3820419.441799
 516.400000 3828646.256839
 516.600000 3833750.968115
 516.800000 3841410.874303
 517.000000 3845270.425449
 517.200000 3847897.064316
 517.400000 3850001.151090
 517.600000 3855375.715667
 517.800000 3855894.481472
 518.000000 3861803.606426
 518.200000 3869637.154470
 518.400000 3875078.357552
 518.600000 3874242.372412
 518.800000 3877009.079889
 519.000000 3880950.145076
 519.200000 3879695.019036
 519.400000 3880017.877551
 519.600000 3878574.538315
 519.800000 3877106.514859
 520.000000 3881493.111991
 520.200000 3888998.121797
 520.400000 3887509.673669
 520.600000 3886053.673756
 520.800000 3884668.920788
 521.000000 3888668.258106
 521.200000 3888257.713872
 521.400000 3886798.662559
 521.600000 3887425.784629
 521.800000 3893363.661214
 522.000000 3896978.387521
 522.200000 3896111.644084
 522.400000 3897957.779904
 522.600000 3904976.363492
 522.800000 3911244.758275
 523.000000 3914835.123930
 523.200000 3921173.656664
 523.400000 3921881.859748
 523.600000 3929139.511853
 523.800000 3933146.501690
 524.000000 3931914.654663
 524.200000 3937413.342984
 524.400000 3937811.602418
 524.600000 3941836.101248
 524.800000 3945740.558863
 525.000000 3945202.553264
 525.200000 3949949.747889
 525.400000 3953750.499245
 525.600000 3958230.788923
 525.800000 3963879.389969
 526.000000 3968643.208190
 526.200000 3970146.261084
 526.400000 3977173.076362
 526.600000 3978480.538531
 526.800000 3977083.433799
 527.000000 3983145.053121
 527.200000 3988216.927620
 527.400000 3988686.334039
 527.600000 3988161.594493
 527.800000 3994327.453663
 528.000000 3997970.100288
 528.200000 4003173.095494
 528.400000 4004558.528394
 528.600000 4003334.959283
 528.800000 4002537.150497
 529.000000 4002404.070521
 529.200000 4004632.554646
 529.400000 4008967.360812
 529.600000 4013555.879189
 529.800000 4015031.354742
 530.000000 4014667.044463
 530.200000 4021230.935879
 530.400000 4026759.265528
 530.600000 4031971.230915
 530.800000 4035684.759994
 531.000000 4036479.971681
 531.200000 4035525.613317
 531.400000 4038575.394972
 531.600000 4044420.446476
 531.800000 4050376.575286
 532.000000 4050192.146285
 532.200000 4049232.985232
 532.400000 4047718.468007
 532.600000 4049999.771092
 532.800000 4051672.774305
 533.000000 4050741.382242
 533.200000 4058061.693628
 533.400000 4056935.395026
 533.600000 4055661.995930
 533.800000 4058244.720477
 534.000000 4058285.182885
 534.200000 4060078.447307
 534.400000 4059835.661603
 534.600000 4067553.036027
 534.800000 4068078.892822
 535.000000 4075539.891408
 535.200000 4076860.755427
 535.400000 4080961.277488
 535.600000 4085277.412048
 535.800000 4089087.728372
 536.000000 4090208.089557
 536.200000 4092826.074751
 536.400000 4102524.249982
 536.600000 4108606.257874
 536.800000 4112764.202401
 537.000000 4116386.000670
 537.200000 4117941.158959
 537.400000 4121396.107063
 537.600000 4121379.553270
 537.800000 4126604.457016
 538.000000 4125321.187072
 538.200000 4129506.651025
 538.400000 4130229.034793
 538.600000 4129132.977571
 538.800000 4133266.483495
 539.000000 4134847.096720
 539.200000 4141551.886546
 539.400000 4143358.404472
 539.600000 4149144.256817
 539.800000 4154189.036599
 540.000000 4160777.962451
 540.200000 4159339.681288
 540.400000 4161892.777900
 540.600000 4170129.254478
 540.800000 4177177.066204
 541.000000 4183964.189593
 541.200000 4188658.601734
 541.400000 4197104.306017
 541.600000 4205718.352853
 541.800000 4206049.646872
 542.000000 4207212.281378
 542.200000 4208391.156461
 542.400000 4212520.567867
 542.600000 4215833.608286
 542.800000 4214813.545736
 543.000000 4218124.562186
 543.200000 4225847.905696
 543.400000 4228888.572680
 543.600000 4234081.634598
 543.800000 4238410.313046
 544.000000 4239724.444207
 544.200000 4244077.235646
 544.400000 4250230.785695
 544.600000 4254755.140533
 544.800000 4257509.783600
 545.000000 4259260.466972
 545.200000 4262251.697448
 545.400000 4267880.681237
 545.600000 4267526.523894
 545.800000 4271820.457863
 546.000000 4271094.283625
 546.200000 4274104.858315
 546.400000 4272697.888105
 546.600000 4273229.482862
 546.800000 4277997.857984
 547.000000 4283310.542849
 547.200000 4286945.196113
 547.400000 4291075.540150
 547.600000 4294882.010994
 547.800000 4302213.935308
 548.000000 4307992.800209
 548.200000 4314313.504341
 548.400000 4320636.421897
 548.600000 4329678.336350
 548.800000 4331933.063342
 549.000000 4339838.283254
 549.200000 4344297.618533
 549.400000 4343013.436504
 549.600000 4343203.382494
 549.800000 4341883.349325
 550.000000 4346513.110690
 550.200000 4355409.653463
 550.400000 4358999.546499
 550.600000 4361991.584760
 550.800000 4360666.948906
 551.000000 4362739.014812
 551.200000 4362644.466940
 551.400000 4367352.313663
 551.600000 4366037.125973
 551.800000 4365018.322969
 552.000000 4363447.178357
 552.200000 4361871.234710
 552.400000 4360301.305471
 552.600000 4358751.253483
 552.800000 4357187.341851
 553.000000 4355615.770087
 553.200000 4354041.236279
 553.400000 4352477.186965
 553.600000 4350909.928373
 553.800000 4349355.720050
 554.000000 4347911.862472
 554.200000 4346378.457182
 554.400000 4344812.383630
 554.600000 4343246.094440
 554.800000 4341680.900150
 555.000000 4340131.933754
 555.200000 4338571.291814
 555.400000 4337024.911896
 555.600000 4335499.722170
 555.800000 4333944.088894
 556.000000 4332435.892209
 556.200000 4330939.131663
 556.400000 4329385.757528
 556.600000 4327830.637260
 556.800000 4326288.825573
 557.000000 4324737.537709
 557.200000 4323189.793920
 557.400000 4321638.934514
 557.600000 4320107.599241
 557.800000 4318567.711175
 558.000000 4317027.021953
 558.200000 4315490.110693
 558.400000 4313951.226399
 558.600000 4312421.067151
 558.800000 4310877.962113
 559.000000 4309359.533582
 559.200000 4307825.027847
 559.400000 4306301.110000
 559.600000 4304814.648713
 559.800000 4303277.965127
 560.000000 4301741.527802
 560.200000 4300210.631409
 560.400000 4298724.961162
 560.600000 4297206.870936
 560.800000 4295817.377985
 561.000000 4294327.795795
 561.200000 4292799.515009
 561.400000 4291274.969123
 561.600000 4289754.487512
 561.800000 4288239.620980
 562.000000 4286722.472934
 562.200000 4285199.392887
 562.400000 4283684.976185
 562.600000 4282172.331702
 562.800000 4280652.067057
 563.000000 4279131.773027
 563.200000 4277616.071639
 563.400000 4276114.605860
 563.600000 4274710.358302
 563.800000 4273207.213213
 564.000000 4271698.256766
 564.200000 4270231.192701
 564.400000 4268731.242596
 564.600000 4267221.195571
 564.800000 4265872.866904
 565.000000 4264391.875087
 565.200000 4262886.312788
 565.400000 4261383.830922
 565.600000 4259947.476073
 565.800000 4258450.453043
 566.000000 4256953.657778
 566.200000 4255519.290162
 566.400000 4254040.850773
 566.600000 4252574.669057
 566.800000 4251076.567580
 567.000000 4249577.966777
 567.200000 4248095.487489
 567.400000 4246598.778951
 567.600000 4245102.459145
 567.800000 4243607.199890
 568.000000 4242113.275798
 568.200000 4240620.307396
 568.400000 4239128.229743
 568.600000 4237637.240385
 568.800000 4236147.278533
 569.000000 4234658.908776
 569.200000 4233173.209247
 569.400000 4231686.414482
 569.600000 4230200.953215
 569.800000 4228717.806725
 570.000000 4227237.861237
 570.200000 4227914.978770
 570.400000 4230463.583436
 570.600000 4232043.374990
 570.800000 4236684.058486
 571.000000 4239290.254477
 571.200000 4238988.880674
 571.400000 4240420.832432
 571.600000 4244152.921982
 571.800000 4248598.921529
 572.000000 4250347.033455
 572.200000 4250672.684103
 572.400000 4259633.077154
 572.600000 4265001.952256
 572.800000 4270712.514464
 573.000000 4276336.049933
 573.200000 4283296.874919
 573.400000 4281829.728264
 573.600000 4285610.566040
 573.800000 4286608.038672
 574.000000 4288299.929966
 574.200000 4290308.917367
 574.400000 4294760.639080
 574.600000 4300743.428355
 574.800000 4305241.491202
 575.000000 4310628.587207
 575.200000 4313047.937797
 575.400000 4315400.912276
 575.600000 4321257.544054
 575.800000 4327546.274812
 576.000000 4326858.156533
 576.200000 4326177.460090
 576.400000 4332516.992426
 576.600000 4336174.690022
 576.800000 4337394.044529
 577.000000 4340024.383915
 577.200000 4339808.630950
 577.400000 4340271.952105
 577.600000 4346381.565752
 577.800000 4352525.327600
 578.000000 4358322.784030
 578.200000 4364398.629052
 578.400000 4369143.601000
 578.600000 4374103.160508
 578.800000 4376570.681927
 579.000000 4375117.921785
 579.200000 4378598.156129
 579.400000 4381154.703032
 579.600000 4379653.261330
 579.800000 4378338.148233
 580.000000 4383857.004138
 580.200000 4388186.182008
 580.400000 4393147.167646
 580.600000 4399358.644336
 580.800000 4398495.423454
 581.000000 4399358.528414
 581.200000 4398266.293334
 581.400000 4402004.257461
 581.600000 4407518.016867
 581.800000 4414319.652312
 582.000000 4417726.612341
 582.200000 4425833.294781
 582.400000 4431056.668711
 582.600000 4434416.948072
 582.800000 4433485.969009
 583.000000 4439139.882398
 583.200000 4442398.925398
 583.400000 4442942.492760
 583.600000 4445461.586526
 583.800000 4449496.182285
 584.000000 4449125.885445
 584.200000 4448616.218894
 584.400000 4447525.380312
 584.600000 4450772.671736
 584.800000 4457771.146968
 585.000000 4459156.800970
 585.200000 4463307.266785
 585.400000 4467133.238193
 585.600000 4469111.454041
 585.800000 4471180.841713
 586.000000 4478680.588555
 586.200000 4483806.594822
 586.400000 4482524.052229
 586.600000 4481589.605200
 586.800000 4480200.525245
 587.000000 4484865.113533
 587.200000 4492735.240453
 587.400000 4499381.766812
 587.600000 4497928.071178
 587.800000 4499413.651128
 588.000000 4503954.458801
 588.200000 4511308.874273
 588.400000 4518013.698775
 588.600000 4521603.162443
 588.800000 4522086.004981
 589.000000 4520916.668227
 589.200000 4525950.246631
 589.400000 4532439.907348
 589.600000 4540243.774256
 589.800000 4541559.696746
 590.000000 4540169.540493
 590.200000 4544202.572410
 590.400000 4542980.589783
 590.600000 4541444.393687
 590.800000 4539907.549531
 591.000000 4538379.314680
 591.200000 4538381.740584
 591.400000 4536864.868222
 591.600000 4535331.999905
 591.800000 4533799.641222
 592.000000 4537320.179860
 592.200000 4544279.920269
 592.400000 4547058.830531
 592.600000 4545530.310445
 592.800000 4546889.027664
 593.000000 4548756.707479
 593.200000 4547230.622609
 593.400000 4550232.556886
 593.600000 4555944.668348
 593.800000 4562547.101839
 594.000000 4561973.097813
 594.200000 4564018.541524
 594.400000 4563598.669721
 594.600000 4562174.135791
 594.800000 4561389.216956
 595.000000 4567940.006838
 595.200000 4567393.509886
 595.400000 4572778.686628
 595.600000 4578976.344763
 595.800000 4586911.280924
 596.000000 4588418.077088
 596.200000 4595649.229479
 596.400000 4599570.848153
 596.600000 4600590.920061
 596.800000 4607781.514114
 597.000000 4609275.060491
 597.200000 4607738.749263
 597.400000 4606197.085492
 597.600000 4604694.052621
 597.800000 4603422.148853
 598.000000 4601926.444256
 598.200000 4605252.340299
 598.400000 4609526.697711
 598.600000 4611665.908088
 598.800000 4611589.417279
 599.000000 4618034.846081
 599.200000 4626795.084562
 599.400000 4629733.918881
 599.600000 4629801.353326
 599.800000 4636619.252141
 600.000000 4643715.403355
 600.200000 4648644.419123
 600.400000 4654822.965350
 600.600000 4653533.284421
 600.800000 4658306.900699
 601.000000 4657505.212442
 601.200000 4663606.896002
 601.400000 4662333.855653
 601.600000 4660934.961405
 601.800000 4659395.401155
 602.000000 4657958.278182
 602.200000 4662014.586561
 602.400000 4663742.602826
 602.600000 4664102.951475
 602.800000 4667113.974783
 603.000000 4667087.236494
 603.200000 4666344.736127
 603.400000 4669488.907560
 603.600000 4669186.974735
 603.800000 4667721.659558
 604.000000 4666484.118435
 604.200000 4666113.133353
 604.400000 4672115.424306
 604.600000 4675662.549919
 604.800000 4682581.526258
 605.000000 4689154.968999
 605.200000 4695410.945007
 605.400000 4700006.260579
 605.600000 4702790.263212
 605.800000 4710617.695985
 606.000000 4716246.507612
 606.200000 4714808.561920
 606.400000 4714352.819331
 606.600000 4715483.169339
 606.800000 4717844.603727
 607.000000 4716875.649497
 607.200000 4718629.251014
 607.400000 4722182.459600
 607.600000 4720822.606500
 607.800000 4722093.764757
 608.000000 4726106.149223
 608.200000 4724554.559526
 608.400000 4723046.229586
 608.600000 4721499.646524
 608.800000 4719956.664377
 609.000000 4718434.195923
 609.200000 4717352.591245
 609.400000 4718478.715721
 609.600000 4716948.048977
 609.800000 4715418.085329
 610.000000 4713890.112492
 610.200000 4713091.195280
 610.400000 4715353.211494
 610.600000 4715639.710197
 610.800000 4719411.172248
 611.000000 4717877.947283
 611.200000 4722342.577902
 611.400000 4722908.847262
 611.600000 4726746.566111
 611.800000 4725243.395575
 612.000000 4724440.622684
 612.200000 4722927.083722
 612.400000 4727440.493689
 612.600000 4726589.736896
 612.800000 4726498.959068
 613.000000 4730436.900824
 613.200000 4729984.015536
 613.400000 4732654.468491
 613.600000 4731328.071986
 613.800000 4735779.769049
 614.000000 4739352.406138
 614.200000 4737818.411802
 614.400000 4736413.151669
 614.600000 4740706.252784
 614.800000 4745928.340688
 615.000000 4748626.352295
 615.200000 4752055.738220
 615.400000 4751544.061182
 615.600000 4752332.159757
 615.800000 4757978.994708
 616.000000 4765716.616791
 616.200000 4771360.604209
 616.400000 4770256.572004
 616.600000 4776342.628740
 616.800000 4779328.753685
 617.000000 4782438.713965
 617.200000 4783319.804908
 617.400000 4782110.669143
 617.600000 4788523.594627
 617.800000 4792460.243121
 618.000000 4795424.649390
 618.200000 4795918.066155
 618.400000 4794420.642500
 618.600000 4793295.620216
 618.800000 4791774.707728
 619.000000 4790228.736038
 619.200000 4788974.268387
 619.400000 4789559.115480
 619.600000 4788452.023884
 619.800000 4787195.360974
 620.000000 4785652.533080
 620.200000 4784139.839814
 620.400000 4782609.261491
 620.600000 4782330.189220
 620.800000 4783502.767364
 621.000000 4788456.588182
 621.200000 4792035.782041
 621.400000 4794677.835197
 621.600000 4793136.584039
 621.800000 4791622.130615
 622.000000 4795265.747285
 622.200000 4793728.072343
 622.400000 4792193.315793
 622.600000 4793939.107606
 622.800000 4794878.080917
 623.000000 4797899.431195
 623.200000 4796374.739580
 623.400000 4799544.638568
 623.600000 4801067.483970
 623.800000 4800522.197548
 624.000000 4799006.229894
 624.200000 4797562.669019
 624.400000 4796029.839422
 624.600000 4794501.056712
 624.800000 4792973.975775
 625.000000 4791505.238441
 625.200000 4792023.153689
 625.400000 4797167.728350
 625.600000 4797061.276837
 625.800000 4796815.076880
 626.000000 4797497.892501
 626.200000 4796128.969372
 626.400000 4794692.469503
 626.600000 4801773.073272
 626.800000 4803027.865556
 627.000000 4801504.770747
 627.200000 4800043.101013
 627.400000 4800626.516843
 627.600000 4804570.195148
 627.800000 4810124.118855
 628.000000 4810474.223874
 628.200000 4809311.302017
 628.400000 4810891.464827
 628.600000 4809364.264558
 628.800000 4807839.754982
 629.000000 4807344.320933
 629.200000 4805977.365225
 629.400000 4804614.748817
 629.600000 4803127.152400
 629.800000 4801708.003353
 630.000000 4800291.420476
 630.200000 4801820.782462
 630.400000 4804779.028707
 630.600000 4806376.596336
 630.800000 4807882.794602
 631.000000 4806496.372377
 631.200000 4809225.077246
 631.400000 4815790.092178
 631.600000 4815498.838531
 631.800000 4817023.313130
 632.000000 4823375.223996
 632.200000 4826139.823256
 632.400000 4833416.080818
 632.600000 4832081.538311
 632.800000 4830560.585902
 633.000000 4835434.480379
 633.200000 4840547.169750
 633.400000 4842856.685688
 633.600000 4844618.018319
 633.800000 4843091.368161
 634.000000 4845634.218722
 634.200000 4852640.188840
 634.400000 4851475.144816
 634.600000 4850024.319284
 634.800000 4849356.313204
 635.000000 4847832.486980
 635.200000 4846310.270954
 635.400000 4844797.883829
 635.600000 4843276.214359
 635.800000 4841756.611171
 636.000000 4840239.201064
 636.200000 4838726.640878
 636.400000 4837206.321637
 636.600000 4836383.910543
 636.800000 4835626.752982
 637.000000 4834431.906345
 637.200000 4841684.516248
 637.400000 4840630.821363
 637.600000 4845149.874316
 637.800000 4850659.180905
 638.000000 4857262.538080
 638.200000 4865361.768733
 638.400000 4871933.267075
 638.600000 4879331.774273
 638.800000 4880376.591684
 639.000000 4878918.519491
 639.200000 4884309.379405
 639.400000 4885208.080604
 639.600000 4889349.817178
 639.800000 4894269.558855
 640.000000 4892905.208159
 640.200000 4893208.758786
 640.400000 4899841.530963
 640.600000 4899987.469358
 640.800000 4901334.169776
 641.000000 4903772.508311
 641.200000 4906378.240850
 641.400000 4907837.426626
 641.600000 4906347.422820
 641.800000 4904818.827962
 642.000000 4906493.876282
 642.200000 4904966.542287
 642.400000 4903457.969701
 642.600000 4901932.269244
 642.800000 4900407.631261
 643.000000 4898883.844892
 643.200000 4897362.532956
 643.400000 4900961.337142
 643.600000 4899756.823063
 643.800000 4898234.812153
 644.000000 4896714.138805
 644.200000 4895226.641472
 644.400000 4893708.780655
 644.600000 4892210.237868
 644.800000 4890693.457707
 645.000000 4889178.139236
 645.200000 4887662.804498
 645.400000 4886190.129086
 645.600000 4884717.876641
 645.800000 4883432.190521
 646.000000 4883364.451171
 646.200000 4881863.413505
 646.400000 4880357.649795
 646.600000 4879642.628078
 646.800000 4883694.191419
 647.000000 4884671.855628
 647.200000 4883178.816520
 647.400000 4881678.724045
 647.600000 4884114.130668
 647.800000 4891930.693520
 648.000000 4899403.239348
 648.200000 4903602.792176
 648.400000 4911520.727238
 648.600000 4914099.944108
 648.800000 4913015.988168
 649.000000 4912155.163234
 649.200000 4916498.556479
 649.400000 4922136.022203
 649.600000 4925634.650280
 649.800000 4930733.287658
 650.000000 4929259.040670
 650.200000 4928368.858553
 650.400000 4926856.013264
 650.600000 4926006.130651
 650.800000 4931890.111085
 651.000000 4935128.731488
 651.200000 4934023.226941
 651.400000 4932872.440343
 651.600000 4931358.995266
 651.800000 4929845.929471
 652.000000 4928333.761253
 652.200000 4926822.635283
 652.400000 4925312.360044
 652.600000 4923803.163182
 652.800000 4922294.828784
 653.000000 4920789.469089
 653.200000 4919312.835351
 653.400000 4917807.201232
 653.600000 4916302.628587
 653.800000 4915257.352056
 654.000000 4914470.521527
 654.200000 4913509.953278
 654.400000 4912009.848878
 654.600000 4910529.120396
 654.800000 4909041.919161
 655.000000 4907553.349329
 655.200000 4906158.561707
 655.400000 4904676.288619
 655.600000 4903180.146016
 655.800000 4901684.931469
 656.000000 4900201.471886
 656.200000 4898749.668279
 656.400000 4897269.271073
 656.600000 4895785.430311
 656.800000 4894332.278271
 657.000000 4892918.343963
 657.200000 4891465.853338
 657.400000 4894949.985018
 657.600000 4902507.333177
 657.800000 4909304.589814
 658.000000 4917147.427467
 658.200000 4921130.081818
 658.400000 4920567.356612
 658.600000 4919073.123016
 658.800000 4917579.962627
 659.000000 4916115.099495
 659.200000 4914623.743715
 659.400000 4913133.233170
 659.600000 4918234.272815
 659.800000 4925870.724605
 660.000000 4926021.106568
 660.200000 4932102.879640
 660.400000 4930646.910370
 660.600000 4929212.513161
 660.800000 4930545.086360
 661.000000 4929243.700720
 661.200000 4929778.553626
 661.400000 4928443.551062
 661.600000 4926980.217731
 661.800000 4925493.099064
 662.000000 4925304.434223
 662.200000 4926526.025229
 662.400000 4930184.051839
 662.600000 4928698.393718
 662.800000 4927212.972218
 663.000000 4925735.109831
 663.200000 4924271.146008
 663.400000 4922787.004500
 663.600000 4926628.372327
 663.800000 4925273.103065
 664.000000 4923789.649263
 664.200000 4922307.396519
 664.400000 4921206.749980
 664.600000 4919726.338719
 664.800000 4918249.357780
