#! FIELDS time d1 coord metad.rbias
 0.000000 0.038053 1.000000 6.945509
 1.000000 0.043771 1.000000 6.246623
 2.000000 0.033053 1.000000 6.600608
 3.000000 0.037175 1.000000 6.970617
 4.000000 0.038245 1.000000 6.936551
 5.000000 0.012050 1.000000 -16.050289
 6.000000 0.045722 1.000000 5.811340
 7.000000 0.021615 1.000000 -1.403815
 8.000000 0.058590 1.000000 -0.605386
 9.000000 0.047450 1.000000 5.330489
 10.000000 0.028460 1.000000 4.682060
 11.000000 0.015721 1.000000 -9.441078
 12.000000 0.050309 1.000000 4.309933
 13.000000 0.070616 1.000000 -9.801698
 14.000000 0.044181 1.000000 6.163917
 15.000000 0.079842 1.000000 -16.914801
 16.000000 0.046891 1.000000 5.496210
 17.000000 0.036581 1.000000 6.971352
 18.000000 0.038648 1.000000 6.913801
 19.000000 0.053252 1.000000 2.921878
 20.000000 0.027687 1.000000 4.172949
 21.000000 0.061187 1.000000 -2.678857
 22.000000 0.078701 1.000000 -15.930825
 23.000000 0.047653 1.000000 5.267612
 24.000000 0.088890 1.000000 -25.203692
 25.000000 0.059624 1.000000 -1.415770
 26.000000 0.047958 1.000000 5.170738
 27.000000 0.086201 1.000000 -22.706166
 28.000000 0.087735 1.000000 -24.129883
 29.000000 0.090267 1.000000 -26.480710
 30.000000 0.084726 1.000000 -21.338359
 31.000000 0.083865 1.000000 -20.543624
 32.000000 0.086993 1.000000 -23.441393
 33.000000 0.082063 1.000000 -18.894252
 34.000000 0.084474 1.000000 -21.105318
 35.000000 0.081436 1.000000 -18.328819
 36.000000 0.085638 1.000000 -22.184210
 37.000000 0.066181 1.000000 -6.645844
 38.000000 0.067160 1.000000 -7.369435
 39.000000 0.075269 1.000000 -13.153866
 40.000000 0.069799 1.000000 -9.236655
 41.000000 0.067161 1.000000 -7.370095
 42.000000 0.094883 1.000000 -30.649365
 43.000000 0.059960 1.000000 -1.684497
 44.000000 0.067612 1.000000 -7.696455
 45.000000 0.025321 1.000000 2.308059
 46.000000 0.052621 1.000000 3.251752
 47.000000 0.044908 1.000000 6.005867
 48.000000 0.019036 1.000000 -4.544954
 49.000000 0.042457 1.000000 6.481519
 50.000000 0.058375 1.000000 -0.440420
 51.000000 0.048438 1.000000 5.010761
 52.000000 0.039566 1.000000 6.843859
 53.000000 0.039125 1.000000 6.880460
 54.000000 0.026429 1.000000 3.236546
 55.000000 0.037000 1.000000 6.972311
 56.000000 0.089106 1.000000 -25.403992
 57.000000 0.067948 1.000000 -7.937688
 58.000000 0.021125 1.000000 -1.962911
 59.000000 0.026146 1.000000 3.007706
 60.000000 0.047766 1.000000 5.232082
 61.000000 0.018219 1.000000 -5.652390
 62.000000 0.006854 1.000000 -25.967541
 63.000000 0.022371 1.000000 -0.573445
 64.000000 0.012824 1.000000 -14.573024
 65.000000 0.007837 1.000000 -24.192149
 66.000000 0.022414 1.000000 -0.528341
