#! FIELDS time d1 metad.bias metad.rbias metad.rct metad.acc metad.pace
 0.000000 0.038054 0.000000 0.000000 0.000000 1.000000 100.000000
 0.200000 0.030219 0.000000 0.000000 0.016100 1.000000 100.000000
 0.400000 0.044488 0.148252 0.132153 0.034431 1.090698 100.000000
 0.600000 0.049879 0.906709 0.872279 0.057206 1.283297 100.000000
 0.800000 0.042070 2.026034 1.968828 0.090300 1.498684 100.000000
 1.000000 0.038044 2.627494 2.537193 0.132585 1.786063 100.000000
 1.200000 0.034860 3.149895 3.017310 0.183948 1.981655 100.000000
 1.400000 0.031497 3.400170 3.216222 0.242459 2.326460 100.000000
 1.600000 0.055167 1.493775 1.251316 0.280253 2.639134 100.000000
 1.800000 0.042309 5.148021 4.867768 0.371861 2.900682 100.000000
 2.000000 0.037907 6.152679 5.780818 0.488134 3.552602 100.000000
 2.200000 0.031958 5.522240 5.034105 0.605694 4.382733 100.000000
 2.400000 0.029112 5.145517 4.539823 0.726604 5.179588 100.000000
 2.600000 0.045522 6.291013 5.564409 0.879654 5.823288 100.000000
 2.800000 0.048144 6.174953 5.295299 1.033832 6.310718 100.000000
 3.000000 0.028814 6.022932 4.989100 1.188489 6.936474 100.000000
 3.200000 0.049299 6.598884 5.410395 1.356710 7.568477 100.000000
 3.400000 0.044597 9.123242 7.766531 1.614109 8.581942 100.000000
 3.600000 0.028676 6.941830 5.327722 1.798271 9.804750 100.000000
 3.800000 0.030022 8.555942 6.757671 2.033116 11.142395 100.000000
 4.000000 0.051957 6.626871 4.593755 2.203297 13.198932 100.000000
 4.200000 0.039264 11.071055 8.867758 2.563746 14.192876 100.000000
 4.400000 0.035616 11.591425 9.027679 2.933219 17.172209 100.000000
 4.600000 0.039444 12.439900 9.506681 3.348013 18.169194 100.000000
 4.800000 0.052767 7.281857 3.933844 3.534952 22.146607 100.000000
 5.000000 0.043816 12.677507 9.142555 3.939889 25.420120 100.000000
 5.200000 0.031146 11.356900 7.417011 4.266244 28.658208 100.000000
 5.400000 0.022002 4.362122 0.095879 4.385938 30.129040 100.000000
 5.600000 0.047902 11.790221 7.404282 4.708222 32.131994 100.000000
 5.800000 0.044767 13.866177 9.157956 5.117460 35.020170 100.000000
 6.000000 0.044374 14.641389 9.523929 5.547284 38.132167 100.000000
 6.200000 0.033715 14.087013 8.539729 5.936388 40.372657 100.000000
 6.400000 0.042357 15.949952 10.013564 6.398505 49.657068 100.000000
 6.600000 0.048819 13.506680 7.108175 6.741359 51.407652 100.000000
 6.800000 0.018762 3.155239 -3.586120 6.785535 65.180364 100.000000
 7.000000 0.041606 17.034184 10.248649 7.255755 70.449291 100.000000
 7.200000 0.049351 14.055262 6.799508 7.595537 73.474796 100.000000
 7.400000 0.030353 13.430240 5.834703 7.871845 87.737623 100.000000
 7.600000 0.050973 13.156020 5.284175 8.164568 94.412004 100.000000
 7.800000 0.055831 8.343513 0.178944 8.337519 94.928821 100.000000
 8.000000 0.053201 12.160736 3.823216 8.590129 93.731043 100.000000
 8.200000 0.054888 10.943011 2.352883 8.808930 95.411014 100.000000
 8.400000 0.053821 12.913407 4.104477 9.066220 94.688226 100.000000
 8.600000 0.052921 14.582317 5.516098 9.356905 116.167220 100.000000
 8.800000 0.057996 9.129602 -0.227304 9.528542 119.074814 100.000000
 9.000000 0.028930 13.006007 3.477466 9.690467 125.860674 100.000000
 9.200000 0.028941 13.699955 4.009488 9.863086 127.005982 100.000000
 9.400000 0.032267 16.610903 6.747817 10.122322 129.324863 100.000000
 9.600000 0.019129 5.221671 -4.900651 10.161365 139.933612 100.000000
 9.800000 0.018991 6.069741 -4.091624 10.201776 138.786940 100.000000
 10.000000 0.044447 19.901235 9.699459 10.605376 162.677996 100.000000
 10.200000 0.057550 10.578649 -0.026727 10.762385 167.257338 100.000000
 10.400000 0.067790 1.684103 -9.078282 10.777546 165.435634 100.000000
 10.600000 0.024896 12.210186 1.432640 10.884908 176.656241 100.000000
 10.800000 0.036694 19.322279 8.437370 11.235384 189.736758 100.000000
 11.000000 0.039348 20.351512 9.116128 11.624540 197.748047 100.000000
 11.200000 0.034490 19.673268 8.048728 11.938697 211.868218 100.000000
 11.400000 0.034538 20.203295 8.264598 12.259459 257.090294 100.000000
 11.600000 0.062095 6.739234 -5.520225 12.310100 271.628204 100.000000
 11.800000 0.048361 20.513209 8.203109 12.619842 269.819402 100.000000
 12.000000 0.031120 19.064277 6.444435 12.859275 287.668179 100.000000
 12.200000 0.058659 11.393686 -1.465589 12.960887 305.175637 100.000000
 12.400000 0.066070 4.893403 -8.067484 12.981196 302.176942 100.000000
 12.600000 0.074432 1.609552 -11.371644 12.981165 316.995904 100.000000
 12.800000 0.044601 22.219737 9.238572 13.340645 344.888471 100.000000
 13.000000 0.040099 22.585629 9.244984 13.711439 366.787818 100.000000
 13.200000 0.040600 23.088296 9.376857 14.082967 420.499860 100.000000
 13.400000 0.025764 14.903399 0.820432 14.205472 481.965597 100.000000
 13.600000 0.039549 23.501479 9.296007 14.568072 493.518812 100.000000
 13.800000 0.054860 16.970139 2.402067 14.726990 531.798208 100.000000
 14.000000 0.034983 22.853971 8.126981 15.025030 648.787150 100.000000
 14.200000 0.023468 13.089529 -1.935502 15.113199 650.163054 100.000000
 14.400000 0.021548 11.533453 -3.579746 15.178932 644.366269 100.000000
 14.600000 0.044777 24.118023 8.939091 15.505059 690.175788 100.000000
 14.800000 0.020962 11.593274 -3.911785 15.562140 768.834880 100.000000
 15.000000 0.036229 24.199500 8.637360 15.878465 810.192654 100.000000
 15.200000 0.052752 19.890225 4.011760 16.058005 954.418737 100.000000
 15.400000 0.028023 19.986621 3.928616 16.222670 1019.675366 100.000000
 15.600000 0.020714 12.366850 -3.855819 16.281977 1018.859135 100.000000
 15.800000 0.035225 24.741752 8.459775 16.579881 1048.148275 100.000000
 16.000000 0.060975 11.171792 -5.408089 16.625367 1129.606674 100.000000
 16.200000 0.023863 16.857067 0.231700 16.730518 1161.334397 100.000000
 16.400000 0.064270 8.688529 -8.041989 16.750890 1239.611001 100.000000
 16.600000 0.063521 10.182791 -6.568099 16.776648 1228.812474 100.000000
 16.800000 0.032607 24.500250 7.723602 17.031997 1276.658909 100.000000
 17.000000 0.040608 25.981539 8.949542 17.352752 1421.721592 100.000000
 17.200000 0.025787 19.833537 2.480785 17.493271 1484.004563 100.000000
 17.400000 0.027022 21.607743 4.114473 17.660543 1494.542092 100.000000
 17.600000 0.021412 15.393832 -2.266711 17.746223 1493.333599 100.000000
 17.800000 0.059192 15.163172 -2.583052 17.797790 1624.138388 100.000000
 18.000000 0.021270 15.821722 -1.976067 17.883777 1662.705738 100.000000
 18.200000 0.023132 18.835560 0.951783 18.000212 1671.393489 100.000000
 18.400000 0.059589 15.385758 -2.614453 18.046954 1858.650469 100.000000
 18.600000 0.033233 26.464774 8.417820 18.316141 2013.999848 100.000000
 18.800000 0.063711 11.810228 -6.505913 18.335180 2079.738529 100.000000
 19.000000 0.017193 11.191932 -7.143248 18.382543 2144.798566 100.000000
 19.200000 0.054274 21.243396 2.860853 18.485475 2221.583419 100.000000
 19.400000 0.045718 25.962111 7.476636 18.719575 2500.834668 100.000000
 19.600000 0.028147 24.804852 6.085277 18.906515 2657.338376 100.000000
 19.800000 0.046621 26.109885 7.203370 19.123664 2915.072679 100.000000
 20.000000 0.039289 27.601367 8.477703 19.409906 3310.444378 100.000000
 20.200000 0.034513 27.831962 8.422056 19.675607 3478.406384 100.000000
 20.400000 0.052654 23.449425 3.773818 19.799977 3755.502053 100.000000
 20.600000 0.052952 23.660341 3.860364 19.925609 3781.618157 100.000000
 20.800000 0.016579 11.186995 -8.738614 19.959130 4070.771239 100.000000
 21.000000 0.050740 25.594745 5.635614 20.119989 4451.943648 100.000000
 21.200000 0.064580 12.121256 -7.998733 20.139890 4437.733018 100.000000
 21.400000 0.039337 28.491916 8.352026 20.413291 4916.639780 100.000000
 21.600000 0.016947 12.456464 -7.956826 20.446698 5284.909337 100.000000
 21.800000 0.040205 28.822676 8.375978 20.717740 5542.975500 100.000000
 22.000000 0.015616 11.256341 -9.461399 20.742121 5863.734225 100.000000
 22.200000 0.020903 19.249600 -1.492522 20.810547 6009.934615 100.000000
 22.400000 0.043384 28.892363 8.081816 21.059032 6404.875195 100.000000
 22.600000 0.039920 29.496199 8.437167 21.325979 7009.411891 100.000000
 22.800000 0.053110 24.832155 3.506176 21.449268 7472.075214 100.000000
 23.000000 0.048021 28.434113 6.984844 21.648756 7577.303830 100.000000
 23.200000 0.038726 30.015509 8.366753 21.909612 8461.967416 100.000000
 23.400000 0.034675 29.708240 7.798628 22.141630 9337.334187 100.000000
 23.600000 0.030030 28.205893 6.064263 22.316007 9470.922225 100.000000
 23.800000 0.018960 17.339056 -4.976951 22.359495 9933.823206 100.000000
 24.000000 0.066887 10.433001 -11.926494 22.366601 10182.722722 100.000000
 24.200000 0.071088 7.068630 -15.297970 22.367497 10102.247932 100.000000
 24.400000 0.063262 15.615801 -6.751697 22.387795 10026.340810 100.000000
 24.600000 0.039611 30.801350 8.413554 22.643695 10902.815085 100.000000
 24.800000 0.039474 31.121100 8.477405 22.899315 11810.898039 100.000000
 25.000000 0.033078 30.380997 7.481681 23.114042 12426.721161 100.000000
 25.200000 0.044411 30.839946 7.725904 23.338894 13655.046263 100.000000
 25.400000 0.041859 31.711196 8.372303 23.584884 14991.154516 100.000000
 25.600000 0.056035 23.573502 -0.011382 23.658525 16404.164190 100.000000
 25.800000 0.057880 22.178700 -1.479825 23.715304 17325.745632 100.000000
 26.000000 0.038369 32.171879 8.456575 23.961236 18088.309630 100.000000
 26.200000 0.020828 20.545830 -3.415406 24.010778 19113.619386 100.000000
 26.400000 0.024737 25.552168 1.541390 24.103642 19299.491832 100.000000
 26.600000 0.017649 16.720398 -7.383244 24.134081 19468.603463 100.000000
 26.800000 0.023318 24.876713 0.742633 24.214710 20088.423450 100.000000
 27.000000 0.037414 32.538132 8.323423 24.452972 20850.759787 100.000000
 27.200000 0.047501 30.757783 6.304811 24.628570 21439.053026 100.000000
 27.400000 0.053516 26.951533 2.322963 24.727274 22605.228972 100.000000
 27.600000 0.060303 20.389640 -4.337634 24.762026 22470.638223 100.000000
 27.800000 0.058654 22.709041 -2.052985 24.810888 23703.136110 100.000000
 28.000000 0.067774 12.359860 -12.451028 24.816751 23694.022003 100.000000
 28.200000 0.050169 30.275114 5.458363 24.965453 24887.927743 100.000000
 28.400000 0.062749 19.051076 -5.914377 24.990072 26391.948423 100.000000
 28.600000 0.027057 28.709390 3.719317 25.101656 26689.793808 100.000000
 28.800000 0.019296 20.333595 -4.768061 25.140978 27939.996829 100.000000
 29.000000 0.043086 33.066619 7.925640 25.358431 28848.032544 100.000000
 29.200000 0.022308 24.915231 -0.443200 25.420562 30442.104954 100.000000
 29.400000 0.034867 32.977057 7.556495 25.625031 31907.508039 100.000000
 29.600000 0.058989 23.741122 -1.883909 25.669940 33377.967435 100.000000
 29.800000 0.035504 33.401907 7.731967 25.877930 34473.080562 100.000000
 30.000000 0.038323 34.031264 8.153334 26.099573 36536.404779 100.000000
 30.200000 0.042388 34.047982 7.948409 26.314053 38320.900058 100.000000
 30.400000 0.047023 32.924994 6.610940 26.489076 40072.554247 100.000000
 30.600000 0.055702 27.473957 0.984880 26.562257 40032.684113 100.000000
 30.800000 0.018589 20.137227 -6.425030 26.592680 41076.917798 100.000000
 31.000000 0.035974 34.327229 7.734549 26.797295 43203.419757 100.000000
 31.200000 0.054920 28.527890 1.730595 26.877311 45008.966159 100.000000
 31.400000 0.042838 34.797687 7.920375 27.086103 45562.674598 100.000000
 31.600000 0.030147 32.429394 5.343291 27.226937 46780.832754 100.000000
 31.800000 0.029862 32.566528 5.339592 27.366933 49697.743643 100.000000
 32.000000 0.043860 34.947845 7.580912 27.563718 52984.519813 100.000000
 32.200000 0.048049 33.675782 6.112063 27.721091 54878.139521 100.000000
 32.400000 0.059266 24.693058 -3.028032 27.761390 54673.512328 100.000000
 32.600000 0.035452 35.258066 7.496676 27.953074 55179.591085 100.000000
 32.800000 0.018364 20.446689 -7.506385 27.980237 55308.435077 100.000000
 33.000000 0.014868 14.725885 -13.254352 27.993471 55250.639247 100.000000
 33.200000 0.037086 35.890363 7.896893 28.195118 55583.789780 100.000000
 33.400000 0.044103 35.706727 7.511609 28.385858 62642.004036 100.000000
 33.600000 0.045808 35.406186 7.020329 28.563166 64595.268967 100.000000
 33.800000 0.026254 30.992619 2.429453 28.651084 70747.989578 100.000000
 34.000000 0.030134 33.918450 5.267366 28.786572 71876.605490 100.000000
 34.200000 0.055350 29.331775 0.545203 28.853788 73930.329219 100.000000
 34.400000 0.046841 35.424157 6.570369 29.016525 74329.282542 100.000000
 34.600000 0.049309 34.452129 5.435604 29.154475 80887.771976 100.000000
 34.800000 0.021124 25.990809 -3.163666 29.194687 83563.324526 100.000000
 35.000000 0.022206 27.795770 -1.398916 29.243945 86489.438185 100.000000
 35.200000 0.026742 32.521352 3.277406 29.336486 90836.661418 100.000000
 35.400000 0.020534 26.097001 -3.239485 29.377997 91402.864174 100.000000
 35.600000 0.036887 37.010562 7.632565 29.567383 94544.761601 100.000000
 35.800000 0.020221 26.026421 -3.540962 29.607978 95032.310953 100.000000
 36.000000 0.070311 10.785825 -18.822153 29.608848 96652.593782 100.000000
 36.200000 0.042275 37.327281 7.718432 29.795347 98989.567166 100.000000
 36.400000 0.069921 12.030559 -17.764788 29.796455 100789.764819 100.000000
 36.600000 0.028519 34.527337 4.730882 29.911031 105437.648483 100.000000
 36.800000 0.037915 37.710080 7.799049 30.101586 110616.868956 100.000000
 37.000000 0.037331 37.881681 7.780095 30.290537 119320.180545 100.000000
 37.200000 0.031412 36.454854 6.164316 30.438250 126853.520815 100.000000
 37.400000 0.032309 37.064835 6.626585 30.596022 128928.806393 100.000000
 37.600000 0.028719 35.561012 4.964990 30.718402 137388.725832 100.000000
 37.800000 0.044944 37.345445 6.627043 30.875173 149065.812503 100.000000
 38.000000 0.052745 32.674778 1.799604 30.952837 149408.874145 100.000000
 38.200000 0.026661 34.408619 3.455782 31.049847 155260.123443 100.000000
 38.400000 0.035838 38.669933 7.620085 31.229446 169226.133575 100.000000
 38.600000 0.057842 27.922293 -3.307153 31.263685 172583.114215 100.000000
 38.800000 0.061745 23.599984 -7.663701 31.279621 174487.976931 100.000000
 39.000000 0.048423 36.341480 5.061859 31.400929 188117.618448 100.000000
 39.200000 0.032740 38.152543 6.751614 31.555753 199929.822902 100.000000
 39.400000 0.056604 30.083393 -1.472359 31.599642 202349.391950 100.000000
 39.600000 0.036307 39.228859 7.629217 31.775705 203957.957156 100.000000
 39.800000 0.068483 15.075631 -16.700074 31.777601 212186.426910 100.000000
 40.000000 0.032613 38.532489 6.754888 31.930710 218722.408204 100.000000
 40.200000 0.038648 39.744623 7.813914 32.110643 228552.170736 100.000000
 40.400000 0.012488 12.066135 -20.044508 32.118056 232795.007207 100.000000
 40.600000 0.012039 11.945533 -20.172523 32.124526 231659.870905 100.000000
 40.800000 0.023056 31.793392 -0.331133 32.186549 231974.874757 100.000000
 41.000000 0.077185 5.133547 -27.053001 32.185190 235186.540596 100.000000
 41.200000 0.051762 34.778440 2.593250 32.264966 245223.703199 100.000000
 41.400000 0.057892 29.429046 -2.835920 32.298219 244175.355545 100.000000
 41.600000 0.013643 15.828039 -16.470179 32.309035 252049.091111 100.000000
 41.800000 0.012659 14.518064 -17.790971 32.317444 250846.753380 100.000000
 42.000000 0.021351 30.487020 -1.830425 32.365787 249838.257781 100.000000
 42.200000 0.049182 36.898674 4.532888 32.471438 253300.252425 100.000000
 42.400000 0.042377 39.716185 7.244746 32.634750 276739.477425 100.000000
 42.600000 0.074375 8.947583 -23.687167 32.633728 280777.540413 100.000000
 42.800000 0.048269 37.780167 5.146439 32.750860 280219.938163 100.000000
 43.000000 0.016530 22.923958 -9.826902 32.770506 281839.929554 100.000000
 43.200000 0.021491 31.342761 -1.427745 32.816711 280643.075353 100.000000
 43.400000 0.027868 37.270103 4.453392 32.918810 280940.035153 100.000000
 43.600000 0.051218 36.199513 3.280703 33.004429 302264.008729 200.000000
 43.800000 0.087556 0.830389 -32.174040 33.004429 301174.527731 200.000000
 44.000000 0.063217 23.636524 -9.367905 33.016139 299866.262645 200.000000
 44.200000 0.042193 40.277547 7.261408 33.016139 302561.709084 200.000000
 44.400000 0.036573 40.425352 7.409213 33.180667 328322.434137 200.000000
 44.600000 0.071624 13.169772 -20.010895 33.180667 334386.952664 200.000000
 44.800000 0.087645 0.810066 -32.370601 33.179273 332925.284655 200.000000
 45.000000 0.080301 4.905575 -28.273699 33.179273 331446.674758 200.000000
 45.200000 0.070722 14.362058 -18.817215 33.179490 330035.667914 200.000000
 45.400000 0.068144 18.253274 -14.926216 33.179490 328582.543550 200.000000
 45.600000 0.075645 9.253790 -23.925700 33.178323 327144.083592 200.000000
 45.800000 0.067838 19.072922 -14.105401 33.178323 325955.402543 200.000000
 46.000000 0.075203 10.528966 -22.649357 33.177225 324561.803899 200.000000
 46.200000 0.063871 24.024309 -9.152916 33.177225 323163.108911 200.000000
 46.400000 0.064645 23.139953 -10.037272 33.184877 321783.194414 200.000000
 46.600000 0.065489 22.617038 -10.567839 33.184877 321740.472154 200.000000
 46.800000 0.072638 14.337886 -18.846991 33.184391 320366.581215 200.000000
 47.000000 0.082896 4.762725 -28.421666 33.184391 319003.605320 200.000000
 47.200000 0.077206 9.819795 -23.364596 33.183151 317653.123479 200.000000
 47.400000 0.053546 34.963835 1.780684 33.183151 319558.583005 200.000000
 47.600000 0.052737 35.588154 2.405003 33.256053 319599.390271 200.000000
 47.800000 0.067361 21.267335 -11.988718 33.256053 319052.614294 200.000000
 48.000000 0.077303 10.502361 -22.753691 33.254828 317816.135713 200.000000
 48.200000 0.040718 40.703351 7.448523 33.254828 327281.881071 200.000000
 48.400000 0.049456 37.975930 4.721103 33.359425 338763.484452 200.000000
 48.600000 0.042766 40.559390 7.199965 33.359425 365575.541590 200.000000
 48.800000 0.052477 36.252561 2.893136 33.438306 390280.669582 200.000000
 49.000000 0.013315 17.181125 -16.257181 33.438306 397981.912854 200.000000
 49.200000 0.034407 40.307823 6.869517 33.586276 420311.743468 200.000000
 49.400000 0.066793 22.152859 -11.433418 33.586276 424605.000298 200.000000
 49.600000 0.058872 30.550539 -3.035738 33.617944 422968.649919 200.000000
 49.800000 0.082448 6.247805 -27.370139 33.617944 421375.906385 200.000000
 50.000000 0.068175 20.893157 -12.724787 33.620855 419691.667649 200.000000
 50.200000 0.087357 3.064728 -30.556127 33.620855 418024.542254 200.000000
 50.400000 0.083532 5.430138 -28.190716 33.619451 416366.206969 200.000000
 50.600000 0.043027 40.736341 7.116890 33.619451 421200.022666 200.000000
 50.800000 0.064461 25.230679 -8.388772 33.629322 437235.631328 200.000000
 51.000000 0.052231 37.020466 3.391144 33.629322 442825.174437 200.000000
 51.200000 0.044390 40.462771 6.833448 33.776060 451672.755752 200.000000
 51.400000 0.053195 36.440642 2.664582 33.776060 468192.059163 200.000000
 51.600000 0.046166 40.176091 6.400031 33.911424 476560.282343 200.000000
 51.800000 0.026883 37.112673 3.201249 33.911424 499007.567697 200.000000
 52.000000 0.007082 6.341830 -27.569594 33.911560 501192.902738 300.000000
 52.200000 0.011033 13.460508 -20.451053 33.915489 506791.441136 300.000000
 52.400000 0.019057 28.822428 -5.093060 33.915489 504876.189942 300.000000
 52.600000 0.037934 41.285670 7.370181 33.915489 508790.426710 300.000000
 52.800000 0.039515 41.374685 7.459196 34.077056 539349.115044 300.000000
 53.000000 0.043731 41.183087 7.106030 34.077056 572439.883349 300.000000
 53.200000 0.051951 37.515167 3.438110 34.077056 586231.163761 300.000000
 53.400000 0.042931 41.330645 7.253588 34.231844 609905.660413 300.000000
 53.600000 0.015541 22.712414 -11.519431 34.231844 616022.306876 300.000000
 53.800000 0.040526 41.758814 7.526969 34.231844 629731.435433 300.000000
 54.000000 0.062652 27.529138 -6.702706 34.246914 649199.749621 300.000000
 54.200000 0.035598 41.220332 6.973418 34.246914 659110.708346 300.000000
 54.400000 0.080371 9.128324 -25.118590 34.246914 678267.903559 300.000000
 54.600000 0.064289 26.180678 -8.066236 34.257271 676211.155714 300.000000
 54.800000 0.010539 13.247245 -21.010025 34.257271 683622.371117 300.000000
 55.000000 0.038550 41.700680 7.443409 34.257271 695463.594050 300.000000
 55.200000 0.034408 40.898323 6.641053 34.398135 709018.487786 400.000000
 55.400000 0.029884 39.204289 4.806154 34.398135 723850.030032 400.000000
 55.600000 0.036976 41.694404 7.296269 34.398135 748800.501399 400.000000
 55.800000 0.020960 31.567905 -2.830230 34.398135 753432.732568 400.000000
 56.000000 0.014099 19.951217 -14.446918 34.406956 754787.429963 400.000000
 56.200000 0.026916 37.464104 3.057148 34.406956 753890.964172 400.000000
 56.400000 0.024196 35.339950 0.932994 34.406956 776668.276449 400.000000
 56.600000 0.017941 27.470556 -6.936400 34.406956 778433.911917 400.000000
 56.800000 0.008477 10.200353 -24.206603 34.407902 789274.401028 400.000000
 57.000000 0.015848 24.230451 -10.177451 34.407902 786509.324832 400.000000
 57.200000 0.009678 12.939919 -21.467983 34.407902 783777.675828 400.000000
 57.400000 0.035771 41.466316 7.058414 34.407902 791422.549348 400.000000
 57.600000 0.023846 35.089419 0.681517 34.461253 798484.658938 400.000000
 57.800000 0.018070 28.171829 -6.289423 34.461253 796433.797867 400.000000
 58.000000 0.013422 19.837045 -14.624207 34.461253 793699.610514 400.000000
 58.200000 0.029156 39.055733 4.594480 34.461253 792790.093613 400.000000
 58.400000 0.022040 33.545324 -0.915928 34.503614 812483.802173 400.000000
 58.600000 0.010837 15.089476 -19.414138 34.503614 809778.630013 400.000000
 58.800000 0.009205 12.228358 -22.275256 34.503614 807052.258878 400.000000
 59.000000 0.013708 20.518396 -13.985218 34.503614 804336.298278 400.000000
 59.200000 0.010720 14.876514 -19.627100 34.507505 803670.475996 400.000000
 59.400000 0.014321 22.245400 -12.262106 34.507505 800966.339741 400.000000
 59.600000 0.018609 29.602008 -4.905497 34.507505 798328.921324 400.000000
 59.800000 0.016960 26.972094 -7.535412 34.507505 795678.316334 400.000000
 60.000000 0.012260 18.361942 -16.145564 34.513957 793810.861778 400.000000
 60.200000 0.009366 13.619088 -20.894869 34.513957 791348.367997 400.000000
 60.400000 0.014313 22.750144 -11.763813 34.513957 788753.594760 400.000000
 60.600000 0.043371 41.564064 7.050107 34.513957 809322.491832 400.000000
 60.800000 0.052686 37.296979 2.783021 34.588856 837405.571724 400.000000
 61.000000 0.050764 38.798876 4.210021 34.588856 836312.421342 400.000000
 61.200000 0.031161 40.171438 5.582582 34.588856 848514.435972 400.000000
 61.400000 0.025043 36.806672 2.217816 34.588856 865198.166498 400.000000
 61.600000 0.039845 41.990080 7.401224 34.745169 868796.737568 400.000000
 61.800000 0.023333 35.444224 0.699056 34.745169 895004.151382 400.000000
 62.000000 0.037081 41.984764 7.239595 34.745169 898455.651083 400.000000
 62.200000 0.025675 37.278544 2.533375 34.745169 925952.475804 500.000000
 62.400000 0.032242 40.695657 5.950488 34.745169 932976.486015 500.000000
 62.600000 0.032523 40.800022 6.054853 34.745169 955409.194920 500.000000
 62.800000 0.028089 38.767764 4.022595 34.745169 971438.007410 500.000000
 63.000000 0.029528 39.517860 4.772692 34.846809 984685.382550 500.000000
 63.200000 0.025186 37.111733 2.264923 34.846809 1000105.791719 500.000000
 63.400000 0.048187 40.253726 5.406917 34.846809 1025762.159015 500.000000
 63.600000 0.063254 27.726314 -7.120495 34.846809 1023638.448032 500.000000
 63.800000 0.039745 42.261335 7.414526 34.846809 1039550.289287 500.000000
 64.000000 0.050730 38.879382 4.032573 34.937451 1064756.450325 500.000000
 64.200000 0.077208 12.407205 -22.530246 34.937451 1062062.564617 500.000000
 64.400000 0.050076 39.491953 4.554502 34.937451 1064022.173992 500.000000
 64.600000 0.059607 31.593120 -3.344331 34.937451 1061233.598605 500.000000
 64.800000 0.040626 42.309389 7.371938 34.937451 1087054.887630 500.000000
 65.000000 0.043791 41.912804 6.975353 35.081469 1095911.162500 500.000000
 65.200000 0.060232 30.964330 -4.117139 35.081469 1099176.765906 500.000000
 65.400000 0.025616 37.431162 2.349693 35.081469 1105694.114027 600.000000
 65.600000 0.038972 42.464652 7.383183 35.081469 1125016.495206 600.000000
 65.800000 0.044211 42.017673 6.936204 35.081469 1137300.041310 600.000000
 66.000000 0.040885 42.477372 7.395903 35.235282 1170134.159759 600.000000
 66.200000 0.055456 35.632129 0.396847 35.235282 1195739.059550 600.000000
 66.400000 0.043201 42.404761 7.169479 35.235282 1200171.163816 600.000000
 66.600000 0.032019 40.954708 5.719426 35.235282 1208369.851415 600.000000
 66.800000 0.034368 41.788633 6.553351 35.235282 1237547.035203 600.000000
 67.000000 0.068879 21.675286 -13.559996 35.235282 1262792.136280 600.000000
 67.200000 0.065965 24.857205 -10.378077 35.241066 1259038.384187 600.000000
 67.400000 0.069540 21.306998 -13.934069 35.241066 1255904.956568 600.000000
 67.600000 0.056380 34.949437 -0.291630 35.241066 1252545.488666 600.000000
 67.800000 0.036544 42.332418 7.091351 35.241066 1273678.507840 600.000000
 68.000000 0.058457 33.009450 -2.231616 35.241066 1282378.520440 600.000000
 68.200000 0.025748 37.542861 2.301795 35.241066 1290606.465206 600.000000
 68.400000 0.053386 37.461884 2.220818 35.311127 1319416.919435 700.000000
 68.600000 0.053711 37.446758 2.135631 35.379990 1341376.083978 700.000000
 68.800000 0.037279 42.493181 7.113191 35.379990 1352725.219207 700.000000
 69.000000 0.058242 33.597087 -1.782903 35.379990 1354836.794580 700.000000
 69.200000 0.047086 41.557825 6.177835 35.379990 1354481.823968 700.000000
 69.400000 0.026728 38.205755 2.825765 35.379990 1385596.689560 700.000000
 69.600000 0.032868 41.289573 5.909583 35.379990 1398103.017244 700.000000
 69.800000 0.025293 37.212802 1.832812 35.379990 1421798.586591 700.000000
 70.000000 0.037201 42.479976 7.099986 35.527013 1444914.571191 700.000000
 70.200000 0.080825 8.768034 -26.758979 35.527013 1453617.428228 700.000000
 70.400000 0.066729 24.516256 -11.010757 35.527013 1449490.684014 700.000000
 70.600000 0.073221 17.087690 -18.439323 35.527013 1445388.744599 700.000000
 70.800000 0.078659 10.946940 -24.580073 35.527013 1441305.962618 700.000000
 71.000000 0.079663 9.907496 -25.619516 35.527013 1437246.805613 700.000000
 71.200000 0.070722 19.987136 -15.539877 35.527013 1433209.879267 700.000000
 71.400000 0.081504 8.136538 -27.390475 35.525654 1429196.777016 700.000000
 71.600000 0.082356 8.221198 -27.304455 35.525654 1425210.246793 700.000000
 71.800000 0.078450 11.936324 -23.589330 35.525654 1421240.463492 700.000000
 72.000000 0.087510 4.389022 -31.136632 35.525654 1417292.795921 700.000000
 72.200000 0.094853 1.231618 -34.294035 35.525654 1413366.842297 700.000000
 72.400000 0.077039 13.397332 -22.128321 35.525654 1409462.860803 700.000000
 72.600000 0.086987 4.715059 -30.810595 35.525654 1405580.101152 700.000000
 72.800000 0.090078 2.992406 -32.533248 35.524287 1401718.657096 700.000000
 73.000000 0.083224 8.134015 -27.390272 35.524287 1397878.376515 700.000000
 73.200000 0.079946 10.816603 -24.707684 35.524287 1394063.852898 700.000000
 73.400000 0.078210 12.430967 -23.093320 35.524287 1390265.632310 700.000000
 73.600000 0.080526 10.305285 -25.219002 35.524287 1386490.418111 700.000000
 73.800000 0.082010 9.067864 -26.456423 35.524287 1382733.329200 700.000000
 74.000000 0.077439 13.183429 -22.340858 35.524287 1379007.429167 700.000000
 74.200000 0.079177 11.516692 -24.007595 35.523009 1375290.893704 700.000000
 74.400000 0.077167 14.154297 -21.368712 35.523009 1371599.019300 700.000000
 74.600000 0.077037 14.280630 -21.242379 35.523009 1367922.260945 700.000000
 74.800000 0.077556 13.779087 -21.743922 35.523009 1364265.137181 700.000000
 75.000000 0.087316 5.854600 -29.668408 35.523009 1362536.466032 700.000000
 75.200000 0.084844 7.525056 -27.997952 35.523009 1358912.893757 700.000000
 75.400000 0.077814 13.531550 -21.991459 35.523009 1355317.836543 700.000000
 75.600000 0.081959 9.783380 -25.739629 35.521677 1351733.669299 700.000000
 75.800000 0.102153 0.417717 -35.103960 35.521677 1348167.876352 700.000000
 76.000000 0.084854 8.239752 -27.281925 35.521677 1344656.019103 700.000000
 76.200000 0.073667 18.010238 -17.511439 35.521677 1341127.359146 700.000000
 76.400000 0.088340 5.751408 -29.770270 35.521677 1337616.876099 700.000000
 76.600000 0.074019 17.680049 -17.841628 35.521677 1334125.229592 700.000000
 76.800000 0.080575 11.750772 -23.770905 35.521677 1330653.345022 700.000000
 77.000000 0.079775 12.447050 -23.074627 35.520407 1327197.228675 700.000000
 77.200000 0.092887 3.263349 -32.257058 35.520407 1323759.709421 700.000000
 77.400000 0.082521 10.751641 -24.768766 35.520407 1320339.596862 700.000000
 77.600000 0.090429 4.677518 -30.842889 35.520407 1316937.583622 700.000000
 77.800000 0.081589 11.560934 -23.959473 35.520407 1313552.645562 700.000000
 78.000000 0.084633 8.961156 -26.559251 35.520407 1310185.548702 700.000000
 78.200000 0.072493 19.530678 -15.989730 35.520407 1306845.425339 700.000000
 78.400000 0.083484 9.925528 -25.594879 35.519084 1303512.699734 700.000000
 78.600000 0.068523 23.277266 -12.241818 35.519084 1300198.712041 700.000000
 78.800000 0.083039 11.085641 -24.433443 35.519084 1296899.945882 700.000000
 79.000000 0.092353 3.896555 -31.622530 35.519084 1293620.737958 700.000000
 79.200000 0.088039 6.931813 -28.587271 35.519084 1290373.391501 700.000000
 79.400000 0.085801 8.751291 -26.767793 35.519084 1287123.784676 700.000000
 79.600000 0.085268 9.197438 -26.321647 35.519084 1283890.114169 700.000000
 79.800000 0.093524 3.222030 -32.297054 35.517724 1280672.464646 700.000000
 80.000000 0.074617 18.031207 -17.486516 35.517724 1277472.025417 700.000000
 80.200000 0.089316 6.827921 -28.689803 35.517724 1274292.724363 700.000000
 80.400000 0.065424 26.287303 -9.230420 35.517724 1271131.925508 700.000000
 80.600000 0.091482 5.445505 -30.072219 35.517724 1267983.140408 700.000000
 80.800000 0.092976 4.569609 -30.948115 35.517724 1264848.195881 700.000000
 81.000000 0.084098 10.606794 -24.910930 35.517724 1261727.520953 700.000000
 81.200000 0.066230 25.485116 -10.032608 35.523536 1258625.149983 700.000000
 81.400000 0.084655 10.193255 -25.330281 35.523536 1255538.290291 700.000000
 81.600000 0.081935 12.318865 -23.204671 35.523536 1252813.168160 700.000000
 81.800000 0.085753 9.361900 -26.161637 35.523536 1249753.034494 700.000000
 82.000000 0.075756 17.285088 -18.238448 35.523536 1246766.833640 700.000000
 82.200000 0.082411 11.941401 -23.582135 35.523536 1243739.192039 700.000000
 82.400000 0.064675 27.431994 -8.091542 35.523536 1240726.785495 700.000000
 82.600000 0.070913 21.438312 -14.085224 35.524136 1237737.996948 700.000000
 82.800000 0.083538 11.148855 -24.375281 35.524136 1234761.747939 700.000000
 83.000000 0.067903 24.685945 -10.838191 35.524136 1231847.683196 700.000000
 83.200000 0.078275 15.515590 -20.008545 35.524136 1228893.598154 700.000000
 83.400000 0.081925 12.463736 -23.060400 35.524136 1225950.438780 700.000000
 83.600000 0.083741 10.986374 -24.537762 35.524136 1223020.224101 700.000000
 83.800000 0.086669 8.720724 -26.803412 35.524136 1220105.096903 700.000000
 84.000000 0.087309 8.249319 -27.274816 35.522804 1217201.863682 700.000000
 84.200000 0.073698 19.564170 -15.958634 35.522804 1214325.096503 700.000000
 84.400000 0.073749 19.521715 -16.001089 35.522804 1211450.881429 700.000000
 84.600000 0.081009 13.782536 -21.740268 35.522804 1208588.776368 700.000000
 84.800000 0.074663 18.763619 -16.759185 35.522804 1205743.346379 700.000000
 85.000000 0.062691 29.663312 -5.859492 35.522804 1202938.564753 700.000000
 85.200000 0.081556 13.368048 -22.154756 35.522804 1200191.595480 700.000000
 85.400000 0.067726 24.867224 -10.655580 35.526404 1197388.498108 700.000000
 85.600000 0.081754 13.272743 -22.253662 35.526404 1194599.737303 700.000000
 85.800000 0.080767 14.038015 -21.488390 35.526404 1191818.924809 700.000000
 86.000000 0.079875 14.737107 -20.789297 35.526404 1189071.302544 700.000000
 86.200000 0.083967 11.582981 -23.943423 35.526404 1186314.122307 700.000000
 86.400000 0.094993 3.960093 -31.566312 35.526404 1183574.847003 700.000000
 86.600000 0.075669 18.159013 -17.367391 35.526404 1180855.344673 700.000000
 86.800000 0.080344 14.368829 -21.157576 35.525165 1178136.766803 700.000000
 87.000000 0.078311 16.601691 -18.923474 35.525165 1175433.092222 700.000000
 87.200000 0.080476 14.911657 -20.613508 35.525165 1172739.103057 700.000000
 87.400000 0.073715 20.247003 -15.278162 35.525165 1170209.080789 700.000000
 87.600000 0.083606 12.435329 -23.089836 35.525165 1167544.354044 700.000000
 87.800000 0.073451 20.463065 -15.062101 35.525165 1164892.976804 700.000000
 88.000000 0.078062 16.795916 -18.729249 35.525165 1162257.456666 700.000000
 88.200000 0.061769 30.858805 -4.666360 35.543889 1159694.101036 700.000000
 88.400000 0.078377 16.568769 -18.975121 35.543889 1157102.530398 700.000000
 88.600000 0.073465 20.529356 -15.014533 35.543889 1154493.600077 700.000000
 88.800000 0.076206 18.288438 -17.255452 35.543889 1151914.447165 700.000000
 89.000000 0.077795 17.026244 -18.517645 35.543889 1149330.764546 700.000000
 89.200000 0.086215 10.356622 -25.187267 35.543889 1146771.244882 700.000000
 89.400000 0.076974 17.675545 -17.868344 35.543889 1144208.867939 700.000000
 89.600000 0.070619 22.992644 -12.551246 35.544944 1141826.766520 700.000000
 89.800000 0.082193 13.674967 -21.869978 35.544944 1139286.754527 700.000000
 90.000000 0.080925 14.716216 -20.828728 35.544944 1136757.778860 700.000000
 90.200000 0.075975 18.805267 -16.739677 35.544944 1134314.672684 700.000000
 90.400000 0.082701 13.257686 -22.287258 35.544944 1131809.781355 700.000000
 90.600000 0.062095 31.085819 -4.459125 35.544944 1129338.357972 700.000000
 90.800000 0.084554 11.741810 -23.803135 35.544944 1126935.973475 700.000000
 91.000000 0.073599 20.823966 -14.720978 35.544616 1124507.472160 700.000000
 91.200000 0.096783 3.046474 -32.498142 35.544616 1122044.463455 700.000000
 91.400000 0.085723 10.899959 -24.644658 35.544616 1119589.841630 700.000000
 91.600000 0.082982 13.225539 -22.319078 35.544616 1117146.161056 700.000000
 91.800000 0.089217 8.063314 -27.481302 35.544616 1114717.251269 700.000000
 92.000000 0.073612 21.301413 -14.243204 35.544616 1112295.409440 700.000000
 92.200000 0.091403 6.415661 -29.128956 35.544616 1109883.575365 700.000000
 92.400000 0.080985 14.946936 -20.597681 35.543394 1107481.649005 700.000000
 92.600000 0.088839 8.694318 -26.849076 35.543394 1105090.303923 700.000000
 92.800000 0.067240 26.886048 -8.657346 35.543394 1102715.453455 700.000000
 93.000000 0.065785 28.104337 -7.439056 35.543394 1100370.648872 700.000000
 93.200000 0.077371 18.615014 -16.928380 35.543394 1098030.372441 700.000000
 93.400000 0.088993 8.564801 -26.978592 35.543394 1095696.876078 700.000000
 93.600000 0.078358 17.799959 -17.743435 35.543394 1093389.807840 700.000000
 93.800000 0.073381 21.849403 -13.693991 35.543163 1091071.945124 700.000000
 94.000000 0.082091 14.829975 -20.713188 35.543163 1088764.056103 700.000000
 94.200000 0.082861 14.123549 -21.419614 35.543163 1086460.221341 700.000000
 94.400000 0.080484 16.286184 -19.256979 35.543163 1084511.222443 700.000000
 94.600000 0.083361 13.664233 -21.878930 35.543163 1082219.082259 700.000000
 94.800000 0.082485 14.469186 -21.073977 35.543163 1079939.518537 700.000000
 95.000000 0.087103 10.252566 -25.290597 35.543163 1077684.803611 700.000000
 95.200000 0.067582 26.932334 -8.610828 35.547376 1075429.279815 700.000000
 95.400000 0.075624 20.677317 -14.870059 35.547376 1073206.208376 700.000000
 95.600000 0.073831 22.205273 -13.342103 35.547376 1070978.969752 700.000000
 95.800000 0.078232 18.390279 -17.157097 35.547376 1069123.843643 700.000000
 96.000000 0.101064 1.326081 -34.221295 35.547376 1066896.530666 700.000000
 96.200000 0.084473 12.662380 -22.884996 35.547376 1064678.926286 700.000000
 96.400000 0.087387 10.006139 -25.541237 35.547376 1062470.350559 700.000000
 96.600000 0.082095 14.869654 -20.677722 35.546148 1060289.736064 700.000000
 96.800000 0.093885 4.990714 -30.555434 35.546148 1058099.177675 700.000000
 97.000000 0.080729 16.750191 -18.795958 35.546148 1055950.213394 700.000000
 97.200000 0.081754 15.817223 -19.728926 35.546148 1053778.310720 700.000000
 97.400000 0.079993 17.407354 -18.138794 35.546148 1051615.388194 700.000000
 97.600000 0.088031 9.878621 -25.667527 35.546148 1049460.698588 700.000000
 97.800000 0.079876 17.510130 -18.036018 35.546148 1047405.453301 700.000000
 98.000000 0.095219 4.091597 -31.454551 35.544788 1045268.205572 700.000000
 98.200000 0.090525 8.442903 -27.101885 35.544788 1043139.698286 700.000000
 98.400000 0.086714 11.598064 -23.946724 35.544788 1041030.592570 700.000000
 98.600000 0.100714 2.190636 -33.354152 35.544788 1038919.097080 700.000000
 98.800000 0.088210 10.321234 -25.223555 35.544788 1036816.480191 700.000000
 99.000000 0.079229 18.149146 -17.395642 35.544788 1034724.142831 700.000000
 99.200000 0.078481 18.776793 -16.767996 35.544788 1032643.370386 700.000000
 99.400000 0.070341 25.248838 -10.295951 35.546236 1030588.362352 700.000000
 99.600000 0.075109 21.837806 -13.708431 35.546236 1028550.935122 700.000000
 99.800000 0.086265 12.017796 -23.528441 35.546236 1026533.459096 700.000000
 100.000000 0.076663 20.539299 -15.006937 35.546236 1024488.445602 700.000000
 100.200000 0.089916 8.932082 -26.614154 35.546236 1022444.078251 700.000000
 100.400000 0.077706 19.650557 -15.895680 35.546236 1020432.243180 700.000000
 100.600000 0.086257 12.024868 -23.521369 35.546236 1018447.896153 700.000000
 100.800000 0.087110 11.277831 -24.268405 35.544932 1016428.602908 700.000000
 101.000000 0.064331 30.173788 -5.371143 35.544932 1014471.092223 700.000000
 101.200000 0.084097 14.630856 -20.914075 35.544932 1012477.399317 700.000000
 101.400000 0.071232 25.013798 -10.531133 35.544932 1010493.461092 700.000000
 101.600000 0.084694 14.115582 -21.429349 35.544932 1008592.308379 700.000000
 101.800000 0.078333 19.445913 -16.099019 35.544932 1006883.473486 700.000000
 102.000000 0.065421 29.368840 -6.176092 35.544932 1004951.806674 700.000000
 102.200000 0.061062 32.624066 -2.920866 35.567350 1003131.608470 700.000000
 102.400000 0.076534 20.908151 -14.659200 35.567350 1001665.034367 700.000000
 102.600000 0.091568 8.247750 -27.319600 35.567350 999713.329743 700.000000
 102.800000 0.078459 19.356458 -16.210892 35.567350 997773.221835 700.000000
 103.000000 0.090018 9.526853 -26.040497 35.567350 995842.745512 700.000000
 103.200000 0.070192 25.931414 -9.635936 35.567350 993916.967409 700.000000
 103.400000 0.092989 7.121404 -28.445946 35.567350 991997.696481 700.000000
 103.600000 0.075523 21.715485 -13.851865 35.566783 990094.529079 700.000000
 103.800000 0.075952 21.843097 -13.723686 35.566783 988191.646977 700.000000
 104.000000 0.072540 24.512674 -11.054109 35.566783 986361.088525 700.000000
 104.200000 0.078197 20.006399 -15.560384 35.566783 984480.035436 700.000000
 104.400000 0.074460 23.026506 -12.540276 35.566783 982653.950216 700.000000
 104.600000 0.072882 24.249724 -11.317058 35.566783 980840.767143 700.000000
 104.800000 0.073384 23.863595 -11.703188 35.566783 979043.049142 700.000000
 105.000000 0.079746 18.697597 -16.869186 35.565720 977192.542614 700.000000
 105.200000 0.075727 22.477573 -13.088147 35.565720 975339.463164 700.000000
 105.400000 0.083955 15.428250 -20.137470 35.565720 973622.270194 700.000000
 105.600000 0.073434 24.181120 -11.384600 35.565720 971784.530232 700.000000
 105.800000 0.067741 28.211980 -7.353740 35.565720 969963.425159 700.000000
 106.000000 0.074869 23.124765 -12.440955 35.565720 968385.286364 700.000000
 106.200000 0.091890 8.136081 -27.429639 35.565720 966585.811559 700.000000
 106.400000 0.067655 28.271940 -7.293780 35.570384 964822.724948 700.000000
 106.600000 0.072045 25.473248 -10.097136 35.570384 963057.848299 700.000000
 106.800000 0.074533 23.593869 -11.976515 35.570384 961294.792037 700.000000
 107.000000 0.083822 15.577456 -19.992928 35.570384 959498.890616 700.000000
 107.200000 0.085589 13.896501 -21.673883 35.570384 957711.511486 700.000000
 107.400000 0.070534 26.579447 -8.990937 35.570384 955951.237500 700.000000
 107.600000 0.093444 6.867758 -28.702626 35.570384 954185.254232 700.000000
 107.800000 0.104953 0.895418 -34.674966 35.569052 952415.657204 700.000000
 108.000000 0.101516 2.990883 -32.578169 35.569052 950651.934894 700.000000
 108.200000 0.086070 13.465481 -22.103572 35.569052 948895.079110 700.000000
 108.400000 0.071583 25.814374 -9.754678 35.569052 947161.908559 700.000000
 108.600000 0.091460 8.679598 -26.889455 35.569052 945422.089762 700.000000
 108.800000 0.075070 23.176912 -12.392141 35.569052 943706.861964 700.000000
 109.000000 0.084488 14.959398 -20.609654 35.569052 942071.278901 700.000000
 109.200000 0.079731 19.325961 -16.243091 35.568033 940378.437571 700.000000
 109.400000 0.077319 21.865152 -13.702880 35.568033 938685.849535 700.000000
 109.600000 0.079590 19.970647 -15.597385 35.568033 937028.449030 700.000000
 109.800000 0.075177 23.514951 -12.053082 35.568033 935365.029634 700.000000
 110.000000 0.085750 14.127028 -21.441004 35.568033 933684.367395 700.000000
 110.200000 0.094229 6.675570 -28.892463 35.568033 931991.002133 700.000000
 110.400000 0.078853 20.603846 -14.964186 35.568033 930312.856280 700.000000
 110.600000 0.089467 10.556583 -25.011449 35.566714 928632.132472 700.000000
 110.800000 0.072386 25.557709 -10.009004 35.566714 926957.586693 700.000000
 111.000000 0.067800 28.651640 -6.915074 35.566714 925330.093220 700.000000
 111.200000 0.086747 13.851057 -21.715657 35.566714 923673.803125 700.000000
 111.400000 0.076120 22.925687 -12.641027 35.566714 922018.978408 700.000000
 111.600000 0.083614 16.766769 -18.799944 35.566714 920369.327379 700.000000
 111.800000 0.085714 14.821789 -20.744924 35.566714 918734.100434 700.000000
 112.000000 0.093437 7.893943 -27.672771 35.565376 917112.659076 700.000000
 112.200000 0.076597 22.620247 -12.945130 35.565376 915484.743081 700.000000
 112.400000 0.094551 7.880343 -27.685034 35.565376 913865.132576 700.000000
 112.600000 0.075922 23.106310 -12.459067 35.565376 912734.609369 700.000000
 112.800000 0.069210 27.706836 -7.858540 35.565376 911142.203043 700.000000
 113.000000 0.081333 18.981714 -16.583662 35.565376 909550.257638 700.000000
 113.200000 0.086337 14.746499 -20.818878 35.565376 907948.024789 700.000000
 113.400000 0.080678 19.510696 -16.054680 35.564313 906347.447073 700.000000
 113.600000 0.075868 23.553531 -12.010782 35.564313 904821.892818 700.000000
 113.800000 0.096251 6.679181 -28.885131 35.564313 903233.292117 700.000000
 114.000000 0.088205 13.419110 -22.145203 35.564313 901654.183087 700.000000
 114.200000 0.086209 15.235878 -20.328434 35.564313 900356.972492 700.000000
 114.400000 0.088802 12.878414 -22.685898 35.564313 898783.134813 700.000000
 114.600000 0.079652 20.834045 -14.730268 35.564313 897268.492243 700.000000
 114.800000 0.065334 30.347424 -5.216889 35.573416 895754.437026 700.000000
 115.000000 0.079293 21.152568 -14.420848 35.573416 894273.274251 700.000000
 115.200000 0.068672 28.474708 -7.098708 35.573416 892742.071456 700.000000
 115.400000 0.084320 16.943556 -18.629860 35.573416 891221.639916 700.000000
 115.600000 0.098161 5.400760 -30.172656 35.573416 889680.082368 700.000000
 115.800000 0.092284 9.807203 -25.766213 35.573416 888143.776677 700.000000
 116.000000 0.092147 9.924607 -25.648809 35.573416 886613.023545 700.000000
 116.200000 0.076983 22.869545 -12.703872 35.572779 885120.768332 700.000000
 116.400000 0.072339 26.407467 -9.165312 35.572779 883630.555068 700.000000
 116.600000 0.079180 21.665984 -13.906794 35.572779 882780.642008 700.000000
 116.800000 0.085483 16.112375 -19.460404 35.572779 881309.376169 700.000000
 117.000000 0.078829 21.940604 -13.632175 35.572779 879839.225110 700.000000
 117.200000 0.098218 5.369599 -30.203180 35.572779 878344.752156 700.000000
 117.400000 0.080911 20.249793 -15.322985 35.572779 876848.576999 700.000000
 117.600000 0.092859 9.355935 -26.216844 35.571457 875385.118771 700.000000
 117.800000 0.082225 19.360974 -16.210483 35.571457 873899.096596 700.000000
 118.000000 0.076458 23.739931 -11.831526 35.571457 872506.965494 700.000000
 118.200000 0.086648 15.551688 -20.019768 35.571457 871032.380786 700.000000
 118.400000 0.078049 22.619778 -12.951678 35.571457 869671.615959 700.000000
 118.600000 0.084698 17.254424 -18.317032 35.571457 868254.987086 700.000000
 118.800000 0.074785 24.856918 -10.714539 35.571457 866856.401891 700.000000
 119.000000 0.071913 26.683843 -8.887613 35.572500 865423.851988 700.000000
 119.200000 0.091672 11.177410 -24.395090 35.572500 864020.053566 700.000000
 119.400000 0.073034 26.353722 -9.218777 35.572500 862598.141845 700.000000
 119.600000 0.069457 28.565995 -7.006505 35.572500 861305.530445 700.000000
 119.800000 0.091620 11.222973 -24.349526 35.572500 860055.891637 700.000000
 120.000000 0.080318 21.090159 -14.482341 35.572500 859651.482365 700.000000
 120.200000 0.068672 29.037065 -6.535435 35.572500 858324.294317 700.000000
 120.400000 0.078505 22.530802 -13.041698 35.571731 857211.213659 700.000000
 120.600000 0.076154 24.692519 -10.879212 35.571731 855796.628567 700.000000
 120.800000 0.061414 33.451469 -2.120262 35.571731 854813.401696 700.000000
 121.000000 0.076810 24.235363 -11.336368 35.571731 856820.504907 700.000000
 121.200000 0.058830 35.111473 -0.460258 35.571731 855617.333548 700.000000
 121.400000 0.071420 27.642477 -7.929254 35.571731 854791.029429 700.000000
 121.600000 0.066641 30.356117 -5.215614 35.571731 853526.055245 700.000000
 121.800000 0.067507 29.865421 -5.706310 35.577177 852172.997259 700.000000
 122.000000 0.068119 29.848805 -5.728373 35.577177 851423.804986 700.000000
 122.200000 0.069523 29.043297 -6.533881 35.577177 850078.882697 700.000000
 122.400000 0.087018 15.486547 -20.090630 35.577177 848736.118460 700.000000
 122.600000 0.063342 32.548458 -3.028719 35.577177 847445.108566 700.000000
 122.800000 0.093757 9.447955 -26.129223 35.577177 846569.621710 700.000000
 123.000000 0.079771 22.051838 -13.525340 35.577177 845200.330851 700.000000
 123.200000 0.092706 10.348905 -25.228272 35.575871 843859.426837 700.000000
 123.400000 0.087649 15.492213 -20.083657 35.575871 842536.241299 700.000000
 123.600000 0.091991 11.737155 -23.838715 35.575871 841382.184759 700.000000
 123.800000 0.062599 32.978124 -2.597746 35.575871 840070.290464 700.000000
 124.000000 0.051360 39.838330 4.262459 35.575871 840515.734919 700.000000
 124.200000 0.061010 33.920569 -1.655302 35.575871 842562.971382 700.000000
 124.400000 0.043287 42.707854 7.131984 35.575871 859229.119376 700.000000
 124.600000 0.037665 42.746737 7.170866 35.720450 879784.108277 700.000000
 124.800000 0.019441 31.220415 -4.500035 35.720450 895748.432104 700.000000
 125.000000 0.036555 42.738152 7.017702 35.720450 913105.069460 700.000000
 125.200000 0.025033 37.096105 1.375655 35.720450 920745.262846 700.000000
 125.400000 0.038111 42.996645 7.276195 35.720450 932556.257320 700.000000
 125.600000 0.031268 40.898746 5.178296 35.720450 947296.779100 700.000000
