#! FIELDS time d1 sigma_d1 height biasf
#! SET multivariate false
#! SET kerneltype stretched-gaussian
                    0.2    0.03021868920730731                  0.007      1.333333333333333                     10
                    0.4    0.04448760291438356                  0.007      1.324839289659378                     10
                    0.6    0.04987886987154229                  0.007      1.282223030760096                     10
                    0.8    0.04206985571965279                  0.007       1.22182185134782                     10
                      1    0.03804413404525502                  0.007       1.19054965979306                     10
                    1.2    0.03485960925958338                  0.007      1.164038285235963                     10
                    1.4    0.03149668065809361                  0.007      1.151547053565353                     10
                    1.6    0.05516740240139725                  0.007      1.250180426143391                     10
                    1.8    0.04230919171268439                  0.007      1.067969583483083                     10
                      2    0.03790704112589325                  0.007      1.022704010255678                     10
                    2.2    0.03195758539653444                  0.007      1.050879371980776                     10
                    2.4    0.02911182520631564                  0.007      1.068084901525075                     10
                    2.6     0.0455216739512195                  0.007      1.016623386188523                     10
                    2.8    0.04814376998387594                  0.007      1.021722495754455                     10
                      3    0.02881428885346438                  0.007      1.028440186078904                     10
                    3.2    0.04929911012845512                  0.007      1.003220100675022                     10
                    3.4    0.04459652862871694                  0.007     0.8997790697433348                     10
                    3.6    0.02867610955667693                  0.007     0.9884977340427015                     10
                    3.8    0.03002152380114968                  0.007      0.922054775309783                     10
                      4    0.05195676214551677                  0.007       1.00201049240096                     10
                    4.2    0.03926437392458206                  0.007     0.8273122595579451                     10
                    4.4    0.03561566338223438                  0.007     0.8089603643958924                     10
      4.600000000000001    0.03944354564031249                  0.007     0.7799060843236909                     10
                    4.8    0.05276737582595153                  0.007     0.9741140111404495                     10
                      5    0.04381572676300977                  0.007     0.7719584231525567                     10
                    5.2    0.03114594114975324                  0.007     0.8171804107196149                     10
                    5.4    0.02200244676941897                  0.007      1.104771006850156                     10
      5.600000000000001    0.04790225559361506                  0.007     0.8020573708615435                     10
                    5.8    0.04476651725284111                  0.007     0.7333983713973139                     10
                      6    0.04437387079194761                  0.007     0.7092945780731457                     10
                    6.2    0.03371544956833315                  0.007      0.726449636096278                     10
                    6.4    0.04235706744251742                  0.007     0.6703908405967528                     10
      6.600000000000001    0.04881949577691892                  0.007     0.7448526258288131                     10
                    6.8    0.01876209117599183                  0.007      1.163770128556745                     10
                      7    0.04160559419142496                  0.007     0.6397781192072151                     10
                    7.2    0.04935139700018169                  0.007     0.7274446328722081                     10
                    7.4    0.03035323008572723                  0.007     0.7473111155501695                     10
      7.600000000000001    0.05097322275071627                  0.007     0.7561976244409807                     10
                    7.8    0.05583074651041647                  0.007      0.930537253388815                     10
                      8    0.05320120209878893                  0.007     0.7893484441810461                     10
      8.199999999999999    0.05488769458761598                  0.007     0.8318914478668563                     10
                    8.4    0.05382144835492245                  0.007     0.7641479267787609                     10
                    8.6    0.05292057798841951                  0.007     0.7111030877186685                     10
      8.800000000000001    0.05799640027215749                  0.007      0.899532427167465                     10
                      9    0.02893045762811531                  0.007     0.7611036555528898                     10
      9.200000000000001    0.02894135667840245                  0.007       0.73867247061639                     10
                    9.4    0.03226719177162599                  0.007     0.6515592817439393                     10
                    9.6       0.01912884024378                  0.007      1.064584222446525                     10
      9.800000000000001    0.01899125677004913                  0.007      1.026367055024596                     10
                     10    0.04444743643564963                  0.007     0.5653966560684571                     10
                   10.2    0.05754968683987143                  0.007     0.8450611931762713                     10
                   10.4    0.06778971242312465                  0.007      1.239964989222651                     10
                   10.6    0.02489614570587999                  0.007     0.7876675703379884                     10
                   10.8    0.03669353447611073                  0.007      0.579685315089955                     10
                     11    0.03934771079814393                  0.007     0.5545277258629242                     10
                   11.2    0.03449024789951361                  0.007     0.5709803535799138                     10
                   11.4    0.03453773166052568                  0.007     0.5580821631058772                     10
                   11.6    0.06209496809603533                  0.007      0.997168689588683                     10
                   11.8    0.04836069114559041                  0.007       0.55067583493334                     10
                     12    0.03111951454866964                  0.007     0.5861685789676331                     10
                   12.2    0.05865929102368746                  0.007     0.8158855550168539                     10
                   12.4    0.06607048470577612                  0.007      1.079756402282231                     10
                   12.6    0.07443242674583581                  0.007      1.243956341817134                     10
                   12.8    0.04460098931173785                  0.007      0.511619244828304                     10
                     13    0.04009889343256724                  0.007      0.503612773579001                     10
                   13.2     0.0405996880939198                  0.007     0.4928173026667506                     10
                   13.4    0.02576421732102946                  0.007     0.7013282987547871                     10
                   13.6      0.039549429871301                  0.007     0.4841171224095516                     10
                   13.8    0.05485966136445753                  0.007      0.641546914520116                     10
                     14    0.03498279493452478                  0.007     0.4978206598967113                     10
                   14.2    0.02346848396747663                  0.007      0.758368256661633                     10
                   14.4    0.02154761763884494                  0.007     0.8109845289594028                     10
                   14.6    0.04477726929717923                  0.007     0.4714196480194643                     10
                   14.8    0.02096228253902459                  0.007     0.8088958604198877                     10
                     15    0.03622946523331439                  0.007     0.4697667642133665                     10
                   15.2    0.05275202447690629                  0.007      0.565665081356183                     10
                   15.4    0.02802303595390464                  0.007     0.5633193520528853                     10
                   15.6    0.02071393081073566                  0.007     0.7823659442401099                     10
                   15.8    0.03522467084841406                  0.007     0.4589130343215029                     10
                     16    0.06097456863576453                  0.007     0.8237273527597114                     10
                   16.2    0.02386304347373735                  0.007     0.6446816528682575                     10
                   16.4    0.06427042575260947                  0.007     0.9167997101264511                     10
                   16.6    0.06352057629583432                  0.007     0.8596057373671641                     10
                   16.8    0.03260745905660101                  0.007     0.4637156307922125                     10
                     17    0.04060754423121242                  0.007     0.4350302270593812                     10
                   17.2    0.02578664238308515                  0.007     0.5670490836560664                     10
                   17.4    0.02702168394324385                  0.007     0.5252964310504876                     10
                   17.6    0.02141177806609872                  0.007      0.686656611384642                     10
                   17.8    0.05919241542090917                  0.007     0.6935183654182328                     10
                     18    0.02127022004103852                  0.007     0.6741068796441065                     10
                   18.2     0.0231319265656712                  0.007     0.5919765635613132                     10
                   18.4    0.05958912947034603                  0.007     0.6868956418441549                     10
                   18.6    0.03323346627506887                  0.007     0.4260616501932364                     10
                   18.8    0.06371132591829169                  0.007     0.8013659239579946                     10
                     19    0.01719259652609836                  0.007      0.823012510959107                     10
                   19.2    0.05427412344782848                  0.007      0.533612087541382                     10
                   19.4    0.04571809735615605                  0.007     0.4353947280666878                     10
                   19.6    0.02814749542969772                  0.007     0.4576664170878534                     10
                   19.8    0.04662124115695415                  0.007      0.432629946415554                     10
                     20    0.03928915631928642                  0.007     0.4056892084170418                     10
                   20.2    0.03451336664783508                  0.007     0.4016764067148987                     10
                   20.4    0.05265397789091204                  0.007     0.4852046885459385                     10
                   20.6    0.05295235807800058                  0.007     0.4808130774819735                     10
                   20.8    0.01657896372848009                  0.007     0.8231876807720172                     10
                     21    0.05074023183659853                  0.007      0.442344771441701                     10
                   21.2    0.06457974566500767                  0.007     0.7906929767738452                     10
                   21.4     0.0393366880138767                  0.007       0.39040992008987                     10
                   21.6    0.01694665677742068                  0.007     0.7793493983169115                     10
                   21.8    0.04020474613844233                  0.007     0.3848827563108527                     10
                     22    0.01561617109323841                  0.007     0.8207305315482597                     10
                   22.2    0.02090294755705165                  0.007      0.581504362408653                     10
                   22.4     0.0433844838715133                  0.007     0.3837282583946585                     10
                   22.6    0.03991986442111616                  0.007     0.3738685487304645                     10
                   22.8    0.05311041400910518                  0.007     0.4571280683572292                     10
                     23    0.04802100837425136                  0.007     0.3913839632917093                     10
                   23.2    0.03872581223185339                  0.007     0.3655918896114654                     10
                   23.4    0.03467485949304937                  0.007     0.3704666841399326                     10
                   23.6    0.03003012414497172                  0.007     0.3952534642590299                     10
                   23.8    0.01896012197626316                  0.007      0.631424822832733                     10
                     24    0.06688666947403656                  0.007     0.8503837042978476                     10
                   24.2     0.0710878772526457                  0.007     0.9831092228848446                     10
                   24.4    0.06326241863348238                  0.007     0.6801175290273792                     10
                   24.6     0.0396110598472673                  0.007     0.3534144159326599                     10
                   24.8    0.03947412655345841                  0.007     0.3485763971373705                     10
                     25    0.03307778921928983                  0.007     0.3598769183578289                     10
                   25.2    0.04441055384820308                  0.007     0.3528268893994566                     10
                   25.4    0.04185896571725153                  0.007      0.339821112907656                     10
                   25.6    0.05603466425219935                  0.007     0.4826163650443165                     10
                   25.8    0.05787959283554168                  0.007     0.5125251191005803                     10
                     26    0.03836870545436119                  0.007     0.3331390838826085                     10
                   26.2    0.02082823518649318                  0.007     0.5499020107511438                     10
                   26.4    0.02473734519152061                  0.007     0.4431574028831788                     10
                   26.6    0.01764875685789439                  0.007      0.648491075429668                     10
                   26.8    0.02331839173014922                  0.007     0.4562508488366406                     10
                     27    0.03741374440663132                  0.007     0.3279205894165498                     10
                   27.2    0.04750135845424132                  0.007     0.3540787763310671                     10
                   27.4    0.05351592595451861                  0.007     0.4172145842081004                     10
                   27.6    0.06030254253109132                  0.007     0.5536170469458269                     10
                   27.8    0.05865435194923766                  0.007      0.500940635189374                     10
                     28    0.06777433471136811                  0.007     0.7826017481003145                     10
                   28.2    0.05016914898905594                  0.007      0.361523297740894                     10
                   28.4    0.06274869795836237                  0.007     0.5865022512871361                     10
                   28.6    0.02705724536791683                  0.007     0.3867669556483812                     10
                   28.8    0.01929555798377652                  0.007     0.5549562005341647                     10
                     29    0.04308634483011906                  0.007     0.3205343000089103                     10
                   29.2    0.02230764983810555                  0.007     0.4554939052016976                     10
                   29.4    0.03486700184124037                  0.007     0.3217742328194551                     10
                   29.6    0.05898915251689203                  0.007     0.4791416501023064                     10
                   29.8    0.03550437111676117                  0.007     0.3159347075677514                     10
                     30     0.0383231376350042                  0.007     0.3074784514478457                     10
                   30.2    0.04238815937397555                  0.007     0.3072569310153959                     10
                   30.4    0.04702329600784719                  0.007     0.3224972146344144                     10
                   30.6    0.05570177117838442                  0.007     0.4079235739420216                     10
                   30.8    0.01858866110721667                  0.007      0.559673903591152                     10
                     31    0.03597409751675562                  0.007     0.3035803874917572                     10
                   31.2    0.05492035597217393                  0.007     0.3898049544812452                     10
                   31.4    0.04283802661185383                  0.007     0.2974855806492464                     10
                   31.6    0.03014663651554067                  0.007       0.32946133744689                     10
                   31.8    0.02986185907942758                  0.007      0.327519429155533                     10
                     32    0.04385982894322259                  0.007     0.2955661578105208                     10
                   32.2    0.04804940653979041                  0.007     0.3122266186493329                     10
                   32.4    0.05926627591522827                  0.007      0.459877355070436                     10
                   32.6    0.03545185629535264                  0.007     0.2916398256850576                     10
                   32.8    0.01836357726977211                  0.007     0.5522572058030383                     10
                     33    0.01486755990333562                  0.007     0.7067156797209684                     10
                   33.2    0.03708649741042539                  0.007     0.2837978677437883                     10
                   33.4    0.04410327845762686                  0.007      0.286053401204249                     10
                   33.6    0.04580815768684008                  0.007     0.2897835720938913                     10
                   33.8    0.02625391664175798                  0.007     0.3505123829192321                     10
                     34     0.0301341353517856                  0.007     0.3089774331613088                     10
                   34.2     0.0553501313892717                  0.007     0.3765279627485378                     10
                   34.4    0.04684069924256203                  0.007     0.2895591710610971                     10
                   34.6    0.04930901920643026                  0.007     0.3019502252510673                     10
                   34.8    0.02112418386021078                  0.007     0.4348564222795703                     10
                     35    0.02220587066169856                  0.007     0.4023035793512404                     10
                   35.2    0.02674233748416429                  0.007     0.3281578885868927                     10
                   35.4    0.02053386581881459                  0.007     0.4328702956315411                     10
                   35.6    0.03688697012329843                  0.007     0.2704189165489266                     10
                   35.8    0.02022080520437159                  0.007     0.4341893568085576                     10
                     36     0.0703111665555229                  0.007     0.8375475221486126                     10
                   36.2     0.0422750322037663                  0.007     0.2667519209742884                     10
                   36.4     0.0699212230235035                  0.007     0.7937904775550439                     10
                   36.6    0.02851852522383487                  0.007     0.3009728628227126                     10
                   36.8    0.03791463972281994                  0.007       0.26238614390089                     10
                     37     0.0373306432123684                  0.007     0.2604523151454412                     10
                   37.2    0.03141181416285667                  0.007     0.2769752038687229                     10
                   37.4    0.03230942247869804                  0.007     0.2697869849698454                     10
                   37.6    0.02871939869662119                  0.007      0.287855918737476                     10
                   37.8    0.04494413510446617                  0.007     0.2665431275079675                     10
                     38    0.05274513562276224                  0.007     0.3259946323412513                     10
                   38.2    0.02666069924429793                  0.007     0.3025171048054666                     10
                   38.4    0.03583815421511406                  0.007      0.251750760845234                     10
                   38.6    0.05784204913457701                  0.007      0.400115310735428                     10
                   38.8    0.06174527818983942                  0.007     0.4820657366595384                     10
                     39    0.04842345168070334                  0.007     0.2783321997244201                     10
                   39.2     0.0327396146228543                  0.007     0.2574288551441536                     10
                   39.4    0.05660414742896069                  0.007     0.3645235902846977                     10
                   39.6    0.03630704298932455                  0.007      0.245757469610849                     10
                   39.8    0.06848295181705401                  0.007     0.6961404555958012                     10
                     40    0.03261269956913714                  0.007     0.2532468036394631                     10
                   40.2    0.03864778079691922                  0.007     0.2403536521068509                     10
                   40.4    0.01248807412912364                  0.007     0.7925740451746986                     10
                   40.6    0.01203882639004351                  0.007     0.7967053283635217                     10
                   40.8    0.02305641668100558                  0.007      0.338619142077547                     10
                     41    0.07718450186040744                  0.007      1.068636146149013                     10
                   41.2    0.05176234502961385                  0.007     0.2977325086091978                     10
                   41.4    0.05789167223791641                  0.007     0.3749524132148121                     10
                   41.6    0.01364344680322834                  0.007     0.6739233430556865                     10
                   41.8    0.01265928766455552                  0.007     0.7130754561347223                     10
                     42    0.02135085180269113                  0.007     0.3582358613605297                     10
                   42.2    0.04918216753755304                  0.007     0.2717263829059969                     10
                   42.4    0.04237666881931318                  0.007      0.240648492324699                     10
                   42.6    0.07437461314652924                  0.007     0.9066183733177883                     10
                   42.8    0.04826932088983085                  0.007     0.2615945745023149                     10
                     43    0.01653000118663039                  0.007     0.4963209907277457                     10
                   43.2    0.02149098525905212                  0.007     0.3452614619170363                     10
                   43.4    0.02786750484400278                  0.007     0.2674102270905027                     10
                   43.6    0.05121828409841074                  0.007     0.2800408041911348                     10
                     44     0.0632166073408703                  0.007     0.4813069911593931                     10
                   44.4    0.03657283408537757                  0.007     0.2334029322714123                     10
                   44.8    0.08764494287420313                  0.007      1.287576066440004                     10
                   45.2    0.07072241523358162                  0.007     0.7178871817137805                     10
                   45.6    0.07564541908612174                  0.007     0.8947296099139003                     10
                     46    0.07520330898231192                  0.007     0.8468730469603111                     10
                   46.4    0.06464524138070014                  0.007     0.4917211047626262                     10
                   46.8    0.07263807523574588                  0.007     0.7186356150131341                     10
                   47.2    0.07720594154020645                  0.007     0.8731627571690308                     10
                   47.6    0.05273668987113243                  0.007     0.2875193111795796                     10
                     48    0.07730257551856896                  0.007     0.8478448477849675                     10
                   48.4    0.04945604105838016                  0.007     0.2593962616057907                     10
                   48.8    0.05247651165144786                  0.007     0.2794011362002266                     10
                   49.2    0.03440681774351175                  0.007     0.2345884618319096                     10
                   49.6    0.05887170647770727                  0.007     0.3572562791857601                     10
                     50    0.06817532514219246                  0.007     0.5417298102992107                     10
                   50.4    0.08353233689793074                  0.007      1.055060012577178                     10
                   50.8    0.06446085778012994                  0.007     0.4493418257593751                     10
                   51.2    0.04438974176754616                  0.007     0.2330267415779584                     10
                   51.6    0.04616578459819763                  0.007     0.2359244263798951                     10
                     52   0.007081799097297528                  0.007      1.014398781158323                     10
                   52.2    0.01103252194645918                  0.007     0.7463366645937419                     10
                   52.8    0.03951476432366562                  0.007     0.2240439200582167                     10
                   53.4    0.04293140042226292                  0.007      0.224469669793948                     10
                     54    0.06265217801807986                  0.007     0.4069543641996032                     10
                   54.6    0.06428886362364236                  0.007     0.4313116693073651                     10
                   55.2     0.0344083754401792                  0.007     0.2286922593496246                     10
                     56    0.01409862751667627                  0.007     0.5641797415885035                     10
                   56.8   0.008477150814926329                  0.007     0.8589551931862259                     10
                   57.6    0.02384592525570524                  0.007     0.2937678062879029                     10
                   58.4    0.02203997407628044                  0.007     0.3139874673046192                     10
                   59.2    0.01071963387821043                  0.007     0.7021415833834221                     10
                     60    0.01225985690648036                  0.007     0.6041871291043184                     10
                   60.8    0.05268629007537426                  0.007     0.2671005983686703                     10
                   61.6    0.03984487758544575                  0.007     0.2181784717878059                     10
                     63    0.02952849861508794                  0.007     0.2427147229062079                     10
                     64    0.05073024803694955                  0.007     0.2494879319781061                     10
                     65    0.04379068257464017                  0.007     0.2189064887965207                     10
                     66     0.0408850599279468                  0.007     0.2136431371353823                     10
                   67.2    0.06596513455056359                  0.007     0.4566347032037047                     10
      68.40000000000001    0.05338623718355794                  0.007     0.2652085618239764                     10
      68.60000000000001    0.05371125677175122                  0.007     0.2653815532609621                     10
                     70    0.03720065850047772                  0.007     0.2136191588695488                     10
      71.40000000000001    0.08150376835258942                  0.007     0.9388769797591143                     10
                   72.8    0.09007788096204319                  0.007      1.171967926045969                     10
                   74.2    0.07917696663090268                  0.007      0.811570725509148                     10
      75.60000000000001    0.08195923132068084                  0.007     0.8745345420078914                     10
                     77    0.07977522617905042                  0.007     0.7796657377794936                     10
      78.40000000000001    0.08348401428107595                  0.007     0.8691919584187359                     10
                   79.8    0.09352378831055927                  0.007      1.160424155305962                     10
                   81.2    0.06623029078553312                  0.007     0.4444402039023554                     10
      82.60000000000001    0.07091283432572956                  0.007     0.5291471942901215                     10
                     84    0.08730921565012255                  0.007     0.9343234061869402                     10
      85.40000000000001    0.06772572905839376                  0.007     0.4564375188797739                     10
                   86.8    0.08034389021985917                  0.007     0.7176776718144695                     10
                   88.2    0.06176874106815468                  0.007     0.3525401529322009                     10
      89.60000000000001    0.07061911923637203                  0.007     0.4948535915920554                     10
                     91    0.07359893645113486                  0.007     0.5433480511256963                     10
      92.40000000000001    0.08098471559001093                  0.007     0.7000132752217931                     10
                   93.8      0.073381156546167                  0.007     0.5198525377157298                     10
                   95.2    0.06758230150077173                  0.007     0.4175600166350739                     10
      96.60000000000001    0.08209486161533286                  0.007     0.7023492662267746                     10
                     98    0.09521869273055804                  0.007      1.117730154444506                     10
      99.40000000000001    0.07034069653066159                  0.007     0.4489902126960097                     10
                  100.8    0.08711016054321928                  0.007      0.819970555060645                     10
                  102.2    0.06106161742734643                  0.007     0.3267080680969846                     10
                  103.6    0.07552333273184193                  0.007     0.5228623049516592                     10
                    105    0.07974593325840583                  0.007     0.5955077622160159                     10
                  106.4    0.06765530180867915                  0.007     0.3941297080223177                     10
                  107.8     0.1049533224415987                  0.007      1.282847285959584                     10
                  109.2    0.07973094703371256                  0.007     0.5795932937527537                     10
                  110.6     0.0894668876558546                  0.007     0.8458654051635379                     10
                    112    0.09343689205910805                  0.007     0.9487471740831697                     10
                  113.4    0.08067772431455661                  0.007     0.5749959638026247                     10
                  114.8    0.06533421464350415                  0.007     0.3603981326192027                     10
                  116.2    0.07698279340963818                  0.007     0.4974865613253263                     10
                  117.6     0.0928592845248771                  0.007     0.8907984885671664                     10
                    119    0.07191264809015474                  0.007      0.422056986337989                     10
                  120.4    0.07850463664878866                  0.007       0.50480448068825                     10
                  121.8    0.06750686819375946                  0.007     0.3679649498741761                     10
                  123.2     0.0927056466455646                  0.007     0.8534721491754143                     10
                  124.6    0.03766468038328307                  0.007     0.2111766873292624                     10
