#! FIELDS d1 file.free der_d1
#! SET min_d1 -0.0246709
#! SET max_d1 1.46169
#! SET nbins_d1  602
#! SET periodic_d1 false
   -0.024670900  177.371515496   -0.000000000
   -0.022197754  177.285879526 -103.920336169
   -0.019724607  176.741973818 -368.071859951
   -0.017251461  175.206745411 -946.856713463
   -0.014778315  171.595153448 -2090.091378986
   -0.012305169  164.231920357 -4003.330603754
   -0.009832022  151.166420690 -6662.462386447
   -0.007358876  131.053178386 -9579.269787211
   -0.004885730  104.351577353 -11804.164664863
   -0.002412584   74.098271514 -12310.276176264
    0.000060563   45.293859715 -10634.608195808
    0.002533709   22.886859316 -7304.370256709
    0.005006855    9.445079530 -3632.660269437
    0.007480001    4.095447586 -931.130637474
    0.009953148    3.554752274  244.481178883
    0.012426294    4.306690808  227.082834922
    0.014899440    4.336879063 -208.555622337
    0.017372586    3.441192389 -460.021659142
    0.019845733    2.338867105 -391.237430351
    0.022318879    1.629085854 -180.778118744
    0.024792025    1.378526651  -43.288120627
    0.027265171    1.250179835  -84.816008189
    0.029738318    0.965642944 -140.157527737
    0.032211464    0.579423472 -165.054612771
    0.034684610    0.209036362 -126.159208297
    0.037157756    0.000000000  -39.799024603
    0.039630903    0.026102318   61.242499283
    0.042104049    0.300623609  157.321147669
    0.044577195    0.786153623  232.713714770
    0.047050341    1.423439468  274.219169552
    0.049523488    2.111145854  272.811747881
    0.051996634    2.745312668  233.417389876
    0.054469780    3.261994003  187.327754457
    0.056942926    3.695258767  169.443882939
    0.059416073    4.143947845  200.066613918
    0.061889219    4.709836515  262.163006198
    0.064362365    5.451249493  339.777145392
    0.066835511    6.401067256  431.221579407
    0.069308658    7.601231266  537.360200280
    0.071781804    9.086591862  663.781803844
    0.074254950   10.882558285  783.720127917
    0.076728097   12.929263629  861.567293000
    0.079201243   15.078684729  864.241321559
    0.081674389   17.140983734  793.546095166
    0.084147535   18.967143400  680.250646243
    0.086620682   20.509264767  569.893686761
    0.089093828   21.811965850  492.794563867
    0.091566974   22.984970873  464.040137495
    0.094040120   24.151420479  489.484623931
    0.096513267   25.452510650  570.580281584
    0.098986413   26.990449732  673.858731533
    0.101459559   28.760750637  745.839094998
    0.103932705   30.636186220  757.905276626
    0.106405852   32.432834417  679.380579540
    0.108878998   33.954388915  543.265679540
    0.111352144   35.095882818  380.947170890
    0.113825290   35.853227017  238.953085573
    0.116298437   36.321292362  150.965108357
    0.118771583   36.627841039  104.354458144
    0.121244729   36.858089056   84.089667842
    0.123717875   37.046618800   68.825769746
    0.126191022   37.207814010   58.864101600
    0.128664168   37.345779241   54.020646531
    0.131137314   37.478401333   54.741653691
    0.133610460   37.625283953   66.725993823
    0.136083607   37.805092018   74.985800573
    0.138556753   37.984055091   68.830315212
    0.141029899   38.146434715   62.324708829
    0.143503045   38.293559958   59.189625449
    0.145976192   38.458782014   75.828137173
    0.148449338   38.666482668   93.227274718
    0.150922484   38.909906981  101.009962518
    0.153395630   39.168156367  105.046771378
    0.155868777   39.427660817  104.856802886
    0.158341923   39.694807787  113.110389117
    0.160815069   39.993148427  132.603711619
    0.163288215   40.341402919  152.252203414
    0.165761362   40.737591187  168.789518620
    0.168234508   41.158256335  171.452068146
    0.170707654   41.574747304  163.546955293
    0.173180800   41.961662837  151.876411120
    0.175653947   42.321032887  137.190547800
    0.178127093   42.639774301  121.915078840
    0.180600239   42.918313898  104.571288713
    0.183073386   43.167449722   99.635689396
    0.185546532   43.410026892   97.967308017
    0.188019678   43.656455802  104.071266768
    0.190492824   43.927614680  110.886403249
    0.192965971   44.202766763  110.128050800
    0.195439117   44.479292104  111.559013438
    0.197912263   44.762572863  121.396671745
    0.200385409   45.082695950  139.262390961
    0.202858556   45.466875414  168.980737085
    0.205331702   45.919077498  195.802113908
    0.207804848   46.416735823  206.425867497
    0.210277994   46.935063881  210.887343699
    0.212751141   47.460276073  220.137876964
    0.215224287   48.028379886  244.782641412
    0.217697433   48.687532315  290.243075016
    0.220170579   49.465161500  336.839849716
    0.222643726   50.348781997  373.522722266
    0.225116872   51.281028593  375.979586147
    0.227590018   52.185578789  353.404545746
    0.230063164   53.006648601  308.025278294
    0.232536311   53.716436445  266.570950762
    0.235009457   54.313991108  219.963573539
    0.237482603   54.808918566  181.222019289
    0.239955749   55.203582557  137.435309185
    0.242428896   55.504703879  104.942283469
    0.244902042   55.741432103   90.718515123
    0.247375188   55.976600112  106.139212464
    0.249848334   56.279866801  143.553220152
    0.252321481   56.683237135  179.257959793
    0.254794627   57.139223438  183.023452438
    0.257267773   57.546723612  143.872342953
    0.259740919   57.820855034   78.483959642
    0.262214066   57.945487816   24.751402326
    0.264687212   57.970824606    1.477291764
    0.267160358   57.979989114    5.476293460
    0.269633504   57.997197250    8.765679446
    0.272106651   58.004101810   -4.082665940
    0.274579797   57.968231763  -23.512325011
    0.277052943   57.899155389  -29.189418903
    0.279526090   57.830902261  -20.873805854
    0.281999236   57.804175730    0.984294851
    0.284472382   57.818709541   12.850459398
    0.286945528   57.864295254   23.673651427
    0.289418675   57.925240761   26.386800672
    0.291891821   58.006697048   38.400532376
    0.294364967   58.112576214   46.569816812
    0.296838113   58.225528456   41.475541650
    0.299311260   58.294777756   10.137582665
    0.301784406   58.260041608  -35.083844524
    0.304257552   58.137978382  -58.303664112
    0.306730698   57.998992518  -44.913455100
    0.309203845   57.933564067   -4.540361612
    0.311676991   57.976277429   33.482202437
    0.314150137   58.079885730   42.526126422
    0.316623283   58.159488182   12.663079188
    0.319096430   58.125302659  -38.713399680
    0.321569576   57.979472305  -72.163901629
    0.324042722   57.801446049  -67.964390049
    0.326515868   57.661658925  -44.075032902
    0.328989015   57.584663947  -19.622500830
    0.331462161   57.545311116  -14.539361130
    0.333935307   57.494609894  -24.931578624
    0.336408453   57.421785931  -28.910472705
    0.338881600   57.347639834  -26.898693770
    0.341354746   57.300566666  -11.710192782
    0.343827892   57.282664057   -4.922383135
    0.346301038   57.272142348   -5.086285067
    0.348774185   57.244816762  -19.111845785
    0.351247331   57.185968535  -22.883544266
    0.353720477   57.143739960   -9.658583915
    0.356193623   57.148411799   16.901030791
    0.358666770   57.222789675   39.945863544
    0.361139916   57.330046739   42.353058073
    0.363613062   57.428660314   37.310135063
    0.366086208   57.521380570   38.484201096
    0.368559355   57.644354280   68.006475518
    0.371032501   57.876658072  120.554912712
    0.373505647   58.242973442  169.345409042
    0.375978794   58.688459646  183.769192737
    0.378451940   59.137309433  174.986805673
    0.380925086   59.550685021  160.522841691
    0.383398232   59.947991848  163.543566697
    0.385871379   60.386152322  193.677550206
    0.388344525   60.905351275  225.109336101
    0.390817671   61.489360259  244.556763187
    0.393290817   62.093708982  242.470879047
    0.395763964   62.680544171  229.873197514
    0.398237110   63.229723214  211.990286894
    0.400710256   63.729648368  193.385702594
    0.403183402   64.200810535  188.965061870
    0.405656549   64.691678215  215.412915336
    0.408129695   65.282911004  265.675674634
    0.410602841   66.000691455  311.440808393
    0.413075987   66.799206991  326.167071471
    0.415549134   67.569828304  292.079215955
    0.418022280   68.238039275  246.462903839
    0.420495426   68.817605410  229.356957744
    0.422968572   69.406771410  252.459609403
    0.425441719   70.077775128  289.013195716
    0.427914865   70.829670093  314.538551219
    0.430388011   71.615275736  315.255298897
    0.432861157   72.367992573  290.497437745
    0.435334304   73.049065030  261.783636938
    0.437807450   73.668991445  242.472083491
    0.440280596   74.277080786  254.242531261
    0.442753742   74.947140792  293.747246261
    0.445226889   75.729123507  336.879570377
    0.447700035   76.607582096  366.971247005
    0.450173181   77.503408815  353.839315196
    0.452646327   78.340883657  323.182434799
    0.455119474   79.114487136  304.950718250
    0.457592620   79.862307094  302.439729543
    0.460065766   80.615536006  302.952645331
    0.462538912   81.336881197  274.116817291
    0.465012059   81.950559277  218.650574932
    0.467485205   82.421282177  165.828900054
    0.469958351   82.823187341  169.809947181
    0.472431498   83.297902577  217.005743513
    0.474904644   83.897776316  266.836822794
    0.477377790   84.587250784  283.259289411
    0.479850936   85.274786251  269.673492166
    0.482324083   85.913373133  252.830732143
    0.484797229   86.547658709  269.770804267
    0.487270375   87.265472665  310.482953817
    0.489743521   88.069354942  334.981925905
    0.492216668   88.904107298  335.710826032
    0.494689814   89.705723942  312.660880926
    0.497162960   90.463664670  301.614966740
    0.499636106   91.207149279  304.312152382
    0.502109253   91.971542788  315.722391178
    0.504582399   92.752741739  311.261139998
    0.507055545   93.507092764  298.389067167
    0.509528691   94.234619796  291.467716848
    0.512001838   94.969046407  303.989791123
    0.514474984   95.741228043  322.176463224
    0.516948130   96.570977580  348.098470217
    0.519421276   97.465009883  375.084849627
    0.521894423   98.426693421  401.949600845
    0.524367569   99.456910197  432.561826757
    0.526840715  100.539255976  438.817938828
    0.529313861  101.607502737  419.323698321
    0.531787008  102.585875537  368.512218073
    0.534260154  103.430984654  314.273121366
    0.536733300  104.143622353  264.896718761
    0.539206446  104.748703882  229.834591804
    0.541679593  105.299470068  214.963230334
    0.544152739  105.823334263  210.172139791
    0.546625885  106.334129895  201.676471196
    0.549099031  106.809188189  180.434283318
    0.551572178  107.202328982  130.335648096
    0.554045324  107.428188229   47.308405053
    0.556518470  107.448718402  -26.625018144
    0.558991616  107.319341744  -69.466743931
    0.561464763  107.133880012  -77.532945802
    0.563937909  106.943701269  -77.399224867
    0.566411055  106.730448686 -100.890608411
    0.568884201  106.428597254 -145.116741802
    0.571357348  106.023453785 -179.028606747
    0.573830494  105.579625449 -169.182403372
    0.576303640  105.230253916 -103.526685068
    0.578776787  105.088307930  -12.464858053
    0.581249933  105.144826187   49.260692913
    0.583723079  105.276328449   45.146753585
    0.586196225  105.317159159  -18.885224191
    0.588669372  105.160722772 -105.019672239
    0.591142518  104.819600144 -165.344298434
    0.593615664  104.404511706 -160.469687303
    0.596088810  104.061806655 -110.448105241
    0.598561957  103.869854410  -48.196173652
    0.601035103  103.805103283  -11.832912395
    0.603508249  103.784361722   -9.805164604
    0.605981395  103.742021171  -25.153508509
    0.608454542  103.650571748  -48.306788107
    0.610927688  103.508967971  -66.546090833
    0.613400834  103.302958134 -103.995548506
    0.615873980  102.990346880 -149.230993303
    0.618347127  102.582923346 -178.378590981
    0.620820273  102.135150389 -179.536924652
    0.623293419  101.727786680 -146.422318950
    0.625766565  101.422268925  -99.540068966
    0.628239712  101.224906065  -62.131872159
    0.630712858  101.111615764  -31.791075216
    0.633186004  101.059908403   -9.529475298
    0.635659150  101.054573159    2.564421440
    0.638132297  101.059145662   -9.473712623
    0.640605443  100.996696886  -44.895585734
    0.643078589  100.839314154  -84.024000972
    0.645551735  100.605302296 -102.125201200
    0.648024882  100.360228103  -90.241754341
    0.650498028  100.173301718  -57.371937303
    0.652971174  100.087631233  -10.575572481
    0.655444320  100.120063425   38.596733847
    0.657917467  100.273148030   87.164326338
    0.660390613  100.560147107  142.418171554
    0.662863759  100.956557776  172.955856045
    0.665336905  101.375688119  156.836131143
    0.667810052  101.677532072   78.203890915
    0.670283198  101.748026247  -20.388620857
    0.672756344  101.595755324  -98.388190003
    0.675229491  101.323175758 -111.234189608
    0.677702637  101.082978484  -74.203657917
    0.680175783  100.979268010  -11.364364811
    0.682648929  101.009598325   29.332045689
    0.685122076  101.087914059   28.127655390
    0.687595222  101.123801738   -4.154829308
    0.690068368  101.090716455  -19.821526199
    0.692541514  101.052222029   -7.005339333
    0.695014661  101.081320737   30.402359520
    0.697487807  101.178076317   46.116362392
    0.699960953  101.262874155   17.054456771
    0.702434099  101.240527298  -35.926758441
    0.704907246  101.085277942  -86.911940874
    0.707380392  100.818979116 -120.576763156
    0.709853538  100.517734718 -121.752920203
    0.712326684  100.229087810 -112.890414702
    0.714799831   99.951968811 -110.684819976
    0.717272977   99.668277239 -118.906196222
    0.719746123   99.386292578 -106.168252259
    0.722219269   99.161442154  -74.206925262
    0.724692416   99.053317663  -12.464558892
    0.727165562   99.108223424   56.009132448
    0.729638708   99.310576905   99.889049161
    0.732111854   99.562278007   93.116203411
    0.734585001   99.733649048   37.197925044
    0.737058147   99.725776106  -41.152032586
    0.739531293   99.545890208  -97.485398154
    0.742004439   99.291858755 -100.937792377
    0.744477586   99.083273450  -65.171281996
    0.746950732   98.949607061  -45.271872691
    0.749423878   98.809672153  -75.517005688
    0.751897024   98.529731217 -154.468137387
    0.754370171   98.040838474 -236.938574399
    0.756843317   97.398266426 -266.817043783
    0.759316463   96.794194515 -209.002786872
    0.761789609   96.412554523  -95.218996568
    0.764262756   96.311890705    8.077884780
    0.766735902   96.398549578   47.824139182
    0.769209048   96.501664374   27.695828706
    0.771682195   96.513331676  -17.551033584
    0.774155341   96.434955391  -40.170502880
    0.776628487   96.347873727  -27.879978042
    0.779101633   96.295440864  -17.379502424
    0.781574780   96.249834140  -25.627986741
    0.784047926   96.160632458  -49.281013372
    0.786521072   96.029865504  -49.337774631
    0.788994218   95.942106724  -18.314060585
    0.791467365   95.961897923   34.359432587
    0.793940511   96.097573990   69.156318818
    0.796413657   96.276522313   69.814028672
    0.798886803   96.413336872   36.649534572
    0.801359950   96.451694546   -2.134100109
    0.803833096   96.411273666  -28.987593584
    0.806306242   96.324190841  -38.918865425
    0.808779388   96.228672939  -35.803315710
    0.811252535   96.146339579  -28.860433007
    0.813725681   96.081302502  -26.623711029
    0.816198827   96.020927355  -24.550674289
    0.818671973   95.955800497  -27.473392244
    0.821145120   95.878247926  -35.102008855
    0.823618266   95.791976305  -31.565384015
    0.826091412   95.727299749  -19.761944101
    0.828564558   95.692892151   -9.551789512
    0.831037705   95.676926474   -7.590677600
    0.833510851   95.640595327  -25.713110018
    0.835983997   95.541982899  -55.981375591
    0.838457143   95.370604398  -80.393199181
    0.840930290   95.171012389  -75.337432676
    0.843403436   95.007149905  -56.115182976
    0.845876582   94.898564840  -35.728028298
    0.848349728   94.811438801  -36.798785109
    0.850822875   94.709281890  -47.950871356
    0.853296021   94.584070581  -53.548967167
    0.855769167   94.474407843  -31.684571913
    0.858242313   94.445677435    7.629703568
    0.860715460   94.506104721   36.503867478
    0.863188606   94.583784470   17.193103857
    0.865661752   94.572324185  -30.728618846
    0.868134899   94.430300877  -79.741936331
    0.870608045   94.198952108 -101.829467667
    0.873081191   93.959888382  -88.382287231
    0.875554337   93.771060072  -63.473588402
    0.878027484   93.640781533  -41.017620657
    0.880500630   93.573954140  -14.820086841
    0.882973776   93.559850048    6.133754806
    0.885446922   93.611714300   39.361719135
    0.887920069   93.755391103   76.106369130
    0.890393215   93.977088442   96.655347488
    0.892866361   94.197938844   75.849127512
    0.895339507   94.329533953   30.223134330
    0.897812654   94.342781342  -15.414677290
    0.900285800   94.276542452  -32.331843931
    0.902758946   94.209537279  -17.889623683
    0.905232092   94.202994625   11.931240487
    0.907705239   94.269123585   35.890221988
    0.910178385   94.371362321   43.374137472
    0.912651531   94.471325557   37.576789854
    0.915124677   94.550013245   26.493654732
    0.917597824   94.599925674   13.432931221
    0.920070970   94.603644011  -12.774302161
    0.922544116   94.539831242  -39.888868622
    0.925017262   94.420490333  -54.077354216
    0.927490409   94.293406839  -45.013769764
    0.929963555   94.208640693  -23.256523056
    0.932436701   94.167332338   -7.475011984
    0.934909847   94.161212970    2.010862737
    0.937382994   94.167470886    2.368008780
    0.939856140   94.167005147   -4.897688501
    0.942329286   94.148631238  -11.263861193
    0.944802432   94.099121245  -29.619087865
    0.947275579   94.007485667  -43.580999998
    0.949748725   93.909281685  -32.175002748
    0.952221871   93.855872591   -6.923045504
    0.954695017   93.869458858   16.873972804
    0.957168164   93.925476138   21.288838603
    0.959641310   93.956206817   -0.779322085
    0.962114456   93.932366033  -15.700176102
    0.964587602   93.901619472   -2.011845485
    0.967060749   93.941977509   40.119523473
    0.969533895   94.093648948   80.516848474
    0.972007041   94.307414785   89.176851738
    0.974480188   94.498842388   58.964241168
    0.976953334   94.593403183   15.383093622
    0.979426480   94.577571431  -24.265774135
    0.981899626   94.480347451  -50.410717880
    0.984372773   94.333486721  -66.865373095
    0.986845919   94.156289669  -75.075932664
    0.989319065   93.969373385  -71.357484557
    0.991792211   93.828282452  -37.937218465
    0.994265358   93.795991812   13.725734912
    0.996738504   93.884984489   55.304938229
    0.999211650   94.049222068   69.726943053
    1.001684796   94.205582131   56.398472581
    1.004157943   94.320983508   37.489711913
    1.006631089   94.401425563   29.999000364
    1.009104235   94.464178309   17.937967804
    1.011577381   94.491852307    0.580901046
    1.014050528   94.461433592  -25.384727811
    1.016523674   94.376369886  -38.922074167
    1.018996820   94.283481286  -32.047087851
    1.021469966   94.225137009  -13.280034981
    1.023943113   94.200430022  -12.195788039
    1.026416259   94.143009085  -38.472675507
    1.028889405   93.990555237  -80.736491272
    1.031362551   93.759744185  -96.840089385
    1.033835698   93.540513315  -71.102362638
    1.036308844   93.433356207  -13.981102014
    1.038781990   93.465426442   36.478802940
    1.041255136   93.579141417   48.525696766
    1.043728283   93.670904056   20.004124418
    1.046201429   93.673949518  -13.600519463
    1.048674575   93.619606766  -26.598578633
    1.051147721   93.572546836   -7.823563301
    1.053620868   93.581228435   14.434805830
    1.056094014   93.633202193   21.936705012
    1.058567160   93.652107876  -11.934310071
    1.061040306   93.564170075  -58.861549009
    1.063513453   93.382791493  -84.462956422
    1.065986599   93.179853052  -74.255788610
    1.068459745   93.023258319  -50.355388668
    1.070932892   92.905286757  -49.825513538
    1.073406038   92.759050753  -70.077011066
    1.075879184   92.564640833  -83.089639931
    1.078352330   92.368133218  -66.607475237
    1.080825477   92.258329171  -14.214361957
    1.083298623   92.304382581   53.019962693
    1.085771769   92.489384260   91.677851554
    1.088244915   92.730144149   97.322197062
    1.090718062   92.939848390   67.280381780
    1.093191208   93.046803141   18.138652828
    1.095664354   93.035072251  -25.547086588
    1.098137500   92.928787198  -54.593946866
    1.100610647   92.784535072  -54.905438254
    1.103083793   92.682743047  -25.263895578
    1.105556939   92.665090373    6.446527269
    1.108030085   92.686503358    4.605992922
    1.110503232   92.653106935  -37.422503646
    1.112976378   92.496482244  -89.740644543
    1.115449524   92.236067863 -111.663356613
    1.117922670   91.987145451  -78.948487908
    1.120395817   91.874768142   -4.897765810
    1.122868963   91.955896515   69.475254348
    1.125342109   92.173957157   98.832948620
    1.127815255   92.397522539   74.284088615
    1.130288402   92.516333481   20.628162180
    1.132761548   92.510515319  -24.878525594
    1.135234694   92.415799677  -42.887948405
    1.137707840   92.311801935  -39.667958944
    1.140180987   92.219500577  -37.011268906
    1.142654133   92.109452508  -53.700145997
    1.145127279   91.952182093  -72.018406058
    1.147600425   91.767770619  -75.056761948
    1.150073572   91.600411820  -54.863886626
    1.152546718   91.522719244   -5.973366800
    1.155019864   91.575009282   46.411858572
    1.157493010   91.733279583   75.450192591
    1.159966157   91.909239553   56.483288271
    1.162439303   91.985209825    1.523545784
    1.164912449   91.906185720  -60.826332668
    1.167385596   91.703297969  -94.245115333
    1.169858742   91.484888930  -73.529209904
    1.172331888   91.360701376  -21.182602674
    1.174805034   91.383627358   37.802386405
    1.177278181   91.519651415   65.175639432
    1.179751327   91.674980435   51.491510065
    1.182224473   91.750578540    3.788469449
    1.184697619   91.692355638  -45.790447567
    1.187170766   91.534955231  -72.335590066
    1.189643912   91.372535732  -49.799247368
    1.192117058   91.323601657   14.267985960
    1.194590204   91.448027082   81.664620778
    1.197063351   91.691862211  101.515551793
    1.199536497   91.903951595   60.303855245
    1.202009643   91.975356674   -5.800084186
    1.204482789   91.880226623  -62.821176797
    1.206955936   91.701245378  -72.574099603
    1.209429082   91.538873870  -57.238559138
    1.211902228   91.429301712  -35.229739669
    1.214375374   91.341421423  -40.389787569
    1.216848521   91.214974785  -60.549833335
    1.219321667   91.056452673  -64.747409588
    1.221794813   90.921980292  -38.995816696
    1.224267959   90.881545949    3.246033097
    1.226741106   90.931948337   33.531481135
    1.229214252   91.022871125   35.374249692
    1.231687398   91.075474139    6.486295497
    1.234160544   91.047384130  -26.398884217
    1.236633691   90.962617547  -37.377836884
    1.239106837   90.884277206  -21.909408159
    1.241579983   90.861301662    1.610560438
    1.244053129   90.883058018   11.310642213
    1.246526276   90.890384124   -9.569668180
    1.248999422   90.828681004  -40.188634459
    1.251472568   90.704362310  -55.864159606
    1.253945714   90.580390354  -37.295608626
    1.256418861   90.541074713    6.072266458
    1.258892007   90.603027459   40.858213715
    1.261365153   90.717661494   43.832526320
    1.263838300   90.791278850    8.943822013
    1.266311446   90.752167897  -38.929634330
    1.268784592   90.596612167  -82.529355033
    1.271257738   90.383690245  -84.612939263
    1.273730885   90.210201485  -53.608875678
    1.276204031   90.138412603   -3.611334552
    1.278677177   90.184620927   38.578256537
    1.281150323   90.306403122   55.116930479
    1.283623470   90.442223430   49.783102034
    1.286096616   90.552190821   38.865761486
    1.288569762   90.645236720   39.175584328
    1.291042908   90.754508048   51.376079749
    1.293516055   90.893753674   58.423574237
    1.295989201   91.025216338   44.380102599
    1.298462347   91.089374353    4.012337233
    1.300935493   91.052545758  -28.313453155
    1.303408640   90.988978925  -11.156404912
    1.305881786   91.044212628   64.031997086
    1.308354932   91.331272774  166.422337491
    1.310828078   91.841539130  233.269707595
    1.313301225   92.425682410  226.076526720
    1.315774371   92.922816418  170.923847666
    1.318247517   93.275820456  122.941515906
    1.320720663   93.587867545  137.817842809
    1.323193810   93.987941566  191.556570964
    1.325666956   94.522890957  235.936916088
    1.328140102   95.120168024  240.000004899
    1.330613248   95.684905981  217.290972048
    1.333086395   96.215494095  216.725750685
    1.335559541   96.797736291  258.660615191
    1.338032687   97.512877277  320.948553516
    1.340505833   98.368337012  366.058947056
    1.342978980   99.293194890  378.131812015
    1.345452126  100.227149566  377.231684261
    1.347925272  101.161548206  382.251135822
    1.350398418  102.139200374  406.602071640
    1.352871565  103.173523791  428.656154574
    1.355344711  104.233297579  426.860442761
    1.357817857  105.275511567  417.794568189
    1.360291003  106.323621333  433.708220610
    1.362764150  107.455583450  486.318971179
    1.365237296  108.739476133  550.774831605
    1.367710442  110.150349494  581.902064850
    1.370183589  111.578304293  563.954337073
    1.372656735  112.914801038  521.054982353
    1.375129881  114.179457832  509.684523272
    1.377603027  115.492623122  565.541208786
    1.380076174  117.018052692  674.892249811
    1.382549320  118.824027323  780.527275318
    1.385022466  120.834894195  830.010351793
    1.387495612  122.848710045  793.425803566
    1.389968759  124.730266968  724.833165251
    1.392441905  126.454605854  676.999015573
    1.394915051  128.137562070  696.514935340
    1.397388197  129.941366081  771.288562344
    1.399861344  131.955025954  848.672528918
    1.402334490  134.101008727  873.899818194
    1.404807636  136.229184651  839.948745771
    1.407280782  138.234141794  783.995450485
    1.409753929  140.130802302  758.377214329
    1.412227075  142.029732217  782.088408447
    1.414700221  144.025366196  832.712790153
    1.417173367  146.137750142  871.260866951
    1.419646514  148.318855597  890.402047510
    1.422119660  150.555891911  924.070928818
    1.424592806  152.927222744 1001.662661551
    1.427065952  155.553398669 1129.313325462
    1.429539099  158.518395785 1265.512545418
    1.432012245  161.769531440 1351.247407040
    1.434485391  165.123310004 1341.692561967
    1.436958537  168.311478339 1224.725306315
    1.439431684  171.111755861 1028.034858721
    1.441904830  173.358690411  786.075632725
    1.444377976  175.002941478  548.069344893
    1.446851122  176.096915313  345.935184666
    1.449324269  176.755209323  194.219071989
    1.451797415  177.104806381   95.402476481
    1.454270561  177.270784904   43.763552592
    1.456743707  177.340882106   16.063200808
    1.459216854  177.364140861    5.332396150
    1.461690000  177.371515496   -0.000000000
