#! FIELDS time d1 d2
 0.000000 0.038053 0.149284
 1.000000 0.025757 0.132111
 2.000000 0.045376 0.154739
 3.000000 0.046014 0.144953
 4.000000 0.011473 0.130731
 5.000000 0.006011 0.117357
 6.000000 0.070917 0.185686
 7.000000 0.052305 0.156969
 8.000000 0.031947 0.152336
 9.000000 0.057992 0.173143
 10.000000 0.007335 0.121388
 11.000000 0.036076 0.131177
 12.000000 0.053742 0.154900
 13.000000 0.048153 0.162582
 14.000000 0.045439 0.146989
 15.000000 0.038762 0.143783
 16.000000 0.016704 0.126296
 17.000000 0.038459 0.160167
 18.000000 0.053101 0.169109
 19.000000 0.045292 0.150316
 20.000000 0.021274 0.132611
 21.000000 0.030361 0.149172
 22.000000 0.097407 0.225569
 23.000000 0.072092 0.188444
 24.000000 0.071348 0.182627
 25.000000 0.072099 0.193777
 26.000000 0.074946 0.193174
 27.000000 0.092591 0.202053
 28.000000 0.066335 0.171406
 29.000000 0.081297 0.177961
 30.000000 0.066966 0.167563
 31.000000 0.079247 0.189576
 32.000000 0.075653 0.191646
 33.000000 0.065819 0.177432
 34.000000 0.075756 0.188480
 35.000000 0.063713 0.189327
 36.000000 0.066785 0.178241
 37.000000 0.070003 0.167218
 38.000000 0.078455 0.197007
 39.000000 0.066709 0.184159
 40.000000 0.079549 0.186179
 41.000000 0.066067 0.193635
 42.000000 0.088771 0.198403
 43.000000 0.069502 0.193058
 44.000000 0.075358 0.176636
 45.000000 0.090534 0.194438
 46.000000 0.023968 0.113603
 47.000000 0.026995 0.153344
 48.000000 0.022812 0.136218
 49.000000 0.048426 0.158150
 50.000000 0.063373 0.160987
 51.000000 0.044063 0.141209
 52.000000 0.033167 0.134125
 53.000000 0.057510 0.152035
 54.000000 0.034204 0.132208
 55.000000 0.029404 0.128021
 56.000000 0.048102 0.144289
 57.000000 0.038790 0.152607
 58.000000 0.047709 0.148807
 59.000000 0.038444 0.171260
 60.000000 0.039082 0.159314
 61.000000 0.019483 0.134668
 62.000000 0.011620 0.114080
 63.000000 0.046711 0.138234
 64.000000 0.045711 0.145002
 65.000000 0.050205 0.160096
 66.000000 0.037508 0.161442
 67.000000 0.057908 0.164615
 68.000000 0.037766 0.099617
 69.000000 0.019011 0.130686
 70.000000 0.021593 0.125379
 71.000000 0.009525 0.110055
 72.000000 0.029247 0.160726
 73.000000 0.033974 0.147311
 74.000000 0.015457 0.109756
 75.000000 0.042725 0.135026
 76.000000 0.031275 0.139842
 77.000000 0.039284 0.147190
 78.000000 0.062648 0.162927
 79.000000 0.045509 0.160122
 80.000000 0.052678 0.166235
 81.000000 0.034955 0.157705
 82.000000 0.063422 0.174306
 83.000000 0.018455 0.114787
 84.000000 0.056010 0.153691
 85.000000 0.046138 0.167854
 86.000000 0.050165 0.153735
 87.000000 0.062524 0.176309
 88.000000 0.046155 0.154867
 89.000000 0.057783 0.157518
 90.000000 0.046860 0.143671
 91.000000 0.027093 0.126821
 92.000000 0.001344 0.121835
 93.000000 0.055478 0.184314
 94.000000 0.038551 0.153787
 95.000000 0.040432 0.142505
 96.000000 0.026243 0.125716
 97.000000 0.056051 0.162407
 98.000000 0.022889 0.133126
 99.000000 0.017737 0.138561
 100.000000 0.062429 0.197035
 101.000000 0.045148 0.148674
 102.000000 0.029786 0.135838
 103.000000 0.046160 0.143075
 104.000000 0.053509 0.154293
 105.000000 0.036921 0.145104
 106.000000 0.048704 0.162603
 107.000000 0.049051 0.166578
 108.000000 0.020860 0.115455
 109.000000 0.026144 0.151680
 110.000000 0.051465 0.166266
 111.000000 0.039043 0.141967
 112.000000 0.039346 0.143205
 113.000000 0.040008 0.155486
 114.000000 0.018096 0.129410
 115.000000 0.001118 0.121284
 116.000000 0.046672 0.169357
 117.000000 0.057875 0.178685
 118.000000 0.017771 0.130540
 119.000000 0.047462 0.171636
 120.000000 0.052505 0.159384
 121.000000 0.033910 0.141080
 122.000000 0.028502 0.149207
 123.000000 0.014027 0.121286
 124.000000 0.019909 0.133701
 125.000000 0.056419 0.163974
 126.000000 0.035632 0.139170
 127.000000 0.038277 0.145201
 128.000000 0.046422 0.172899
 129.000000 0.028561 0.148690
 130.000000 0.046064 0.157125
 131.000000 0.001795 0.117300
 132.000000 0.037708 0.151224
 133.000000 0.037106 0.125659
 134.000000 0.022145 0.131437
 135.000000 0.023175 0.134303
 136.000000 0.039448 0.156376
 137.000000 0.002061 0.105548
 138.000000 0.036793 0.138313
 139.000000 0.059149 0.178355
 140.000000 0.017727 0.108843
 141.000000 0.040941 0.130044
 142.000000 0.049958 0.153994
 143.000000 0.025797 0.155682
 144.000000 0.016830 0.124160
 145.000000 0.039718 0.158395
 146.000000 0.019769 0.145720
 147.000000 0.020057 0.130699
 148.000000 0.054223 0.140193
 149.000000 0.053502 0.180394
 150.000000 0.041497 0.162494
 151.000000 0.052309 0.178729
 152.000000 0.047149 0.147049
 153.000000 0.023773 0.148750
 154.000000 0.017559 0.128079
 155.000000 0.004767 0.119494
 156.000000 0.020929 0.129002
 157.000000 0.029025 0.135075
 158.000000 0.065094 0.184256
 159.000000 0.028445 0.144903
 160.000000 0.033029 0.139839
 161.000000 0.048757 0.164429
 162.000000 0.024770 0.147027
 163.000000 0.033865 0.126248
 164.000000 0.029838 0.140192
 165.000000 0.001384 0.093285
 166.000000 0.011276 0.129097
 167.000000 0.046978 0.158184
 168.000000 0.042964 0.152326
 169.000000 0.035392 0.151897
 170.000000 0.000167 0.128406
 171.000000 0.016869 0.137351
 172.000000 0.020819 0.102428
 173.000000 0.012425 0.080419
 174.000000 0.047966 0.160020
 175.000000 0.018909 0.132400
 176.000000 0.040756 0.161477
 177.000000 0.029767 0.141258
 178.000000 0.023838 0.135015
 179.000000 0.044498 0.159829
 180.000000 0.020518 0.140719
 181.000000 0.040814 0.151978
 182.000000 0.034046 0.132175
 183.000000 0.031987 0.138900
 184.000000 0.032732 0.158020
 185.000000 0.014017 0.115696
 186.000000 0.037167 0.139607
 187.000000 0.026960 0.128097
 188.000000 0.021847 0.106223
 189.000000 0.032692 0.148224
 190.000000 0.054735 0.168477
 191.000000 0.039041 0.139413
 192.000000 0.017642 0.122129
 193.000000 0.041815 0.158321
 194.000000 0.057031 0.173547
 195.000000 0.033767 0.148356
 196.000000 0.054005 0.162622
 197.000000 0.051974 0.177023
 198.000000 0.039726 0.140264
 199.000000 0.035398 0.153671
 200.000000 0.039946 0.140869
 201.000000 0.022554 0.118531
 202.000000 0.021282 0.119962
 203.000000 0.055574 0.160075
 204.000000 0.039946 0.162993
 205.000000 0.047605 0.146658
 206.000000 0.036093 0.135677
 207.000000 0.031491 0.122352
 208.000000 0.050998 0.173885
 209.000000 0.021826 0.115839
 210.000000 0.045594 0.161929
 211.000000 0.029165 0.147941
 212.000000 0.056560 0.184438
 213.000000 0.001863 0.102511
 214.000000 0.042365 0.147297
 215.000000 0.067876 0.188218
 216.000000 0.022142 0.121267
 217.000000 0.015928 0.111218
 218.000000 0.022518 0.134924
 219.000000 0.021667 0.153023
 220.000000 0.048741 0.139540
 221.000000 0.039442 0.127098
 222.000000 0.009488 0.114678
 223.000000 0.014894 0.085868
 224.000000 0.043690 0.145311
 225.000000 0.021554 0.129626
 226.000000 0.052246 0.165013
 227.000000 0.015121 0.124715
 228.000000 0.018453 0.117125
 229.000000 0.052109 0.156337
 230.000000 0.071471 0.179468
 231.000000 0.052404 0.148424
 232.000000 0.055231 0.172750
 233.000000 0.049298 0.170610
 234.000000 0.040411 0.139350
 235.000000 0.028669 0.135458
 236.000000 0.036201 0.138398
 237.000000 0.018817 0.129314
 238.000000 0.023901 0.137087
 239.000000 0.005747 0.117427
 240.000000 0.027953 0.154704
 241.000000 0.064914 0.171058
 242.000000 0.048658 0.152127
 243.000000 0.041605 0.156751
 244.000000 0.048412 0.171325
 245.000000 0.046272 0.160044
 246.000000 0.049344 0.178702
 247.000000 0.038766 0.158596
 248.000000 0.023968 0.128139
 249.000000 0.034450 0.133711
 250.000000 0.027874 0.124945
 251.000000 0.052139 0.161765
 252.000000 0.062913 0.172337
 253.000000 0.038541 0.130560
 254.000000 0.034354 0.136368
 255.000000 0.034249 0.110748
 256.000000 0.001893 0.106299
 257.000000 0.003420 0.138362
 258.000000 0.006128 0.143917
 259.000000 0.003253 0.118024
 260.000000 0.018400 0.077942
 261.000000 0.010636 0.098521
 262.000000 0.014458 0.124953
 263.000000 0.015802 0.129039
 264.000000 0.018358 0.104090
 265.000000 0.003292 0.097101
 266.000000 0.003358 0.123833
 267.000000 0.011931 0.106345
 268.000000 0.014190 0.129643
 269.000000 0.033327 0.155511
 270.000000 0.050494 0.172591
 271.000000 0.031294 0.135308
 272.000000 0.047485 0.172301
 273.000000 0.016475 0.127598
 274.000000 0.015426 0.118074
 275.000000 0.031010 0.141348
 276.000000 0.028847 0.140182
 277.000000 0.043954 0.155519
 278.000000 0.018217 0.126495
 279.000000 0.020835 0.121329
 280.000000 0.014550 0.118160
 281.000000 0.041419 0.160813
 282.000000 0.010495 0.108276
 283.000000 0.020749 0.117627
 284.000000 0.017808 0.128523
 285.000000 0.016131 0.119332
 286.000000 0.037660 0.135786
 287.000000 0.031515 0.140900
 288.000000 0.035978 0.150149
 289.000000 0.025627 0.144444
 290.000000 0.060750 0.179360
 291.000000 0.030435 0.136741
 292.000000 0.061765 0.170815
 293.000000 0.028762 0.139064
 294.000000 0.054064 0.171758
 295.000000 0.037404 0.147716
 296.000000 0.039509 0.156740
 297.000000 0.043185 0.149177
 298.000000 0.025570 0.134124
 299.000000 0.016541 0.127649
 300.000000 0.049034 0.152127
 301.000000 0.093901 0.237217
 302.000000 0.093034 0.193229
 303.000000 0.093999 0.208909
 304.000000 0.050366 0.160379
 305.000000 0.046887 0.156745
 306.000000 0.054435 0.165498
 307.000000 0.022943 0.134889
 308.000000 0.029989 0.135190
 309.000000 0.018736 0.116598
 310.000000 0.033718 0.150001
 311.000000 0.024724 0.133736
 312.000000 0.043311 0.150576
 313.000000 0.038331 0.151811
 314.000000 0.035916 0.146089
 315.000000 0.011496 0.117517
 316.000000 0.062994 0.176074
 317.000000 0.034295 0.133952
 318.000000 0.036727 0.153269
 319.000000 0.063303 0.186965
 320.000000 0.019713 0.117868
 321.000000 0.018892 0.124752
 322.000000 0.041095 0.130315
 323.000000 0.023566 0.149174
 324.000000 0.060165 0.175357
 325.000000 0.036745 0.148468
 326.000000 0.036972 0.159828
 327.000000 0.036563 0.142970
 328.000000 0.029393 0.133066
 329.000000 0.041304 0.155863
 330.000000 0.058338 0.186573
 331.000000 0.056141 0.179194
 332.000000 0.038770 0.166525
 333.000000 0.028384 0.156950
 334.000000 0.034465 0.151147
 335.000000 0.055768 0.180058
 336.000000 0.054984 0.174896
 337.000000 0.047052 0.180234
 338.000000 0.030557 0.140076
 339.000000 0.016727 0.122312
 340.000000 0.021531 0.134081
 341.000000 0.059459 0.169111
 342.000000 0.026943 0.130071
 343.000000 0.023815 0.138178
 344.000000 0.075877 0.198239
 345.000000 0.058423 0.183187
 346.000000 0.047945 0.173570
 347.000000 0.048736 0.160237
 348.000000 0.017597 0.120818
 349.000000 0.045736 0.154902
 350.000000 0.042228 0.144265
 351.000000 0.052733 0.173462
 352.000000 0.012913 0.117924
 353.000000 0.049774 0.148226
 354.000000 0.026978 0.139513
 355.000000 0.051816 0.163320
 356.000000 0.042015 0.149669
 357.000000 0.022577 0.125256
 358.000000 0.056911 0.178171
 359.000000 0.049262 0.151293
 360.000000 0.038247 0.148721
 361.000000 0.034550 0.149189
 362.000000 0.045831 0.153508
 363.000000 0.013649 0.112281
 364.000000 0.017296 0.146704
 365.000000 0.036107 0.135916
 366.000000 0.026514 0.138662
 367.000000 0.022653 0.103277
 368.000000 0.025943 0.124348
 369.000000 0.040886 0.139106
 370.000000 0.042032 0.128916
 371.000000 0.035779 0.136432
 372.000000 0.039661 0.148050
 373.000000 0.026596 0.129117
 374.000000 0.038846 0.147886
 375.000000 0.026883 0.117366
 376.000000 0.028379 0.138591
 377.000000 0.041853 0.143806
 378.000000 0.038950 0.168675
 379.000000 0.042401 0.144275
 380.000000 0.031760 0.156003
 381.000000 0.052721 0.162513
 382.000000 0.033013 0.146261
 383.000000 0.052848 0.165941
 384.000000 0.013696 0.131049
 385.000000 0.020820 0.139072
 386.000000 0.022034 0.136854
 387.000000 0.060812 0.166381
 388.000000 0.033393 0.158808
 389.000000 0.021180 0.136688
 390.000000 0.058908 0.173289
 391.000000 0.013447 0.121284
 392.000000 0.029345 0.141677
 393.000000 0.015079 0.101425
 394.000000 0.020764 0.136090
 395.000000 0.041019 0.145127
 396.000000 0.017535 0.136648
 397.000000 0.049336 0.161624
 398.000000 0.035648 0.153258
 399.000000 0.011168 0.116618
 400.000000 0.008538 0.122522
 401.000000 0.017495 0.127481
 402.000000 0.031057 0.140365
 403.000000 0.001915 0.093130
 404.000000 0.016399 0.121976
 405.000000 0.051472 0.161664
 406.000000 0.047705 0.160987
 407.000000 0.042771 0.165918
 408.000000 0.060702 0.186734
 409.000000 0.024967 0.128490
 410.000000 0.037925 0.155574
 411.000000 0.043495 0.143236
 412.000000 0.042821 0.149587
 413.000000 0.002517 0.124838
 414.000000 0.052353 0.162839
 415.000000 0.033448 0.153143
 416.000000 0.042896 0.137001
 417.000000 0.043506 0.147584
 418.000000 0.044095 0.142925
 419.000000 0.012812 0.118199
 420.000000 0.046226 0.160612
 421.000000 0.053584 0.166280
 422.000000 0.039219 0.151906
 423.000000 0.056121 0.170055
 424.000000 0.046190 0.162006
 425.000000 0.032182 0.144218
 426.000000 0.040605 0.149345
 427.000000 0.024504 0.126412
 428.000000 0.016500 0.136509
 429.000000 0.060870 0.172665
 430.000000 0.011101 0.122851
 431.000000 0.030255 0.145794
 432.000000 0.039105 0.166210
 433.000000 0.024131 0.129893
 434.000000 0.002322 0.124373
 435.000000 0.026107 0.124063
 436.000000 0.036456 0.135810
 437.000000 0.015770 0.146393
 438.000000 0.041736 0.154971
 439.000000 0.019471 0.112454
 440.000000 0.063261 0.160231
 441.000000 0.019199 0.124379
 442.000000 0.060985 0.179114
 443.000000 0.003613 0.112732
 444.000000 0.034410 0.159955
 445.000000 0.019770 0.123959
 446.000000 0.021278 0.131912
 447.000000 0.038478 0.157026
 448.000000 0.037598 0.166895
 449.000000 0.001708 0.116457
 450.000000 0.024949 0.132772
 451.000000 0.036658 0.140729
 452.000000 0.018446 0.130955
 453.000000 0.050286 0.165325
 454.000000 0.022192 0.120120
 455.000000 0.037224 0.147566
 456.000000 0.029435 0.162545
 457.000000 0.052375 0.168049
 458.000000 0.054999 0.150090
 459.000000 0.041857 0.153774
 460.000000 0.013446 0.113896
 461.000000 0.028912 0.145690
 462.000000 0.014327 0.112242
 463.000000 0.002677 0.112443
 464.000000 0.007314 0.129365
 465.000000 0.001434 0.121261
 466.000000 0.004729 0.123724
 467.000000 0.001424 0.111445
 468.000000 0.002297 0.123677
 469.000000 0.002115 0.122100
 470.000000 0.002167 0.098295
 471.000000 0.001344 0.100512
 472.000000 0.074484 0.155957
 473.000000 0.059730 0.140648
 474.000000 0.078027 0.164070
 475.000000 0.065971 0.157477
 476.000000 0.053145 0.142195
 477.000000 0.063543 0.144025
 478.000000 0.063370 0.156055
 479.000000 0.066158 0.159059
 480.000000 0.073924 0.163393
 481.000000 0.073639 0.163288
 482.000000 0.057541 0.121916
 483.000000 0.084823 0.162256
 484.000000 0.072983 0.136845
 485.000000 0.056361 0.155630
 486.000000 0.064989 0.143490
 487.000000 0.073385 0.154299
 488.000000 0.071169 0.131148
 489.000000 0.079229 0.164164
 490.000000 0.074951 0.169268
 491.000000 0.085023 0.186199
 492.000000 0.068009 0.146212
 493.000000 0.075047 0.159605
 494.000000 0.081938 0.198013
 495.000000 0.065576 0.149123
 496.000000 0.047172 0.136343
 497.000000 0.072273 0.160342
 498.000000 0.067330 0.167025
 499.000000 0.059546 0.155737
 500.000000 0.072105 0.179110
 501.000000 0.062044 0.148863
 502.000000 0.071105 0.165245
 503.000000 0.054768 0.154293
 504.000000 0.063672 0.135691
 505.000000 0.062278 0.154482
 506.000000 0.075009 0.172655
 507.000000 0.069492 0.162326
 508.000000 0.050651 0.150407
 509.000000 0.077506 0.171497
 510.000000 0.075704 0.169042
 511.000000 0.059739 0.147056
 512.000000 0.078897 0.173506
 513.000000 0.063155 0.156282
 514.000000 0.068748 0.158588
 515.000000 0.068926 0.159808
 516.000000 0.053461 0.159691
 517.000000 0.078513 0.163721
 518.000000 0.074156 0.165578
 519.000000 0.071741 0.165272
 520.000000 0.065268 0.125611
 521.000000 0.062100 0.169597
 522.000000 0.068696 0.179064
 523.000000 0.056072 0.159861
 524.000000 0.082026 0.179274
 525.000000 0.045504 0.142139
 526.000000 0.078344 0.178716
 527.000000 0.068053 0.174236
 528.000000 0.055015 0.145642
 529.000000 0.058039 0.158247
 530.000000 0.069434 0.152242
 531.000000 0.064402 0.148809
 532.000000 0.065308 0.151662
 533.000000 0.074953 0.176376
 534.000000 0.069865 0.152460
 535.000000 0.100916 0.175902
 536.000000 0.093495 0.201490
 537.000000 0.085757 0.182200
 538.000000 0.085584 0.178390
 539.000000 0.103470 0.201160
 540.000000 0.104065 0.199967
 541.000000 0.106236 0.199026
 542.000000 0.093351 0.188309
 543.000000 0.097135 0.180493
 544.000000 0.088084 0.185065
 545.000000 0.097994 0.186634
 546.000000 0.100134 0.197777
 547.000000 0.107565 0.189465
 548.000000 0.094300 0.206572
 549.000000 0.107799 0.194837
 550.000000 0.092848 0.174699
 551.000000 0.101702 0.204889
 552.000000 0.085267 0.173298
 553.000000 0.105221 0.200936
 554.000000 0.092225 0.191076
 555.000000 0.088277 0.170292
 556.000000 0.082560 0.179294
 557.000000 0.081611 0.173466
 558.000000 0.088465 0.180779
 559.000000 0.111893 0.195144
 560.000000 0.088860 0.170412
 561.000000 0.107424 0.211528
 562.000000 0.091356 0.173759
 563.000000 0.112178 0.213193
 564.000000 0.100387 0.187558
 565.000000 0.101159 0.190556
 566.000000 0.062901 0.164803
 567.000000 0.046355 0.116650
 568.000000 0.063131 0.144495
 569.000000 0.003287 0.110047
 570.000000 0.003905 0.115434
 571.000000 0.002630 0.097740
 572.000000 0.068424 0.156416
 573.000000 0.077371 0.154119
 574.000000 0.091676 0.187958
 575.000000 0.090365 0.192460
 576.000000 0.090346 0.181138
 577.000000 0.100196 0.200709
 578.000000 0.096883 0.177549
 579.000000 0.103186 0.213109
 580.000000 0.092868 0.181754
 581.000000 0.056245 0.144861
 582.000000 0.072574 0.152506
 583.000000 0.085520 0.179421
 584.000000 0.089364 0.185001
 585.000000 0.101029 0.201765
 586.000000 0.113074 0.195486
 587.000000 0.088175 0.172595
 588.000000 0.106445 0.198637
 589.000000 0.087046 0.169348
 590.000000 0.093761 0.176069
 591.000000 0.104396 0.200158
 592.000000 0.092555 0.184825
 593.000000 0.096578 0.187735
 594.000000 0.105196 0.182219
 595.000000 0.108152 0.204354
 596.000000 0.061959 0.160606
 597.000000 0.060495 0.152869
 598.000000 0.067783 0.187277
 599.000000 0.074809 0.169965
 600.000000 0.069525 0.182057
 601.000000 0.062039 0.157289
 602.000000 0.074106 0.152919
 603.000000 0.074858 0.165740
 604.000000 0.083806 0.149411
 605.000000 0.096667 0.180093
 606.000000 0.100613 0.184020
 607.000000 0.106501 0.180700
 608.000000 0.097727 0.181517
 609.000000 0.099804 0.172360
 610.000000 0.083529 0.197635
 611.000000 0.084301 0.188524
 612.000000 0.089333 0.169069
 613.000000 0.078466 0.157966
 614.000000 0.062997 0.160455
 615.000000 0.078866 0.176079
 616.000000 0.058963 0.161743
 617.000000 0.046244 0.138262
 618.000000 0.002375 0.100978
 619.000000 0.003145 0.113479
 620.000000 0.001658 0.125147
 621.000000 0.001979 0.133296
 622.000000 0.009878 0.169522
 623.000000 0.003704 0.139998
 624.000000 0.012249 0.168403
 625.000000 0.010911 0.146890
 626.000000 0.002193 0.155507
 627.000000 0.021099 0.147560
 628.000000 0.006046 0.158059
 629.000000 0.008915 0.164186
 630.000000 0.015001 0.152616
 631.000000 0.002432 0.166108
 632.000000 0.017758 0.164970
 633.000000 0.014813 0.156893
 634.000000 0.003337 0.156147
 635.000000 0.003779 0.153516
 636.000000 0.002014 0.156389
 637.000000 0.006133 0.158212
 638.000000 0.004810 0.149986
 639.000000 0.001545 0.129601
 640.000000 0.015074 0.136667
 641.000000 0.003236 0.148456
 642.000000 0.002224 0.164577
 643.000000 0.002007 0.141957
 644.000000 0.008500 0.101692
 645.000000 0.014543 0.117340
 646.000000 0.002528 0.094139
 647.000000 0.011640 0.112258
 648.000000 0.000471 0.100554
 649.000000 0.000913 0.096605
 650.000000 0.021958 0.113315
 651.000000 0.012597 0.129919
 652.000000 0.057719 0.156060
 653.000000 0.057106 0.149212
 654.000000 0.074279 0.152048
 655.000000 0.074407 0.157455
 656.000000 0.055270 0.128952
 657.000000 0.066441 0.156441
 658.000000 0.064955 0.138810
 659.000000 0.016047 0.110900
 660.000000 0.060467 0.153166
 661.000000 0.059543 0.163807
 662.000000 0.060126 0.160040
 663.000000 0.053150 0.143249
 664.000000 0.049854 0.158593
 665.000000 0.061357 0.163089
 666.000000 0.080023 0.175532
 667.000000 0.012907 0.127014
 668.000000 0.060128 0.167481
 669.000000 0.024104 0.131765
 670.000000 0.067284 0.155534
 671.000000 0.076071 0.183353
 672.000000 0.073165 0.171557
 673.000000 0.074597 0.174723
 674.000000 0.067645 0.172588
 675.000000 0.057698 0.145655
 676.000000 0.068665 0.156432
 677.000000 0.070194 0.134988
 678.000000 0.071293 0.175252
 679.000000 0.080813 0.168373
 680.000000 0.055161 0.146678
 681.000000 0.050367 0.130602
 682.000000 0.071667 0.161722
 683.000000 0.054805 0.154295
 684.000000 0.059365 0.136542
 685.000000 0.062676 0.152825
 686.000000 0.056365 0.141748
 687.000000 0.078546 0.166308
 688.000000 0.063215 0.181030
 689.000000 0.054036 0.137471
 690.000000 0.059770 0.151966
 691.000000 0.056755 0.138008
 692.000000 0.089362 0.179989
 693.000000 0.092622 0.181506
 694.000000 0.095129 0.174242
 695.000000 0.057032 0.167373
 696.000000 0.073592 0.179646
 697.000000 0.057615 0.137925
 698.000000 0.053642 0.141729
 699.000000 0.052404 0.161255
 700.000000 0.054287 0.129853
 701.000000 0.062446 0.133266
 702.000000 0.061019 0.152676
 703.000000 0.050904 0.138841
 704.000000 0.068764 0.151878
 705.000000 0.067914 0.158290
 706.000000 0.066109 0.157286
 707.000000 0.038150 0.128560
 708.000000 0.077758 0.139426
 709.000000 0.053273 0.121571
 710.000000 0.078872 0.147653
 711.000000 0.057444 0.139130
 712.000000 0.061906 0.149354
 713.000000 0.057049 0.139694
 714.000000 0.061550 0.158706
 715.000000 0.066538 0.153603
 716.000000 0.064851 0.152600
 717.000000 0.063648 0.151134
 718.000000 0.050828 0.146490
 719.000000 0.084135 0.176970
 720.000000 0.067357 0.135545
 721.000000 0.051967 0.142724
 722.000000 0.003547 0.114464
 723.000000 0.008390 0.103982
 724.000000 0.014361 0.091216
 725.000000 0.062911 0.160496
 726.000000 0.069554 0.169385
 727.000000 0.058769 0.140031
 728.000000 0.060271 0.139911
 729.000000 0.078629 0.156306
 730.000000 0.053455 0.162456
 731.000000 0.060085 0.146154
 732.000000 0.058684 0.147504
 733.000000 0.040047 0.147663
 734.000000 0.058347 0.137695
 735.000000 0.003671 0.102834
 736.000000 0.005776 0.112443
 737.000000 0.013426 0.117435
 738.000000 0.026193 0.127156
 739.000000 0.027179 0.141159
 740.000000 0.004200 0.107062
 741.000000 0.006577 0.096215
 742.000000 0.013701 0.105865
 743.000000 0.002115 0.103433
 744.000000 0.005691 0.103939
 745.000000 0.004836 0.088129
 746.000000 0.010917 0.114406
 747.000000 0.005800 0.107854
 748.000000 0.077618 0.169422
 749.000000 0.078751 0.170483
 750.000000 0.064261 0.146989
 751.000000 0.061323 0.154997
 752.000000 0.068971 0.169430
 753.000000 0.059577 0.156231
 754.000000 0.055411 0.162442
 755.000000 0.059028 0.164107
 756.000000 0.058113 0.149865
 757.000000 0.071753 0.140601
 758.000000 0.083017 0.166632
 759.000000 0.063930 0.164446
 760.000000 0.064683 0.148038
 761.000000 0.060114 0.142161
 762.000000 0.054128 0.139549
 763.000000 0.065034 0.156542
 764.000000 0.057948 0.145503
 765.000000 0.056946 0.155818
 766.000000 0.067402 0.160203
 767.000000 0.056428 0.139042
 768.000000 0.070583 0.153472
 769.000000 0.064142 0.152691
 770.000000 0.078305 0.159407
 771.000000 0.051821 0.133503
 772.000000 0.078231 0.180609
 773.000000 0.058107 0.148569
 774.000000 0.056984 0.166777
 775.000000 0.052747 0.138687
 776.000000 0.079441 0.141355
 777.000000 0.064176 0.151929
 778.000000 0.080100 0.176558
 779.000000 0.059707 0.144357
 780.000000 0.080203 0.177039
 781.000000 0.101766 0.188051
 782.000000 0.094909 0.172764
 783.000000 0.081779 0.187591
 784.000000 0.082602 0.163455
 785.000000 0.066633 0.162971
 786.000000 0.055802 0.149900
 787.000000 0.059965 0.147654
 788.000000 0.016201 0.106187
 789.000000 0.019045 0.120588
 790.000000 0.013765 0.121775
 791.000000 0.005025 0.118824
 792.000000 0.001833 0.090166
 793.000000 0.005036 0.120904
 794.000000 0.014874 0.114993
 795.000000 0.004972 0.091608
 796.000000 0.000850 0.096141
 797.000000 0.003760 0.111787
 798.000000 0.006012 0.127420
 799.000000 0.065498 0.141941
 800.000000 0.001510 0.060330
 801.000000 0.002769 0.084435
 802.000000 0.001893 0.098430
 803.000000 0.022999 0.121136
 804.000000 0.002848 0.118700
 805.000000 0.002007 0.100999
 806.000000 0.049619 0.151943
 807.000000 0.055279 0.156710
 808.000000 0.072542 0.170785
 809.000000 0.057919 0.153912
 810.000000 0.056317 0.140056
 811.000000 0.076628 0.168648
 812.000000 0.059036 0.152082
 813.000000 0.059934 0.154885
 814.000000 0.055513 0.147922
 815.000000 0.060680 0.166961
 816.000000 0.003804 0.105138
 817.000000 0.053058 0.132531
 818.000000 0.076921 0.151344
 819.000000 0.001986 0.117693
 820.000000 0.034351 0.136302
 821.000000 0.053334 0.138038
 822.000000 0.066568 0.169367
 823.000000 0.065364 0.160070
 824.000000 0.063264 0.161660
 825.000000 0.055044 0.157361
 826.000000 0.078012 0.163722
 827.000000 0.078101 0.148332
 828.000000 0.059431 0.173315
 829.000000 0.068656 0.157203
 830.000000 0.077223 0.153032
 831.000000 0.079330 0.155222
 832.000000 0.081056 0.169116
 833.000000 0.079502 0.160696
 834.000000 0.054314 0.136622
 835.000000 0.066679 0.180069
 836.000000 0.070181 0.187704
 837.000000 0.069391 0.158397
 838.000000 0.014516 0.130179
 839.000000 0.069116 0.180500
 840.000000 0.056933 0.153740
 841.000000 0.002527 0.138994
 842.000000 0.010415 0.130579
 843.000000 0.012954 0.096766
 844.000000 0.017655 0.095391
 845.000000 0.018231 0.113060
 846.000000 0.022713 0.107789
 847.000000 0.057120 0.161442
 848.000000 0.062059 0.163686
 849.000000 0.064012 0.179081
 850.000000 0.016318 0.141073
 851.000000 0.060541 0.161478
 852.000000 0.087668 0.189507
 853.000000 0.063631 0.164825
 854.000000 0.065708 0.175171
 855.000000 0.049109 0.161196
 856.000000 0.075845 0.173290
 857.000000 0.012066 0.130253
 858.000000 0.034471 0.150926
 859.000000 0.092196 0.190562
 860.000000 0.050729 0.157471
 861.000000 0.077217 0.178734
 862.000000 0.074918 0.164430
 863.000000 0.069280 0.155824
 864.000000 0.069985 0.143376
 865.000000 0.080488 0.169290
 866.000000 0.067068 0.153818
 867.000000 0.046060 0.143997
 868.000000 0.060029 0.165645
 869.000000 0.066435 0.151358
 870.000000 0.074686 0.166322
 871.000000 0.063238 0.172184
 872.000000 0.075353 0.160365
 873.000000 0.074950 0.164095
 874.000000 0.068516 0.174280
 875.000000 0.078253 0.158531
 876.000000 0.070812 0.187827
 877.000000 0.075346 0.169815
 878.000000 0.062709 0.165230
 879.000000 0.044656 0.156917
 880.000000 0.080018 0.178842
 881.000000 0.099191 0.192982
 882.000000 0.091248 0.202145
 883.000000 0.095469 0.185872
 884.000000 0.082049 0.176626
 885.000000 0.093419 0.188557
 886.000000 0.093843 0.186024
 887.000000 0.105237 0.183974
 888.000000 0.087848 0.162447
 889.000000 0.067201 0.149185
 890.000000 0.048604 0.144025
 891.000000 0.065498 0.162000
 892.000000 0.051997 0.142912
 893.000000 0.089763 0.185208
 894.000000 0.090470 0.192709
 895.000000 0.090692 0.175689
 896.000000 0.087778 0.201436
 897.000000 0.079191 0.180362
 898.000000 0.061601 0.125431
 899.000000 0.063208 0.145255
 900.000000 0.053979 0.147143
 901.000000 0.060427 0.144360
 902.000000 0.073463 0.156924
 903.000000 0.047073 0.115930
 904.000000 0.059571 0.171871
 905.000000 0.057141 0.161156
 906.000000 0.088152 0.184468
 907.000000 0.096162 0.189031
 908.000000 0.049356 0.142079
 909.000000 0.071584 0.164252
 910.000000 0.059932 0.182127
 911.000000 0.070229 0.167242
 912.000000 0.022297 0.114191
 913.000000 0.064483 0.153885
 914.000000 0.062881 0.141378
 915.000000 0.053127 0.143308
 916.000000 0.088139 0.163039
 917.000000 0.070116 0.170259
 918.000000 0.061155 0.153480
 919.000000 0.053571 0.135922
 920.000000 0.051722 0.165947
 921.000000 0.082685 0.180396
 922.000000 0.058403 0.149156
 923.000000 0.082390 0.189259
 924.000000 0.063033 0.154469
 925.000000 0.065540 0.164587
 926.000000 0.096162 0.177723
 927.000000 0.093013 0.190820
 928.000000 0.065336 0.160051
 929.000000 0.056300 0.150353
 930.000000 0.047078 0.149404
 931.000000 0.056337 0.152164
 932.000000 0.069648 0.169770
 933.000000 0.098114 0.194409
 934.000000 0.092423 0.187865
 935.000000 0.096051 0.194551
 936.000000 0.085753 0.181120
 937.000000 0.106726 0.185240
 938.000000 0.078637 0.160002
 939.000000 0.070610 0.156573
 940.000000 0.072321 0.176576
 941.000000 0.070986 0.163253
 942.000000 0.072860 0.167565
 943.000000 0.074745 0.189055
 944.000000 0.040822 0.135992
 945.000000 0.044294 0.141425
 946.000000 0.058597 0.171851
 947.000000 0.051419 0.147196
 948.000000 0.064144 0.136148
 949.000000 0.074749 0.155906
 950.000000 0.081668 0.148799
 951.000000 0.049244 0.157361
 952.000000 0.067631 0.169317
 953.000000 0.063407 0.162652
 954.000000 0.057874 0.129224
 955.000000 0.061213 0.139940
 956.000000 0.080488 0.179681
 957.000000 0.075314 0.162217
 958.000000 0.080112 0.183037
 959.000000 0.064262 0.168147
 960.000000 0.063205 0.158107
 961.000000 0.075676 0.169430
 962.000000 0.068836 0.156603
 963.000000 0.057104 0.156131
 964.000000 0.054507 0.141971
 965.000000 0.057606 0.163993
 966.000000 0.057376 0.142673
 967.000000 0.051293 0.145183
 968.000000 0.046163 0.135307
 969.000000 0.054457 0.149095
 970.000000 0.068581 0.157066
 971.000000 0.055520 0.159301
 972.000000 0.069431 0.168833
 973.000000 0.066200 0.162127
 974.000000 0.042886 0.120486
 975.000000 0.056471 0.147369
 976.000000 0.072597 0.164093
 977.000000 0.016446 0.127801
 978.000000 0.015642 0.134707
 979.000000 0.003955 0.131227
 980.000000 0.075206 0.175252
 981.000000 0.062251 0.170275
 982.000000 0.046193 0.134868
 983.000000 0.074450 0.189146
 984.000000 0.072119 0.153015
 985.000000 0.072482 0.165929
 986.000000 0.066674 0.152268
 987.000000 0.065015 0.164887
 988.000000 0.081671 0.158078
 989.000000 0.072416 0.156998
 990.000000 0.054184 0.133761
 991.000000 0.075136 0.160072
 992.000000 0.050509 0.149341
 993.000000 0.056905 0.157313
 994.000000 0.070098 0.160842
 995.000000 0.086695 0.168596
 996.000000 0.078104 0.167504
 997.000000 0.065670 0.154596
 998.000000 0.062612 0.167755
 999.000000 0.077804 0.175521
 1000.000000 0.056910 0.142344
 1001.000000 0.057080 0.173786
 1002.000000 0.065561 0.180356
 1003.000000 0.063472 0.156436
 1004.000000 0.074881 0.177628
 1005.000000 0.056264 0.156313
 1006.000000 0.073706 0.155168
 1007.000000 0.047631 0.143818
 1008.000000 0.056724 0.145939
 1009.000000 0.072477 0.168432
 1010.000000 0.070658 0.168611
 1011.000000 0.064963 0.155198
 1012.000000 0.065244 0.171899
 1013.000000 0.063033 0.153934
 1014.000000 0.052921 0.154923
 1015.000000 0.054855 0.137701
 1016.000000 0.080567 0.187237
 1017.000000 0.075653 0.154448
 1018.000000 0.088344 0.184538
 1019.000000 0.072711 0.148628
 1020.000000 0.055689 0.155170
 1021.000000 0.070946 0.163967
 1022.000000 0.063199 0.151243
 1023.000000 0.052576 0.137271
 1024.000000 0.022534 0.113310
 1025.000000 0.065748 0.167285
 1026.000000 0.060176 0.136434
 1027.000000 0.060811 0.159410
 1028.000000 0.066814 0.153750
 1029.000000 0.062668 0.141885
 1030.000000 0.062621 0.133486
 1031.000000 0.080077 0.171671
 1032.000000 0.058710 0.143170
 1033.000000 0.055773 0.147468
 1034.000000 0.060584 0.148095
 1035.000000 0.057361 0.143581
 1036.000000 0.066325 0.149084
 1037.000000 0.049682 0.129413
 1038.000000 0.065688 0.153976
 1039.000000 0.063110 0.163231
 1040.000000 0.087802 0.181906
 1041.000000 0.062669 0.160935
 1042.000000 0.042918 0.151070
 1043.000000 0.064766 0.164671
 1044.000000 0.079074 0.173321
 1045.000000 0.062529 0.167964
 1046.000000 0.088018 0.174313
 1047.000000 0.067184 0.149462
 1048.000000 0.070654 0.149402
 1049.000000 0.071152 0.153677
 1050.000000 0.064696 0.152038
 1051.000000 0.062740 0.152922
 1052.000000 0.059043 0.136006
 1053.000000 0.071195 0.167769
 1054.000000 0.060982 0.158106
 1055.000000 0.083361 0.171428
 1056.000000 0.090434 0.164325
 1057.000000 0.064820 0.164792
 1058.000000 0.049587 0.142179
 1059.000000 0.069369 0.172213
 1060.000000 0.045330 0.106741
 1061.000000 0.083418 0.166188
 1062.000000 0.073775 0.169822
 1063.000000 0.079902 0.167691
 1064.000000 0.057635 0.157242
 1065.000000 0.051513 0.141435
 1066.000000 0.069244 0.171670
 1067.000000 0.089125 0.183654
 1068.000000 0.103982 0.199033
 1069.000000 0.099522 0.187033
 1070.000000 0.097378 0.180998
 1071.000000 0.100764 0.203634
 1072.000000 0.094141 0.203430
 1073.000000 0.095613 0.177804
 1074.000000 0.105470 0.185660
 1075.000000 0.099343 0.195035
 1076.000000 0.084822 0.179894
 1077.000000 0.083075 0.173667
 1078.000000 0.109903 0.187190
 1079.000000 0.100117 0.192315
 1080.000000 0.079944 0.161834
 1081.000000 0.081589 0.172018
 1082.000000 0.075284 0.172436
 1083.000000 0.051027 0.139656
 1084.000000 0.079193 0.169313
 1085.000000 0.089882 0.204065
 1086.000000 0.091415 0.174431
 1087.000000 0.091147 0.185540
 1088.000000 0.095919 0.185130
 1089.000000 0.106071 0.186510
 1090.000000 0.098850 0.211764
 1091.000000 0.049863 0.152370
 1092.000000 0.052711 0.155160
 1093.000000 0.058097 0.146385
 1094.000000 0.064788 0.163502
 1095.000000 0.056560 0.151328
 1096.000000 0.067234 0.178124
 1097.000000 0.067607 0.177932
 1098.000000 0.082713 0.190181
 1099.000000 0.065415 0.167498
 1100.000000 0.080103 0.179615
 1101.000000 0.054805 0.144997
 1102.000000 0.063170 0.163586
 1103.000000 0.064775 0.169867
 1104.000000 0.059796 0.133542
 1105.000000 0.059759 0.167567
 1106.000000 0.062596 0.137053
 1107.000000 0.078389 0.165779
 1108.000000 0.063432 0.144808
 1109.000000 0.057779 0.146110
 1110.000000 0.075429 0.176016
 1111.000000 0.079751 0.180263
 1112.000000 0.089041 0.158216
 1113.000000 0.074038 0.136277
 1114.000000 0.086219 0.173066
 1115.000000 0.083145 0.167426
 1116.000000 0.060071 0.146775
 1117.000000 0.062600 0.148653
 1118.000000 0.067632 0.144955
 1119.000000 0.069145 0.163439
 1120.000000 0.064834 0.147002
 1121.000000 0.063860 0.167799
 1122.000000 0.051210 0.139345
 1123.000000 0.050364 0.152075
 1124.000000 0.097726 0.190336
 1125.000000 0.072432 0.156383
 1126.000000 0.072201 0.164569
 1127.000000 0.052090 0.148582
 1128.000000 0.019260 0.150473
 1129.000000 0.014080 0.109584
 1130.000000 0.028219 0.170783
 1131.000000 0.052998 0.144723
 1132.000000 0.076712 0.175028
 1133.000000 0.054763 0.148448
 1134.000000 0.062586 0.156367
 1135.000000 0.058514 0.148923
 1136.000000 0.056649 0.137515
 1137.000000 0.058692 0.165343
 1138.000000 0.061970 0.152875
 1139.000000 0.039188 0.122912
 1140.000000 0.068263 0.157097
 1141.000000 0.061570 0.160019
 1142.000000 0.077840 0.164524
 1143.000000 0.063515 0.141369
 1144.000000 0.080435 0.182561
 1145.000000 0.062248 0.155211
 1146.000000 0.058603 0.157355
 1147.000000 0.075716 0.182818
 1148.000000 0.060770 0.151439
 1149.000000 0.058452 0.166675
 1150.000000 0.081985 0.165916
 1151.000000 0.059653 0.151262
 1152.000000 0.060042 0.149797
 1153.000000 0.078144 0.168475
 1154.000000 0.053259 0.162111
 1155.000000 0.070265 0.162878
 1156.000000 0.051804 0.151811
 1157.000000 0.062448 0.157110
 1158.000000 0.065418 0.157161
 1159.000000 0.072955 0.172818
 1160.000000 0.062229 0.166548
 1161.000000 0.062221 0.141434
 1162.000000 0.060530 0.163852
 1163.000000 0.071435 0.172563
 1164.000000 0.057714 0.152274
 1165.000000 0.060949 0.146882
 1166.000000 0.073791 0.143361
 1167.000000 0.064116 0.173236
 1168.000000 0.090073 0.188894
 1169.000000 0.083996 0.165159
 1170.000000 0.054891 0.150841
 1171.000000 0.053687 0.152795
 1172.000000 0.082962 0.157032
 1173.000000 0.093465 0.190006
 1174.000000 0.076930 0.154135
 1175.000000 0.094280 0.180487
 1176.000000 0.109069 0.205271
 1177.000000 0.089587 0.163861
 1178.000000 0.109571 0.179826
 1179.000000 0.097819 0.194847
 1180.000000 0.099417 0.210944
 1181.000000 0.068435 0.161182
 1182.000000 0.064992 0.162520
 1183.000000 0.062559 0.154995
 1184.000000 0.083086 0.170707
 1185.000000 0.044432 0.144275
 1186.000000 0.070415 0.143030
 1187.000000 0.055445 0.156509
 1188.000000 0.070396 0.158210
 1189.000000 0.051546 0.118633
 1190.000000 0.069527 0.160823
 1191.000000 0.059622 0.149758
 1192.000000 0.052688 0.161405
 1193.000000 0.067559 0.163320
 1194.000000 0.072024 0.156083
 1195.000000 0.080226 0.159051
 1196.000000 0.062351 0.169652
 1197.000000 0.070722 0.163877
 1198.000000 0.062031 0.161809
 1199.000000 0.063840 0.176698
 1200.000000 0.057606 0.150724
 1201.000000 0.052060 0.129419
 1202.000000 0.077067 0.155460
 1203.000000 0.074817 0.164367
 1204.000000 0.063480 0.160230
 1205.000000 0.060314 0.138926
 1206.000000 0.060233 0.149863
 1207.000000 0.055504 0.156275
 1208.000000 0.075233 0.164445
 1209.000000 0.074768 0.167361
 1210.000000 0.086054 0.166634
 1211.000000 0.056618 0.143264
 1212.000000 0.096964 0.198854
 1213.000000 0.091578 0.190483
 1214.000000 0.103737 0.188060
 1215.000000 0.089334 0.179278
 1216.000000 0.084280 0.171560
 1217.000000 0.092514 0.189760
 1218.000000 0.092482 0.179132
 1219.000000 0.084723 0.178948
 1220.000000 0.104430 0.189611
 1221.000000 0.094293 0.193132
 1222.000000 0.103188 0.187928
 1223.000000 0.099794 0.184792
 1224.000000 0.088120 0.175979
 1225.000000 0.091900 0.178650
 1226.000000 0.060250 0.154609
 1227.000000 0.086514 0.184840
 1228.000000 0.072556 0.153973
 1229.000000 0.066715 0.154732
 1230.000000 0.073423 0.166616
 1231.000000 0.078909 0.166495
 1232.000000 0.055983 0.157149
 1233.000000 0.060734 0.160737
 1234.000000 0.070135 0.187759
 1235.000000 0.056886 0.155245
 1236.000000 0.080401 0.164776
 1237.000000 0.057437 0.146300
 1238.000000 0.064840 0.149425
 1239.000000 0.074507 0.171109
 1240.000000 0.064128 0.171740
 1241.000000 0.071091 0.166265
 1242.000000 0.052585 0.159661
 1243.000000 0.058270 0.157505
 1244.000000 0.069923 0.170731
 1245.000000 0.062708 0.146517
 1246.000000 0.068927 0.157469
 1247.000000 0.097928 0.191164
 1248.000000 0.102028 0.182407
 1249.000000 0.088623 0.169284
 1250.000000 0.095637 0.179544
 1251.000000 0.093780 0.192909
 1252.000000 0.084081 0.186378
 1253.000000 0.085071 0.176826
 1254.000000 0.093260 0.197784
 1255.000000 0.101886 0.193549
 1256.000000 0.091344 0.165992
 1257.000000 0.083836 0.175494
 1258.000000 0.074946 0.178841
 1259.000000 0.074014 0.187080
 1260.000000 0.082809 0.190221
 1261.000000 0.064799 0.156479
 1262.000000 0.063313 0.163195
 1263.000000 0.064230 0.158505
 1264.000000 0.062317 0.150439
 1265.000000 0.083689 0.184096
 1266.000000 0.054347 0.149782
 1267.000000 0.037219 0.137466
 1268.000000 0.051392 0.144084
 1269.000000 0.054241 0.147987
 1270.000000 0.068884 0.170534
 1271.000000 0.083732 0.184753
 1272.000000 0.067030 0.158453
 1273.000000 0.078201 0.158609
 1274.000000 0.071770 0.163584
 1275.000000 0.043181 0.141170
 1276.000000 0.073469 0.174674
 1277.000000 0.063158 0.172220
 1278.000000 0.068253 0.157492
 1279.000000 0.068573 0.154515
 1280.000000 0.064477 0.159433
 1281.000000 0.073382 0.163168
 1282.000000 0.059050 0.155149
 1283.000000 0.083240 0.171640
 1284.000000 0.093193 0.201991
 1285.000000 0.065617 0.169094
 1286.000000 0.067453 0.174931
 1287.000000 0.052623 0.145696
 1288.000000 0.066987 0.158531
 1289.000000 0.071764 0.156471
 1290.000000 0.078755 0.158663
 1291.000000 0.064031 0.158754
 1292.000000 0.086446 0.166698
 1293.000000 0.084226 0.189794
 1294.000000 0.088968 0.188344
 1295.000000 0.091763 0.191906
 1296.000000 0.109719 0.196187
 1297.000000 0.077521 0.163638
 1298.000000 0.052576 0.125855
 1299.000000 0.049585 0.117875
 1300.000000 0.085192 0.178349
 1301.000000 0.078594 0.163759
 1302.000000 0.062731 0.160990
 1303.000000 0.108287 0.190160
 1304.000000 0.097569 0.190670
 1305.000000 0.093224 0.180931
 1306.000000 0.069850 0.177034
 1307.000000 0.071060 0.156013
 1308.000000 0.061929 0.168450
 1309.000000 0.080648 0.175072
 1310.000000 0.065610 0.162325
 1311.000000 0.061680 0.147216
 1312.000000 0.066495 0.164179
 1313.000000 0.059110 0.178993
 1314.000000 0.064640 0.159977
 1315.000000 0.091434 0.188964
 1316.000000 0.098700 0.187435
 1317.000000 0.098563 0.191993
 1318.000000 0.061835 0.130653
 1319.000000 0.079408 0.164501
 1320.000000 0.088981 0.170490
 1321.000000 0.057521 0.156071
 1322.000000 0.070256 0.145360
 1323.000000 0.063153 0.173790
 1324.000000 0.055420 0.130953
 1325.000000 0.048846 0.158961
 1326.000000 0.079884 0.186462
 1327.000000 0.064220 0.144706
 1328.000000 0.060530 0.142992
 1329.000000 0.057930 0.138040
 1330.000000 0.062011 0.148525
 1331.000000 0.052396 0.153896
 1332.000000 0.053520 0.140452
 1333.000000 0.059421 0.159153
 1334.000000 0.076870 0.162471
 1335.000000 0.054819 0.146344
 1336.000000 0.067318 0.148808
 1337.000000 0.065887 0.157198
 1338.000000 0.065567 0.160276
 1339.000000 0.081360 0.180421
 1340.000000 0.057053 0.140063
 1341.000000 0.056501 0.141256
 1342.000000 0.055012 0.148595
 1343.000000 0.081315 0.146933
 1344.000000 0.078212 0.154749
 1345.000000 0.079898 0.155344
 1346.000000 0.068289 0.145965
 1347.000000 0.080132 0.170168
 1348.000000 0.048629 0.108374
 1349.000000 0.090506 0.159802
 1350.000000 0.079651 0.157141
 1351.000000 0.082460 0.173410
 1352.000000 0.065248 0.131469
 1353.000000 0.070297 0.158534
 1354.000000 0.075568 0.142374
 1355.000000 0.081571 0.159446
 1356.000000 0.086233 0.156366
 1357.000000 0.075443 0.146066
 1358.000000 0.055734 0.142948
 1359.000000 0.079721 0.155853
 1360.000000 0.062643 0.143615
 1361.000000 0.058487 0.142529
 1362.000000 0.055257 0.150361
 1363.000000 0.070634 0.168897
 1364.000000 0.081953 0.206812
 1365.000000 0.106609 0.186151
 1366.000000 0.088965 0.174415
 1367.000000 0.096506 0.192053
 1368.000000 0.086762 0.178515
 1369.000000 0.100567 0.181978
 1370.000000 0.090716 0.169443
 1371.000000 0.088806 0.188897
 1372.000000 0.112383 0.199722
 1373.000000 0.090803 0.180940
 1374.000000 0.088542 0.188650
 1375.000000 0.099907 0.183332
 1376.000000 0.087853 0.192200
 1377.000000 0.081325 0.182205
 1378.000000 0.102630 0.198196
 1379.000000 0.093742 0.178908
 1380.000000 0.100656 0.193612
 1381.000000 0.096043 0.192718
 1382.000000 0.104937 0.182359
 1383.000000 0.097589 0.183655
 1384.000000 0.102372 0.179125
 1385.000000 0.100643 0.191973
 1386.000000 0.103877 0.201528
 1387.000000 0.085999 0.184651
 1388.000000 0.083627 0.177636
 1389.000000 0.089041 0.183975
 1390.000000 0.096048 0.206769
 1391.000000 0.109884 0.212527
 1392.000000 0.107938 0.201164
 1393.000000 0.094427 0.188067
 1394.000000 0.093413 0.182188
 1395.000000 0.107267 0.183733
 1396.000000 0.087026 0.170547
 1397.000000 0.075850 0.174083
 1398.000000 0.053025 0.149793
 1399.000000 0.066294 0.162821
 1400.000000 0.085871 0.180393
 1401.000000 0.070234 0.189935
 1402.000000 0.071106 0.168730
 1403.000000 0.089763 0.151648
 1404.000000 0.061330 0.153289
 1405.000000 0.064445 0.190478
 1406.000000 0.067217 0.158184
 1407.000000 0.056213 0.148767
 1408.000000 0.058448 0.142911
 1409.000000 0.048583 0.141460
 1410.000000 0.069542 0.165180
 1411.000000 0.059265 0.143229
 1412.000000 0.045932 0.140277
 1413.000000 0.073546 0.175423
 1414.000000 0.065655 0.150203
 1415.000000 0.051951 0.145126
 1416.000000 0.066557 0.160922
 1417.000000 0.088114 0.183477
 1418.000000 0.052082 0.143750
 1419.000000 0.067641 0.165449
 1420.000000 0.054851 0.172841
 1421.000000 0.066152 0.167456
 1422.000000 0.075752 0.174366
 1423.000000 0.082610 0.172121
 1424.000000 0.096636 0.186240
 1425.000000 0.069494 0.149742
 1426.000000 0.062912 0.158780
 1427.000000 0.072897 0.164552
 1428.000000 0.092706 0.181702
 1429.000000 0.094671 0.187852
 1430.000000 0.051261 0.144649
 1431.000000 0.049957 0.128715
 1432.000000 0.069339 0.138579
 1433.000000 0.051565 0.133271
 1434.000000 0.083062 0.167993
 1435.000000 0.070144 0.141117
 1436.000000 0.070608 0.162741
 1437.000000 0.057034 0.149738
 1438.000000 0.018045 0.119729
 1439.000000 0.015564 0.126892
 1440.000000 0.017845 0.100713
 1441.000000 0.015189 0.111964
 1442.000000 0.015179 0.101358
 1443.000000 0.021899 0.107305
 1444.000000 0.013608 0.116558
 1445.000000 0.019314 0.112922
 1446.000000 0.014596 0.120602
 1447.000000 0.059714 0.133902
 1448.000000 0.084777 0.168257
 1449.000000 0.063867 0.143741
 1450.000000 0.077192 0.132670
 1451.000000 0.060752 0.136339
 1452.000000 0.081469 0.150707
 1453.000000 0.079815 0.132374
 1454.000000 0.083455 0.144188
 1455.000000 0.078083 0.132984
 1456.000000 0.064843 0.140727
 1457.000000 0.070850 0.151491
 1458.000000 0.067972 0.163802
 1459.000000 0.067703 0.156164
 1460.000000 0.058687 0.132871
 1461.000000 0.068552 0.152979
 1462.000000 0.051956 0.143477
 1463.000000 0.060795 0.125011
 1464.000000 0.062339 0.156029
 1465.000000 0.054262 0.140437
 1466.000000 0.080262 0.180541
 1467.000000 0.059722 0.143708
 1468.000000 0.076161 0.159110
 1469.000000 0.061845 0.138842
 1470.000000 0.066369 0.156649
 1471.000000 0.079026 0.150561
 1472.000000 0.068139 0.159960
 1473.000000 0.062262 0.152443
 1474.000000 0.059198 0.159374
 1475.000000 0.032016 0.123700
 1476.000000 0.059677 0.152708
 1477.000000 0.068123 0.145745
 1478.000000 0.069644 0.138734
 1479.000000 0.072940 0.161951
 1480.000000 0.074141 0.149793
 1481.000000 0.049371 0.126583
 1482.000000 0.050413 0.125219
 1483.000000 0.070400 0.155890
 1484.000000 0.063410 0.164892
 1485.000000 0.059337 0.165681
 1486.000000 0.076604 0.150608
 1487.000000 0.072862 0.153289
 1488.000000 0.080011 0.159568
 1489.000000 0.072533 0.149152
 1490.000000 0.070371 0.146040
 1491.000000 0.059145 0.145223
 1492.000000 0.060467 0.154275
 1493.000000 0.052731 0.148133
 1494.000000 0.067177 0.175904
 1495.000000 0.080032 0.159191
 1496.000000 0.068922 0.146248
 1497.000000 0.064781 0.149690
 1498.000000 0.045236 0.127277
 1499.000000 0.073451 0.143962
 1500.000000 0.083376 0.150357
 1501.000000 0.068080 0.145529
 1502.000000 0.064290 0.150960
 1503.000000 0.006795 0.092369
 1504.000000 0.009095 0.094924
 1505.000000 0.051105 0.138355
 1506.000000 0.069940 0.139088
 1507.000000 0.067373 0.131886
 1508.000000 0.077231 0.161465
 1509.000000 0.079640 0.149577
 1510.000000 0.058969 0.139703
 1511.000000 0.071906 0.149891
 1512.000000 0.065222 0.137071
 1513.000000 0.047299 0.157649
 1514.000000 0.060987 0.152435
 1515.000000 0.050183 0.132053
 1516.000000 0.058439 0.150620
 1517.000000 0.057115 0.155594
 1518.000000 0.062566 0.151572
 1519.000000 0.044366 0.118356
 1520.000000 0.079662 0.156732
 1521.000000 0.062262 0.158875
 1522.000000 0.061702 0.147518
 1523.000000 0.055759 0.124689
 1524.000000 0.049459 0.141389
 1525.000000 0.065984 0.150687
 1526.000000 0.066814 0.146132
 1527.000000 0.074687 0.156533
 1528.000000 0.096137 0.151553
 1529.000000 0.063785 0.148898
 1530.000000 0.062915 0.187750
 1531.000000 0.067937 0.169685
 1532.000000 0.073603 0.182386
 1533.000000 0.057327 0.163184
 1534.000000 0.059909 0.147836
 1535.000000 0.078098 0.155660
