#! FIELDS time d1 d2
 0.000000 0.038053 0.149284
 1.000000 0.044104 0.126462
 2.000000 0.063575 0.170663
 3.000000 0.030338 0.141132
 4.000000 0.008849 0.125722
 5.000000 0.042377 0.147288
 6.000000 0.052529 0.151572
 7.000000 0.019840 0.138092
 8.000000 0.026296 0.124658
 9.000000 0.011397 0.107342
 10.000000 0.028191 0.123704
 11.000000 0.003840 0.103257
 12.000000 0.003154 0.107037
 13.000000 0.035218 0.129643
 14.000000 0.040892 0.141637
 15.000000 0.029058 0.143883
 16.000000 0.049713 0.171141
 17.000000 0.036753 0.138215
 18.000000 0.037372 0.132059
 19.000000 0.052047 0.150441
 20.000000 0.068244 0.167856
 21.000000 0.025427 0.123962
 22.000000 0.046956 0.145213
 23.000000 0.041095 0.159425
 24.000000 0.037420 0.152628
 25.000000 0.055225 0.173490
 26.000000 0.039988 0.153915
 27.000000 0.020683 0.132220
 28.000000 0.048626 0.159830
 29.000000 0.037650 0.136411
 30.000000 0.059848 0.184408
 31.000000 0.046835 0.162104
 32.000000 0.047178 0.153513
 33.000000 0.047560 0.160665
 34.000000 0.063893 0.188309
 35.000000 0.041742 0.146453
 36.000000 0.057914 0.166313
 37.000000 0.028354 0.135512
 38.000000 0.054447 0.172299
 39.000000 0.044080 0.159586
 40.000000 0.028571 0.144338
 41.000000 0.033707 0.158487
 42.000000 0.044600 0.175638
 43.000000 0.063883 0.188940
 44.000000 0.001803 0.119455
 45.000000 0.030420 0.140008
 46.000000 0.030258 0.132697
 47.000000 0.022733 0.122885
 48.000000 0.024382 0.152387
 49.000000 0.035769 0.129176
 50.000000 0.033444 0.157965
 51.000000 0.025926 0.146686
 52.000000 0.026995 0.146811
 53.000000 0.032493 0.148750
 54.000000 0.046396 0.167005
 55.000000 0.052808 0.163289
 56.000000 0.039688 0.170671
 57.000000 0.045243 0.168975
 58.000000 0.038114 0.143818
 59.000000 0.030518 0.133277
 60.000000 0.047736 0.163121
 61.000000 0.023933 0.146938
 62.000000 0.032695 0.161914
 63.000000 0.042554 0.157926
 64.000000 0.050520 0.165189
 65.000000 0.032625 0.152147
 66.000000 0.027651 0.150887
 67.000000 0.030583 0.160330
 68.000000 0.042683 0.145262
 69.000000 0.055435 0.175774
 70.000000 0.027342 0.130029
 71.000000 0.028333 0.138573
 72.000000 0.058371 0.166800
 73.000000 0.034393 0.159752
 74.000000 0.050801 0.170165
 75.000000 0.054191 0.175902
 76.000000 0.040318 0.185440
 77.000000 0.054543 0.179666
 78.000000 0.028859 0.154007
 79.000000 0.037422 0.140751
 80.000000 0.068888 0.180004
 81.000000 0.039233 0.148202
 82.000000 0.031152 0.127339
 83.000000 0.019872 0.154893
 84.000000 0.021527 0.135476
 85.000000 0.038949 0.156389
 86.000000 0.022216 0.127790
 87.000000 0.039552 0.162227
 88.000000 0.038176 0.166914
 89.000000 0.033596 0.139733
 90.000000 0.056789 0.160861
 91.000000 0.047916 0.191001
 92.000000 0.057491 0.169831
 93.000000 0.035003 0.148241
 94.000000 0.033550 0.161082
 95.000000 0.024498 0.134965
 96.000000 0.055800 0.179563
 97.000000 0.039988 0.156050
 98.000000 0.063006 0.191174
 99.000000 0.047207 0.165532
 100.000000 0.019318 0.144575
 101.000000 0.042887 0.166072
 102.000000 0.053546 0.162766
 103.000000 0.040577 0.163476
 104.000000 0.028700 0.153546
 105.000000 0.009890 0.137375
 106.000000 0.022932 0.149402
 107.000000 0.021107 0.136760
 108.000000 0.044925 0.156400
 109.000000 0.048879 0.176723
 110.000000 0.043005 0.176004
 111.000000 0.016496 0.145479
 112.000000 0.073997 0.185908
 113.000000 0.028152 0.157703
 114.000000 0.047104 0.166676
 115.000000 0.037567 0.168984
 116.000000 0.030446 0.142117
 117.000000 0.042057 0.130965
 118.000000 0.045100 0.174552
 119.000000 0.045677 0.164836
 120.000000 0.034661 0.163589
 121.000000 0.036711 0.148339
 122.000000 0.038325 0.172879
 123.000000 0.043395 0.153973
 124.000000 0.033189 0.165792
 125.000000 0.034210 0.153113
 126.000000 0.048349 0.159336
 127.000000 0.053660 0.169851
 128.000000 0.031121 0.141526
 129.000000 0.032143 0.148964
 130.000000 0.047335 0.164337
 131.000000 0.040634 0.152035
 132.000000 0.056217 0.163034
 133.000000 0.018719 0.126430
 134.000000 0.042117 0.179296
 135.000000 0.024356 0.134372
 136.000000 0.032870 0.143774
 137.000000 0.063790 0.184306
 138.000000 0.041022 0.151008
 139.000000 0.001213 0.122065
 140.000000 0.042444 0.155898
 141.000000 0.047970 0.158155
 142.000000 0.026504 0.151141
 143.000000 0.053423 0.155105
 144.000000 0.002522 0.085770
 145.000000 0.015079 0.130835
 146.000000 0.028164 0.140770
 147.000000 0.038402 0.158734
 148.000000 0.055140 0.180795
 149.000000 0.016900 0.131612
 150.000000 0.049480 0.167876
 151.000000 0.015743 0.139563
 152.000000 0.042322 0.164647
 153.000000 0.051614 0.159470
 154.000000 0.035220 0.136808
 155.000000 0.047716 0.157061
 156.000000 0.032224 0.148566
 157.000000 0.046371 0.135853
 158.000000 0.029487 0.121298
 159.000000 0.036541 0.127655
 160.000000 0.026910 0.140280
 161.000000 0.020285 0.141388
 162.000000 0.048770 0.171568
 163.000000 0.044635 0.157504
 164.000000 0.036346 0.131437
 165.000000 0.017124 0.127867
 166.000000 0.050901 0.166860
 167.000000 0.036994 0.177712
 168.000000 0.049506 0.163791
 169.000000 0.036141 0.127421
 170.000000 0.061765 0.175879
 171.000000 0.032521 0.134780
 172.000000 0.037527 0.150689
 173.000000 0.069429 0.167135
 174.000000 0.037569 0.137279
 175.000000 0.049488 0.162058
 176.000000 0.063902 0.180433
 177.000000 0.029351 0.124318
 178.000000 0.019094 0.138443
 179.000000 0.021545 0.145595
 180.000000 0.042758 0.145234
 181.000000 0.036605 0.148748
 182.000000 0.051678 0.154319
 183.000000 0.057392 0.180536
 184.000000 0.041113 0.141482
 185.000000 0.070837 0.183944
 186.000000 0.051465 0.147079
 187.000000 0.004407 0.092389
 188.000000 0.068912 0.178989
 189.000000 0.056155 0.144654
 190.000000 0.019368 0.121579
 191.000000 0.033412 0.164967
 192.000000 0.025637 0.128025
 193.000000 0.044622 0.161730
 194.000000 0.018069 0.133052
 195.000000 0.030303 0.150103
 196.000000 0.025083 0.144998
 197.000000 0.028716 0.147333
 198.000000 0.036150 0.137829
 199.000000 0.019245 0.130541
 200.000000 0.030882 0.126098
 201.000000 0.018200 0.139227
 202.000000 0.026711 0.132837
 203.000000 0.062344 0.177439
 204.000000 0.038837 0.142939
 205.000000 0.024523 0.131168
 206.000000 0.044861 0.148017
 207.000000 0.059003 0.165136
 208.000000 0.028407 0.127869
 209.000000 0.047979 0.159491
 210.000000 0.050827 0.148490
 211.000000 0.033893 0.132487
 212.000000 0.020590 0.124930
 213.000000 0.047461 0.163522
 214.000000 0.023033 0.123554
 215.000000 0.037188 0.129378
 216.000000 0.021592 0.133637
 217.000000 0.015494 0.101359
 218.000000 0.031662 0.146420
 219.000000 0.022582 0.137513
 220.000000 0.033702 0.129526
 221.000000 0.002677 0.110146
 222.000000 0.036136 0.130632
 223.000000 0.031243 0.143759
 224.000000 0.038099 0.136882
 225.000000 0.055383 0.175367
 226.000000 0.032315 0.165429
 227.000000 0.039419 0.150474
 228.000000 0.054604 0.169684
 229.000000 0.040070 0.155265
 230.000000 0.037891 0.151159
 231.000000 0.062136 0.174370
 232.000000 0.000972 0.093826
 233.000000 0.006545 0.110567
 234.000000 0.040727 0.161234
 235.000000 0.044005 0.143583
 236.000000 0.036319 0.136332
 237.000000 0.042091 0.158348
 238.000000 0.058108 0.164600
 239.000000 0.043837 0.151181
 240.000000 0.049855 0.159514
 241.000000 0.039955 0.145555
 242.000000 0.054839 0.175855
 243.000000 0.021196 0.116647
 244.000000 0.036585 0.146350
 245.000000 0.013226 0.115185
 246.000000 0.046675 0.157105
 247.000000 0.013158 0.129834
 248.000000 0.037347 0.136943
 249.000000 0.035870 0.142012
 250.000000 0.038489 0.151817
 251.000000 0.019029 0.143469
 252.000000 0.045058 0.164269
 253.000000 0.024762 0.155409
 254.000000 0.036232 0.160918
 255.000000 0.020211 0.130153
 256.000000 0.020141 0.126557
 257.000000 0.050035 0.141432
 258.000000 0.038939 0.165086
 259.000000 0.052285 0.175364
 260.000000 0.018766 0.130272
 261.000000 0.053621 0.167646
 262.000000 0.043808 0.170299
 263.000000 0.044349 0.165235
 264.000000 0.053433 0.157812
 265.000000 0.058311 0.164082
 266.000000 0.032675 0.149750
 267.000000 0.050506 0.159659
 268.000000 0.021448 0.125753
 269.000000 0.045035 0.154021
 270.000000 0.040799 0.142525
 271.000000 0.054908 0.154584
 272.000000 0.039109 0.141691
 273.000000 0.041180 0.153752
 274.000000 0.035023 0.150214
 275.000000 0.061267 0.166512
 276.000000 0.017045 0.140465
 277.000000 0.035002 0.140730
 278.000000 0.027675 0.127032
 279.000000 0.031785 0.133705
 280.000000 0.044913 0.166968
 281.000000 0.031055 0.144203
 282.000000 0.017854 0.117774
 283.000000 0.017245 0.126218
 284.000000 0.041049 0.159045
 285.000000 0.049652 0.151802
 286.000000 0.022009 0.127376
 287.000000 0.016857 0.130656
 288.000000 0.002853 0.104603
 289.000000 0.063409 0.188416
 290.000000 0.033127 0.143914
 291.000000 0.043426 0.163073
 292.000000 0.025215 0.138106
 293.000000 0.027707 0.151129
 294.000000 0.012162 0.129103
 295.000000 0.042295 0.143140
 296.000000 0.043670 0.153968
 297.000000 0.042113 0.155172
 298.000000 0.045339 0.143919
 299.000000 0.027673 0.120554
 300.000000 0.042117 0.165416
 301.000000 0.049820 0.151727
 302.000000 0.022109 0.137635
 303.000000 0.019551 0.140434
 304.000000 0.072291 0.163295
 305.000000 0.055743 0.148753
 306.000000 0.009138 0.106802
 307.000000 0.017015 0.125376
 308.000000 0.027925 0.147709
 309.000000 0.041836 0.143156
 310.000000 0.054228 0.164352
 311.000000 0.016699 0.126300
 312.000000 0.020964 0.135492
 313.000000 0.029338 0.127563
 314.000000 0.024426 0.129160
 315.000000 0.036737 0.131446
 316.000000 0.028132 0.132485
 317.000000 0.038713 0.141309
 318.000000 0.023016 0.143592
 319.000000 0.040913 0.153040
 320.000000 0.042545 0.157456
 321.000000 0.029692 0.155388
 322.000000 0.043868 0.160389
 323.000000 0.049004 0.158122
 324.000000 0.053865 0.168883
 325.000000 0.027978 0.144669
 326.000000 0.045013 0.149480
 327.000000 0.050240 0.159475
 328.000000 0.034561 0.163813
 329.000000 0.052277 0.156148
 330.000000 0.052250 0.159678
 331.000000 0.036659 0.149119
 332.000000 0.058563 0.156206
 333.000000 0.038315 0.161970
 334.000000 0.044872 0.158207
 335.000000 0.030987 0.111364
 336.000000 0.030864 0.144297
 337.000000 0.021928 0.138083
 338.000000 0.035945 0.142118
 339.000000 0.036025 0.146486
 340.000000 0.061649 0.166631
 341.000000 0.043144 0.150364
 342.000000 0.002438 0.097422
 343.000000 0.037029 0.152429
 344.000000 0.044604 0.163679
 345.000000 0.068866 0.184937
 346.000000 0.033435 0.129436
 347.000000 0.082428 0.174586
 348.000000 0.026688 0.135379
 349.000000 0.021924 0.125916
 350.000000 0.030763 0.143770
 351.000000 0.046671 0.158268
 352.000000 0.015049 0.112021
 353.000000 0.018397 0.116604
 354.000000 0.023644 0.124812
 355.000000 0.002186 0.104085
 356.000000 0.037012 0.139515
 357.000000 0.040506 0.142843
 358.000000 0.017652 0.126017
 359.000000 0.054376 0.175248
 360.000000 0.037352 0.138041
 361.000000 0.047361 0.146494
 362.000000 0.039697 0.167988
 363.000000 0.039609 0.150158
 364.000000 0.024011 0.129640
 365.000000 0.015657 0.134738
 366.000000 0.048237 0.151795
 367.000000 0.000850 0.109017
 368.000000 0.018925 0.140450
 369.000000 0.019755 0.142834
 370.000000 0.041574 0.154560
 371.000000 0.033108 0.148301
 372.000000 0.016637 0.131564
 373.000000 0.034738 0.135918
 374.000000 0.028754 0.139088
 375.000000 0.040056 0.141495
 376.000000 0.040553 0.158127
 377.000000 0.043883 0.150493
 378.000000 0.036324 0.134179
 379.000000 0.025189 0.142919
 380.000000 0.039121 0.139501
 381.000000 0.025435 0.137501
 382.000000 0.046921 0.158582
 383.000000 0.022341 0.130259
 384.000000 0.036422 0.166702
 385.000000 0.040872 0.158706
 386.000000 0.056249 0.174598
 387.000000 0.035089 0.154012
 388.000000 0.035550 0.146194
 389.000000 0.038289 0.137457
 390.000000 0.019126 0.110906
 391.000000 0.050952 0.147171
 392.000000 0.014100 0.142106
 393.000000 0.028370 0.139878
 394.000000 0.050943 0.161581
 395.000000 0.017085 0.147891
 396.000000 0.001394 0.130865
 397.000000 0.046729 0.156619
 398.000000 0.046037 0.159669
 399.000000 0.027440 0.121152
 400.000000 0.017528 0.130808
 401.000000 0.042580 0.160075
 402.000000 0.042357 0.153815
 403.000000 0.030361 0.150259
 404.000000 0.029692 0.141042
 405.000000 0.029724 0.154552
 406.000000 0.043844 0.162831
 407.000000 0.010308 0.114671
 408.000000 0.053256 0.193189
 409.000000 0.026589 0.130728
 410.000000 0.037798 0.157403
 411.000000 0.013259 0.122746
 412.000000 0.050696 0.163217
 413.000000 0.038360 0.155915
 414.000000 0.041797 0.169197
 415.000000 0.036946 0.159108
 416.000000 0.047867 0.159299
 417.000000 0.010832 0.122824
 418.000000 0.016563 0.105799
 419.000000 0.015127 0.092746
 420.000000 0.031395 0.130579
 421.000000 0.022576 0.128967
 422.000000 0.015988 0.124911
 423.000000 0.037414 0.155023
 424.000000 0.015666 0.110245
 425.000000 0.016524 0.135354
 426.000000 0.058911 0.156590
 427.000000 0.012130 0.133737
 428.000000 0.050036 0.176179
 429.000000 0.024941 0.127492
 430.000000 0.056998 0.172541
 431.000000 0.026391 0.139417
 432.000000 0.024463 0.121473
 433.000000 0.001453 0.107115
 434.000000 0.034746 0.140923
 435.000000 0.017026 0.124770
 436.000000 0.047172 0.154804
 437.000000 0.028858 0.128597
 438.000000 0.046332 0.143093
 439.000000 0.044573 0.152099
 440.000000 0.055949 0.158432
 441.000000 0.039001 0.150379
 442.000000 0.004950 0.115904
 443.000000 0.066785 0.196732
 444.000000 0.020710 0.137992
 445.000000 0.038082 0.150524
 446.000000 0.052404 0.168645
 447.000000 0.016952 0.124835
 448.000000 0.011188 0.111768
 449.000000 0.043479 0.158516
 450.000000 0.033459 0.163999
 451.000000 0.042151 0.169293
 452.000000 0.044924 0.154960
 453.000000 0.042631 0.169297
 454.000000 0.040284 0.162258
 455.000000 0.038739 0.143581
 456.000000 0.048544 0.156524
 457.000000 0.038365 0.157669
 458.000000 0.042443 0.157938
 459.000000 0.040671 0.160525
 460.000000 0.041062 0.154199
 461.000000 0.013837 0.117140
 462.000000 0.041241 0.166801
 463.000000 0.027472 0.143904
 464.000000 0.022839 0.151933
 465.000000 0.016637 0.149820
 466.000000 0.019567 0.117610
 467.000000 0.021294 0.132197
 468.000000 0.014222 0.117326
 469.000000 0.033769 0.137129
 470.000000 0.079517 0.208190
 471.000000 0.083652 0.194467
 472.000000 0.084841 0.207240
 473.000000 0.066209 0.184499
 474.000000 0.073690 0.174941
 475.000000 0.041778 0.150929
 476.000000 0.057287 0.164229
 477.000000 0.032057 0.133652
 478.000000 0.067644 0.182363
 479.000000 0.037050 0.152073
 480.000000 0.061307 0.176789
 481.000000 0.017678 0.134009
 482.000000 0.022553 0.130457
 483.000000 0.043601 0.147535
 484.000000 0.027792 0.160236
 485.000000 0.017576 0.111322
 486.000000 0.055618 0.179137
 487.000000 0.039953 0.147673
 488.000000 0.051347 0.169346
 489.000000 0.053759 0.163900
 490.000000 0.034690 0.147406
 491.000000 0.036948 0.136298
 492.000000 0.031565 0.137090
 493.000000 0.012864 0.113900
 494.000000 0.027978 0.123772
 495.000000 0.038694 0.150592
 496.000000 0.027537 0.134943
 497.000000 0.052211 0.152049
 498.000000 0.033375 0.141863
 499.000000 0.047752 0.157666
 500.000000 0.063815 0.170984
 501.000000 0.045308 0.149432
 502.000000 0.029782 0.163040
 503.000000 0.033820 0.137577
 504.000000 0.051789 0.180952
 505.000000 0.039410 0.153746
 506.000000 0.000624 0.112046
 507.000000 0.038002 0.163550
 508.000000 0.035717 0.141828
 509.000000 0.027879 0.147099
 510.000000 0.012297 0.113671
 511.000000 0.049271 0.172198
 512.000000 0.029290 0.141797
 513.000000 0.040927 0.149270
 514.000000 0.026367 0.132254
 515.000000 0.006782 0.122232
 516.000000 0.045188 0.163114
 517.000000 0.040481 0.146830
 518.000000 0.031668 0.157631
 519.000000 0.049750 0.149797
 520.000000 0.046148 0.147313
 521.000000 0.035341 0.141994
 522.000000 0.021133 0.129736
 523.000000 0.035876 0.145737
 524.000000 0.043810 0.150261
 525.000000 0.038114 0.154860
 526.000000 0.023061 0.120899
 527.000000 0.036063 0.141039
 528.000000 0.020497 0.137614
 529.000000 0.038605 0.151564
 530.000000 0.015823 0.117699
 531.000000 0.028415 0.130904
 532.000000 0.016362 0.118612
 533.000000 0.022293 0.129771
 534.000000 0.023149 0.145304
 535.000000 0.030244 0.142339
 536.000000 0.052571 0.160358
 537.000000 0.044804 0.146025
 538.000000 0.036851 0.133931
 539.000000 0.036948 0.154554
 540.000000 0.022368 0.126963
 541.000000 0.036272 0.143663
 542.000000 0.031039 0.141973
 543.000000 0.048963 0.147205
 544.000000 0.042604 0.156895
 545.000000 0.029334 0.147362
 546.000000 0.028774 0.139438
 547.000000 0.054174 0.172882
 548.000000 0.040197 0.141582
 549.000000 0.055117 0.173863
 550.000000 0.049052 0.168283
 551.000000 0.040506 0.153612
 552.000000 0.020304 0.135337
 553.000000 0.021389 0.118640
 554.000000 0.017456 0.145783
 555.000000 0.055939 0.164307
 556.000000 0.038829 0.150903
 557.000000 0.061585 0.177515
 558.000000 0.026825 0.142830
 559.000000 0.039431 0.152046
 560.000000 0.051078 0.168839
 561.000000 0.049308 0.175352
 562.000000 0.052047 0.183420
 563.000000 0.059199 0.193418
 564.000000 0.030124 0.159446
 565.000000 0.022527 0.137541
 566.000000 0.017206 0.149248
 567.000000 0.035894 0.144966
 568.000000 0.031472 0.168842
 569.000000 0.028976 0.141717
 570.000000 0.029448 0.144747
 571.000000 0.015153 0.135469
 572.000000 0.023998 0.128617
 573.000000 0.048836 0.165718
 574.000000 0.033715 0.142074
 575.000000 0.020112 0.137191
 576.000000 0.017281 0.138661
 577.000000 0.031806 0.127669
 578.000000 0.047041 0.154421
 579.000000 0.039469 0.148726
 580.000000 0.039297 0.177281
 581.000000 0.018945 0.136843
 582.000000 0.044903 0.157929
 583.000000 0.013905 0.114382
 584.000000 0.039775 0.139125
 585.000000 0.030422 0.150012
 586.000000 0.034663 0.143551
 587.000000 0.048483 0.166989
 588.000000 0.041810 0.156001
 589.000000 0.027506 0.139642
 590.000000 0.029123 0.147351
 591.000000 0.046157 0.167409
 592.000000 0.033455 0.142952
 593.000000 0.045382 0.168208
 594.000000 0.051506 0.170094
 595.000000 0.033770 0.149406
 596.000000 0.017305 0.138342
 597.000000 0.030893 0.149526
 598.000000 0.034022 0.135426
 599.000000 0.044931 0.142310
 600.000000 0.030130 0.130382
 601.000000 0.018213 0.126482
 602.000000 0.024196 0.138126
 603.000000 0.040232 0.145797
 604.000000 0.036331 0.169667
 605.000000 0.047676 0.191230
 606.000000 0.030536 0.138911
 607.000000 0.037847 0.160879
 608.000000 0.047434 0.164266
 609.000000 0.026334 0.141045
 610.000000 0.034333 0.148536
 611.000000 0.050785 0.163516
 612.000000 0.014882 0.114914
 613.000000 0.036900 0.147790
 614.000000 0.035315 0.128595
 615.000000 0.037801 0.148510
 616.000000 0.028120 0.127125
 617.000000 0.005649 0.120681
 618.000000 0.045543 0.147856
 619.000000 0.043557 0.161403
 620.000000 0.024771 0.129627
 621.000000 0.036461 0.150060
 622.000000 0.036555 0.141633
 623.000000 0.043542 0.163904
 624.000000 0.035894 0.160596
 625.000000 0.043638 0.153749
 626.000000 0.042415 0.162092
 627.000000 0.019072 0.138237
 628.000000 0.030767 0.124162
 629.000000 0.026766 0.148487
 630.000000 0.039939 0.141137
 631.000000 0.022288 0.160705
 632.000000 0.029587 0.138754
 633.000000 0.040819 0.144937
 634.000000 0.053099 0.182036
 635.000000 0.042987 0.164868
 636.000000 0.049146 0.149059
 637.000000 0.046498 0.165409
 638.000000 0.024551 0.159837
 639.000000 0.037678 0.157103
 640.000000 0.057374 0.166534
 641.000000 0.017059 0.125506
 642.000000 0.023051 0.124726
 643.000000 0.037008 0.155397
 644.000000 0.036934 0.155303
 645.000000 0.021950 0.115844
 646.000000 0.046219 0.149979
 647.000000 0.038135 0.145801
 648.000000 0.023145 0.127179
 649.000000 0.037514 0.150004
 650.000000 0.031716 0.145764
 651.000000 0.045956 0.172309
 652.000000 0.028834 0.161384
 653.000000 0.045069 0.173707
 654.000000 0.023962 0.147189
 655.000000 0.051788 0.156518
 656.000000 0.039539 0.155675
 657.000000 0.041183 0.154602
 658.000000 0.035003 0.157225
 659.000000 0.031681 0.137050
 660.000000 0.043619 0.141703
 661.000000 0.047432 0.155650
 662.000000 0.043781 0.174710
 663.000000 0.049411 0.168906
 664.000000 0.028045 0.155515
 665.000000 0.034064 0.148218
 666.000000 0.017936 0.126746
 667.000000 0.046237 0.162542
 668.000000 0.042842 0.144586
 669.000000 0.056642 0.178427
 670.000000 0.026723 0.143486
 671.000000 0.035334 0.144563
 672.000000 0.035194 0.157499
 673.000000 0.041471 0.169425
 674.000000 0.013837 0.110541
 675.000000 0.032059 0.134192
 676.000000 0.049403 0.148493
 677.000000 0.040012 0.156075
 678.000000 0.026535 0.127631
 679.000000 0.046233 0.171133
 680.000000 0.036472 0.156290
 681.000000 0.019917 0.148045
 682.000000 0.039306 0.148679
 683.000000 0.049326 0.177841
 684.000000 0.059765 0.206714
 685.000000 0.043204 0.159656
 686.000000 0.031101 0.146046
 687.000000 0.021418 0.148564
 688.000000 0.048264 0.170237
 689.000000 0.032320 0.139606
 690.000000 0.034108 0.139226
 691.000000 0.038875 0.158563
 692.000000 0.042160 0.165048
 693.000000 0.039202 0.160114
 694.000000 0.033366 0.159925
 695.000000 0.032831 0.161906
 696.000000 0.041678 0.150500
 697.000000 0.017466 0.144202
 698.000000 0.030095 0.160290
 699.000000 0.029720 0.151991
 700.000000 0.043249 0.164495
 701.000000 0.035600 0.139306
 702.000000 0.017605 0.128954
 703.000000 0.036722 0.162394
 704.000000 0.019398 0.144767
 705.000000 0.026848 0.124503
 706.000000 0.051400 0.149672
 707.000000 0.052126 0.176457
 708.000000 0.045854 0.160079
 709.000000 0.032593 0.150866
 710.000000 0.040416 0.163513
 711.000000 0.013000 0.142238
 712.000000 0.031359 0.147571
 713.000000 0.041488 0.156854
 714.000000 0.029123 0.144262
 715.000000 0.027779 0.116770
 716.000000 0.033801 0.154961
 717.000000 0.026476 0.164459
 718.000000 0.032073 0.136891
 719.000000 0.024786 0.135747
 720.000000 0.020682 0.129092
 721.000000 0.026249 0.149563
 722.000000 0.019476 0.126823
 723.000000 0.033002 0.138234
 724.000000 0.038179 0.150778
 725.000000 0.016305 0.153670
 726.000000 0.033112 0.131554
 727.000000 0.015849 0.128593
 728.000000 0.042952 0.154105
 729.000000 0.015477 0.139269
 730.000000 0.043102 0.171712
 731.000000 0.040755 0.147466
 732.000000 0.047711 0.150597
 733.000000 0.019882 0.131750
 734.000000 0.037004 0.142965
 735.000000 0.051607 0.174290
 736.000000 0.031813 0.158872
 737.000000 0.020764 0.147868
 738.000000 0.044858 0.155357
 739.000000 0.042573 0.174208
 740.000000 0.031150 0.145633
 741.000000 0.028680 0.148597
 742.000000 0.052244 0.173490
 743.000000 0.048544 0.159118
 744.000000 0.026178 0.137093
 745.000000 0.055488 0.171674
 746.000000 0.049392 0.166369
 747.000000 0.046796 0.160123
 748.000000 0.038076 0.136286
 749.000000 0.042387 0.161291
 750.000000 0.018776 0.137499
 751.000000 0.052826 0.166463
 752.000000 0.016655 0.105996
 753.000000 0.064857 0.169034
 754.000000 0.033073 0.151025
 755.000000 0.054958 0.157898
 756.000000 0.055651 0.155517
 757.000000 0.029361 0.143971
 758.000000 0.034155 0.156543
 759.000000 0.033648 0.145294
 760.000000 0.040987 0.143461
 761.000000 0.025347 0.152695
 762.000000 0.038237 0.166827
 763.000000 0.039673 0.146783
 764.000000 0.036431 0.139782
 765.000000 0.041767 0.149447
 766.000000 0.028954 0.137769
 767.000000 0.014065 0.108904
 768.000000 0.032444 0.121626
 769.000000 0.023644 0.145131
 770.000000 0.051234 0.157044
 771.000000 0.025426 0.140733
 772.000000 0.058012 0.166469
 773.000000 0.040370 0.163402
 774.000000 0.034479 0.142097
 775.000000 0.023340 0.118035
 776.000000 0.029904 0.129662
 777.000000 0.018455 0.125152
 778.000000 0.016311 0.127724
 779.000000 0.025280 0.141292
 780.000000 0.038049 0.146503
 781.000000 0.019589 0.129890
 782.000000 0.024950 0.124676
 783.000000 0.024450 0.146312
 784.000000 0.053717 0.176091
 785.000000 0.034740 0.165401
 786.000000 0.018955 0.118166
 787.000000 0.046036 0.155919
 788.000000 0.036682 0.161107
 789.000000 0.031544 0.152441
 790.000000 0.031718 0.134394
 791.000000 0.031181 0.137464
 792.000000 0.019307 0.134444
 793.000000 0.033129 0.127717
 794.000000 0.048640 0.177754
 795.000000 0.035187 0.135081
 796.000000 0.044226 0.145240
 797.000000 0.017202 0.123730
 798.000000 0.027008 0.144453
 799.000000 0.027178 0.141324
 800.000000 0.030880 0.132067
 801.000000 0.039238 0.153230
 802.000000 0.017476 0.131674
 803.000000 0.032245 0.147529
 804.000000 0.047313 0.159517
 805.000000 0.025345 0.133989
 806.000000 0.026842 0.152508
 807.000000 0.045609 0.163480
 808.000000 0.045701 0.149865
 809.000000 0.035165 0.159924
 810.000000 0.033370 0.136115
 811.000000 0.026555 0.150439
 812.000000 0.042165 0.158186
 813.000000 0.024829 0.135601
 814.000000 0.053565 0.171722
 815.000000 0.035623 0.151269
 816.000000 0.034417 0.136869
 817.000000 0.030393 0.134104
 818.000000 0.030095 0.146117
 819.000000 0.043406 0.155859
 820.000000 0.027709 0.126828
 821.000000 0.033314 0.149561
 822.000000 0.041111 0.151891
 823.000000 0.016909 0.128925
 824.000000 0.028341 0.139890
 825.000000 0.039286 0.166024
 826.000000 0.026054 0.134307
 827.000000 0.034733 0.127811
 828.000000 0.036560 0.142211
 829.000000 0.039869 0.141176
 830.000000 0.043883 0.152326
 831.000000 0.045790 0.152455
 832.000000 0.039885 0.152167
 833.000000 0.039402 0.158816
 834.000000 0.030380 0.131316
 835.000000 0.034178 0.161165
 836.000000 0.043655 0.155158
 837.000000 0.041303 0.131240
 838.000000 0.031628 0.143481
 839.000000 0.016620 0.126126
 840.000000 0.030072 0.129043
 841.000000 0.038286 0.141250
 842.000000 0.045460 0.156772
 843.000000 0.035700 0.128571
 844.000000 0.035133 0.154560
 845.000000 0.058809 0.176990
 846.000000 0.038835 0.144192
 847.000000 0.027742 0.133438
 848.000000 0.035142 0.150749
 849.000000 0.021279 0.127243
 850.000000 0.027795 0.130360
 851.000000 0.022025 0.157164
 852.000000 0.018828 0.131941
 853.000000 0.050388 0.167226
 854.000000 0.035539 0.143070
 855.000000 0.027217 0.152283
 856.000000 0.045667 0.177288
 857.000000 0.040743 0.148747
 858.000000 0.035951 0.149517
 859.000000 0.043194 0.158885
 860.000000 0.030401 0.133273
 861.000000 0.034836 0.139874
 862.000000 0.037821 0.163662
 863.000000 0.031424 0.122996
 864.000000 0.042784 0.159401
 865.000000 0.045303 0.149676
 866.000000 0.026357 0.132651
 867.000000 0.041467 0.147750
 868.000000 0.043841 0.157083
 869.000000 0.036006 0.132444
 870.000000 0.041014 0.139722
 871.000000 0.045810 0.164179
 872.000000 0.050870 0.168172
 873.000000 0.020357 0.117121
 874.000000 0.038605 0.148532
 875.000000 0.054178 0.166403
 876.000000 0.022099 0.123787
 877.000000 0.039925 0.154556
 878.000000 0.056669 0.163381
 879.000000 0.025494 0.139521
 880.000000 0.044816 0.143234
 881.000000 0.053333 0.151487
 882.000000 0.023588 0.128104
 883.000000 0.024829 0.153080
 884.000000 0.024995 0.131444
 885.000000 0.029404 0.118371
 886.000000 0.044354 0.147231
 887.000000 0.037963 0.144262
 888.000000 0.034142 0.140535
 889.000000 0.050285 0.155005
 890.000000 0.020777 0.125298
 891.000000 0.036620 0.144936
 892.000000 0.040699 0.148007
 893.000000 0.044982 0.162215
 894.000000 0.026757 0.152343
 895.000000 0.028410 0.150133
 896.000000 0.033805 0.123070
 897.000000 0.044538 0.143569
 898.000000 0.029930 0.121807
 899.000000 0.037589 0.139542
 900.000000 0.044829 0.158760
 901.000000 0.027945 0.150095
 902.000000 0.031715 0.139279
 903.000000 0.032444 0.139784
 904.000000 0.040747 0.157094
 905.000000 0.039217 0.132340
 906.000000 0.035595 0.142116
 907.000000 0.039435 0.143604
 908.000000 0.039327 0.148627
 909.000000 0.040730 0.165909
 910.000000 0.041469 0.142750
 911.000000 0.051357 0.176603
 912.000000 0.031430 0.134263
 913.000000 0.023064 0.126898
 914.000000 0.030274 0.146142
 915.000000 0.049611 0.160326
 916.000000 0.022235 0.141662
 917.000000 0.030898 0.123513
 918.000000 0.047194 0.174027
 919.000000 0.049898 0.156381
 920.000000 0.046709 0.156117
 921.000000 0.055349 0.176862
 922.000000 0.039333 0.144035
 923.000000 0.059767 0.177857
 924.000000 0.048996 0.169071
 925.000000 0.048168 0.159922
 926.000000 0.043842 0.152189
 927.000000 0.038668 0.142199
 928.000000 0.025814 0.133827
 929.000000 0.043521 0.167761
 930.000000 0.040532 0.165129
 931.000000 0.044273 0.159703
 932.000000 0.035183 0.137721
 933.000000 0.028392 0.137417
 934.000000 0.022534 0.136014
 935.000000 0.017408 0.129442
 936.000000 0.025515 0.118177
 937.000000 0.040423 0.163741
 938.000000 0.038074 0.138568
 939.000000 0.034388 0.156084
 940.000000 0.046048 0.145459
 941.000000 0.035604 0.162536
 942.000000 0.031459 0.154622
 943.000000 0.036894 0.165008
 944.000000 0.044073 0.135751
 945.000000 0.034337 0.135831
 946.000000 0.039254 0.165206
 947.000000 0.029450 0.141222
 948.000000 0.043736 0.148854
 949.000000 0.028795 0.143349
 950.000000 0.040113 0.160986
 951.000000 0.056054 0.172728
 952.000000 0.035595 0.139265
 953.000000 0.031387 0.139362
 954.000000 0.031916 0.131877
 955.000000 0.023059 0.131908
 956.000000 0.017398 0.123349
 957.000000 0.022057 0.141818
 958.000000 0.026644 0.132572
 959.000000 0.052312 0.167704
 960.000000 0.037223 0.136981
 961.000000 0.027191 0.123863
 962.000000 0.028139 0.132933
 963.000000 0.038601 0.161905
 964.000000 0.043012 0.150824
 965.000000 0.046366 0.163557
 966.000000 0.015665 0.141066
 967.000000 0.037639 0.148298
 968.000000 0.036890 0.149322
 969.000000 0.034623 0.148327
 970.000000 0.035672 0.132227
 971.000000 0.040709 0.156143
 972.000000 0.040863 0.156891
 973.000000 0.033448 0.127332
 974.000000 0.023889 0.131490
 975.000000 0.029865 0.139604
 976.000000 0.020289 0.130736
 977.000000 0.029845 0.153962
 978.000000 0.026288 0.128284
 979.000000 0.023614 0.119227
 980.000000 0.034697 0.144829
 981.000000 0.023416 0.139754
 982.000000 0.021077 0.118048
 983.000000 0.024740 0.145592
 984.000000 0.014303 0.109987
 985.000000 0.022819 0.115336
 986.000000 0.030167 0.145176
 987.000000 0.024774 0.126878
 988.000000 0.037969 0.164008
 989.000000 0.024842 0.101642
 990.000000 0.035463 0.148180
 991.000000 0.030331 0.137582
 992.000000 0.045223 0.155399
 993.000000 0.034606 0.133629
 994.000000 0.032375 0.139533
 995.000000 0.023170 0.108554
 996.000000 0.044032 0.153048
 997.000000 0.020507 0.117721
 998.000000 0.024511 0.152419
 999.000000 0.026437 0.126476
 1000.000000 0.040409 0.153710
 1001.000000 0.036268 0.149983
 1002.000000 0.015757 0.132458
 1003.000000 0.031315 0.126766
 1004.000000 0.044158 0.164961
 1005.000000 0.013041 0.125750
 1006.000000 0.031678 0.141830
 1007.000000 0.033098 0.144877
 1008.000000 0.041655 0.161013
 1009.000000 0.047697 0.163938
 1010.000000 0.030812 0.130502
 1011.000000 0.040112 0.151558
 1012.000000 0.034276 0.144602
 1013.000000 0.038817 0.167197
 1014.000000 0.037704 0.143037
 1015.000000 0.037046 0.138375
 1016.000000 0.030405 0.150596
 1017.000000 0.040875 0.161494
 1018.000000 0.026650 0.167378
 1019.000000 0.047261 0.158522
 1020.000000 0.033251 0.154038
 1021.000000 0.052526 0.155210
 1022.000000 0.025786 0.125359
 1023.000000 0.020388 0.122331
 1024.000000 0.063193 0.172722
 1025.000000 0.044779 0.159620
 1026.000000 0.021258 0.133553
 1027.000000 0.041120 0.131810
 1028.000000 0.032196 0.136022
 1029.000000 0.043015 0.147900
 1030.000000 0.034771 0.157952
 1031.000000 0.040096 0.156004
 1032.000000 0.054294 0.163407
 1033.000000 0.035342 0.142752
 1034.000000 0.021663 0.121452
 1035.000000 0.040906 0.144238
 1036.000000 0.029316 0.148612
 1037.000000 0.043681 0.162808
 1038.000000 0.025156 0.138210
 1039.000000 0.051032 0.173289
 1040.000000 0.031295 0.134682
 1041.000000 0.037528 0.127508
 1042.000000 0.026603 0.122880
 1043.000000 0.039109 0.137456
 1044.000000 0.032701 0.143800
 1045.000000 0.048247 0.162785
 1046.000000 0.046306 0.154421
 1047.000000 0.033402 0.129131
 1048.000000 0.036068 0.131080
 1049.000000 0.034296 0.152415
 1050.000000 0.039691 0.157062
 1051.000000 0.035644 0.146144
 1052.000000 0.034642 0.143847
 1053.000000 0.044118 0.156300
 1054.000000 0.038220 0.134115
 1055.000000 0.039479 0.153403
 1056.000000 0.031854 0.136285
 1057.000000 0.046741 0.156684
 1058.000000 0.042420 0.164947
 1059.000000 0.028777 0.130905
 1060.000000 0.041571 0.145100
 1061.000000 0.044657 0.146367
 1062.000000 0.028131 0.123821
 1063.000000 0.043404 0.146110
 1064.000000 0.028884 0.149086
 1065.000000 0.042577 0.161415
 1066.000000 0.039543 0.159179
 1067.000000 0.040544 0.147476
 1068.000000 0.040118 0.135887
 1069.000000 0.023392 0.122474
 1070.000000 0.023941 0.132032
 1071.000000 0.040894 0.144999
 1072.000000 0.040644 0.142169
 1073.000000 0.051528 0.173524
 1074.000000 0.037942 0.145576
 1075.000000 0.033585 0.141521
 1076.000000 0.031919 0.153762
 1077.000000 0.052378 0.167460
 1078.000000 0.020863 0.119957
 1079.000000 0.048412 0.144704
 1080.000000 0.046660 0.167059
 1081.000000 0.023599 0.141216
 1082.000000 0.052205 0.159667
 1083.000000 0.050936 0.160776
 1084.000000 0.055786 0.160258
 1085.000000 0.027597 0.132401
 1086.000000 0.028845 0.146973
 1087.000000 0.033743 0.141162
 1088.000000 0.033013 0.147501
 1089.000000 0.025288 0.134233
 1090.000000 0.024673 0.102159
 1091.000000 0.037191 0.135327
 1092.000000 0.040235 0.154516
 1093.000000 0.044542 0.154321
 1094.000000 0.029281 0.118056
 1095.000000 0.034141 0.123273
 1096.000000 0.038110 0.140694
 1097.000000 0.037657 0.139730
 1098.000000 0.051474 0.158463
 1099.000000 0.035168 0.139833
 1100.000000 0.054347 0.164104
 1101.000000 0.037337 0.143704
 1102.000000 0.037593 0.144814
 1103.000000 0.036071 0.148752
 1104.000000 0.039948 0.150506
 1105.000000 0.036892 0.142842
 1106.000000 0.023095 0.136904
 1107.000000 0.043102 0.150909
 1108.000000 0.041586 0.146743
 1109.000000 0.014284 0.119642
 1110.000000 0.044199 0.142225
 1111.000000 0.056230 0.162495
 1112.000000 0.034964 0.143870
 1113.000000 0.051441 0.176695
 1114.000000 0.045322 0.165697
 1115.000000 0.030363 0.143979
 1116.000000 0.045313 0.173445
 1117.000000 0.039198 0.152631
 1118.000000 0.030711 0.132320
 1119.000000 0.023721 0.113819
 1120.000000 0.034850 0.162210
 1121.000000 0.045510 0.169495
 1122.000000 0.048984 0.169830
 1123.000000 0.037646 0.149646
 1124.000000 0.047899 0.153041
 1125.000000 0.037853 0.160995
 1126.000000 0.035335 0.151294
 1127.000000 0.046729 0.161599
 1128.000000 0.042299 0.155142
 1129.000000 0.037620 0.123180
 1130.000000 0.044027 0.165831
 1131.000000 0.037026 0.153528
 1132.000000 0.053199 0.169928
 1133.000000 0.028013 0.144170
 1134.000000 0.041427 0.178939
 1135.000000 0.034617 0.137470
 1136.000000 0.043002 0.149149
 1137.000000 0.037357 0.148658
 1138.000000 0.053874 0.163901
 1139.000000 0.025122 0.139190
 1140.000000 0.024225 0.142692
 1141.000000 0.038799 0.148478
 1142.000000 0.036028 0.145790
 1143.000000 0.042286 0.159990
 1144.000000 0.050724 0.168672
 1145.000000 0.046493 0.169997
 1146.000000 0.043021 0.148330
 1147.000000 0.043594 0.168031
 1148.000000 0.034030 0.131661
 1149.000000 0.031263 0.146815
 1150.000000 0.032277 0.143154
 1151.000000 0.040593 0.161767
 1152.000000 0.045656 0.154184
 1153.000000 0.019738 0.143719
 1154.000000 0.044534 0.142829
 1155.000000 0.056135 0.176507
 1156.000000 0.045234 0.181745
 1157.000000 0.050181 0.165220
 1158.000000 0.026384 0.141073
 1159.000000 0.046395 0.155500
 1160.000000 0.045839 0.157373
 1161.000000 0.040771 0.161277
 1162.000000 0.030012 0.141733
 1163.000000 0.043428 0.158266
 1164.000000 0.044190 0.162810
 1165.000000 0.036825 0.138401
 1166.000000 0.046890 0.163009
 1167.000000 0.037838 0.135060
 1168.000000 0.034186 0.150630
 1169.000000 0.043945 0.146628
 1170.000000 0.045349 0.165089
 1171.000000 0.023625 0.148755
 1172.000000 0.039137 0.148207
 1173.000000 0.033070 0.148191
 1174.000000 0.035007 0.138590
 1175.000000 0.038200 0.156148
 1176.000000 0.029212 0.160574
 1177.000000 0.026006 0.143196
 1178.000000 0.031629 0.163323
 1179.000000 0.034455 0.154169
 1180.000000 0.039840 0.162841
 1181.000000 0.033850 0.153865
 1182.000000 0.030639 0.141358
 1183.000000 0.040824 0.167587
 1184.000000 0.045175 0.146183
 1185.000000 0.052359 0.162882
 1186.000000 0.037902 0.157040
 1187.000000 0.041820 0.155995
 1188.000000 0.053394 0.165814
 1189.000000 0.043177 0.149421
 1190.000000 0.025911 0.146487
 1191.000000 0.037297 0.136054
 1192.000000 0.037310 0.152336
 1193.000000 0.047494 0.164599
 1194.000000 0.048188 0.161908
 1195.000000 0.044349 0.146875
 1196.000000 0.047766 0.179886
 1197.000000 0.042796 0.164813
 1198.000000 0.038985 0.148539
 1199.000000 0.036547 0.159272
 1200.000000 0.044038 0.158361
 1201.000000 0.039006 0.147016
 1202.000000 0.050363 0.172057
 1203.000000 0.048819 0.162481
 1204.000000 0.045207 0.146020
 1205.000000 0.033029 0.152231
 1206.000000 0.042217 0.159785
 1207.000000 0.025474 0.143453
 1208.000000 0.051684 0.164598
 1209.000000 0.049749 0.154956
 1210.000000 0.059950 0.181072
 1211.000000 0.029790 0.158116
 1212.000000 0.036504 0.160798
 1213.000000 0.041263 0.160630
 1214.000000 0.020070 0.129356
 1215.000000 0.052685 0.175976
 1216.000000 0.061618 0.179417
 1217.000000 0.050790 0.162176
 1218.000000 0.051602 0.173380
 1219.000000 0.036208 0.158573
 1220.000000 0.025873 0.153425
 1221.000000 0.042097 0.165463
 1222.000000 0.043618 0.165780
 1223.000000 0.029119 0.163299
 1224.000000 0.032957 0.148039
 1225.000000 0.028512 0.150887
 1226.000000 0.052097 0.178743
 1227.000000 0.041517 0.149257
 1228.000000 0.029075 0.136620
 1229.000000 0.049157 0.173168
 1230.000000 0.039654 0.163254
 1231.000000 0.032216 0.149100
 1232.000000 0.019410 0.129020
 1233.000000 0.031472 0.131460
 1234.000000 0.036463 0.156508
 1235.000000 0.030918 0.136576
 1236.000000 0.049728 0.170428
 1237.000000 0.042592 0.151094
 1238.000000 0.038530 0.164513
 1239.000000 0.041911 0.155059
 1240.000000 0.021446 0.117854
 1241.000000 0.052449 0.167178
 1242.000000 0.042811 0.143257
 1243.000000 0.023633 0.149884
 1244.000000 0.033438 0.137982
 1245.000000 0.027804 0.143722
 1246.000000 0.030845 0.137619
 1247.000000 0.027795 0.154783
 1248.000000 0.047464 0.167314
 1249.000000 0.038964 0.138306
 1250.000000 0.028549 0.132371
 1251.000000 0.024606 0.124335
 1252.000000 0.035896 0.153856
 1253.000000 0.033947 0.137348
 1254.000000 0.042122 0.166801
 1255.000000 0.041975 0.153269
 1256.000000 0.040771 0.151619
 1257.000000 0.046584 0.166447
 1258.000000 0.035422 0.144554
 1259.000000 0.047423 0.156308
 1260.000000 0.040178 0.131911
 1261.000000 0.031070 0.156319
 1262.000000 0.028688 0.123818
 1263.000000 0.049192 0.162452
 1264.000000 0.027313 0.133266
 1265.000000 0.059676 0.177598
 1266.000000 0.047096 0.155545
 1267.000000 0.035222 0.149038
 1268.000000 0.035261 0.164281
 1269.000000 0.046447 0.157100
 1270.000000 0.047654 0.164733
 1271.000000 0.044049 0.152677
 1272.000000 0.030745 0.150780
 1273.000000 0.016407 0.123000
 1274.000000 0.025072 0.150572
 1275.000000 0.046215 0.159088
 1276.000000 0.040509 0.148864
 1277.000000 0.039687 0.149859
 1278.000000 0.044739 0.166021
 1279.000000 0.048866 0.161471
 1280.000000 0.034110 0.139166
 1281.000000 0.050581 0.158325
 1282.000000 0.044709 0.173679
 1283.000000 0.049397 0.170942
 1284.000000 0.041797 0.167816
 1285.000000 0.044125 0.172733
 1286.000000 0.037418 0.141446
 1287.000000 0.048262 0.166898
 1288.000000 0.051452 0.162054
 1289.000000 0.043039 0.173774
 1290.000000 0.044483 0.152723
 1291.000000 0.029463 0.123094
 1292.000000 0.047186 0.173127
 1293.000000 0.047772 0.155822
 1294.000000 0.038640 0.174334
 1295.000000 0.029940 0.122058
 1296.000000 0.038354 0.136130
 1297.000000 0.029328 0.155658
 1298.000000 0.044059 0.168296
 1299.000000 0.050917 0.161232
 1300.000000 0.048025 0.173461
 1301.000000 0.031574 0.138738
 1302.000000 0.033626 0.136395
 1303.000000 0.038948 0.159610
 1304.000000 0.029546 0.136275
 1305.000000 0.031765 0.143247
 1306.000000 0.037519 0.138463
 1307.000000 0.033452 0.134032
 1308.000000 0.043200 0.160145
 1309.000000 0.036323 0.145579
 1310.000000 0.038886 0.136676
 1311.000000 0.026412 0.122391
 1312.000000 0.045543 0.146985
 1313.000000 0.041094 0.154363
 1314.000000 0.058973 0.179442
 1315.000000 0.043258 0.170669
 1316.000000 0.038069 0.153370
 1317.000000 0.048673 0.168729
 1318.000000 0.047057 0.162993
 1319.000000 0.040063 0.142015
 1320.000000 0.036100 0.136517
 1321.000000 0.032015 0.153988
 1322.000000 0.025905 0.141042
 1323.000000 0.022327 0.138805
 1324.000000 0.031060 0.151614
 1325.000000 0.039843 0.161204
 1326.000000 0.046873 0.176155
 1327.000000 0.028616 0.148125
 1328.000000 0.045652 0.166616
 1329.000000 0.024174 0.118580
 1330.000000 0.032488 0.147429
 1331.000000 0.025100 0.132811
 1332.000000 0.046908 0.163481
 1333.000000 0.040018 0.154017
 1334.000000 0.049935 0.162969
 1335.000000 0.043271 0.153907
 1336.000000 0.048797 0.142865
 1337.000000 0.051534 0.167737
 1338.000000 0.046895 0.181026
 1339.000000 0.036990 0.130632
 1340.000000 0.038444 0.155851
 1341.000000 0.035069 0.142688
 1342.000000 0.035720 0.146465
 1343.000000 0.047050 0.152774
 1344.000000 0.030498 0.132914
 1345.000000 0.042847 0.162440
 1346.000000 0.036148 0.148863
 1347.000000 0.033630 0.160881
 1348.000000 0.041296 0.163156
 1349.000000 0.032315 0.142859
 1350.000000 0.037952 0.149063
 1351.000000 0.043559 0.149015
 1352.000000 0.030511 0.135476
 1353.000000 0.040758 0.169532
 1354.000000 0.040648 0.170859
 1355.000000 0.047662 0.158421
 1356.000000 0.023764 0.134945
 1357.000000 0.043298 0.162632
 1358.000000 0.024681 0.133140
 1359.000000 0.044953 0.158886
 1360.000000 0.043938 0.141385
 1361.000000 0.030748 0.135304
 1362.000000 0.036581 0.137871
 1363.000000 0.053421 0.156850
 1364.000000 0.028259 0.133662
 1365.000000 0.045829 0.159524
 1366.000000 0.032866 0.145926
 1367.000000 0.060296 0.175537
 1368.000000 0.039193 0.163852
 1369.000000 0.043740 0.179880
 1370.000000 0.034758 0.141369
 1371.000000 0.034751 0.157122
 1372.000000 0.014354 0.118788
 1373.000000 0.040003 0.155914
 1374.000000 0.040360 0.152599
 1375.000000 0.038988 0.168512
 1376.000000 0.029460 0.148009
 1377.000000 0.024457 0.138469
 1378.000000 0.045257 0.167920
 1379.000000 0.031299 0.153049
 1380.000000 0.032167 0.153211
 1381.000000 0.044761 0.167749
 1382.000000 0.036368 0.152125
 1383.000000 0.042104 0.158075
 1384.000000 0.048100 0.154830
 1385.000000 0.021635 0.120252
 1386.000000 0.046412 0.176776
 1387.000000 0.028578 0.127518
 1388.000000 0.037568 0.146966
 1389.000000 0.032698 0.154107
 1390.000000 0.032431 0.135792
 1391.000000 0.044831 0.165764
 1392.000000 0.033822 0.142839
 1393.000000 0.053535 0.185809
 1394.000000 0.044313 0.159720
 1395.000000 0.053429 0.163381
 1396.000000 0.047429 0.158570
 1397.000000 0.041669 0.156011
 1398.000000 0.042164 0.165500
 1399.000000 0.031234 0.142018
 1400.000000 0.037092 0.149090
 1401.000000 0.034035 0.144057
 1402.000000 0.037227 0.166251
 1403.000000 0.044540 0.158936
 1404.000000 0.041489 0.163759
 1405.000000 0.026400 0.147809
 1406.000000 0.032752 0.160697
 1407.000000 0.048946 0.166060
 1408.000000 0.059595 0.178254
 1409.000000 0.036278 0.142928
 1410.000000 0.058751 0.182821
 1411.000000 0.044197 0.154889
 1412.000000 0.032881 0.147424
 1413.000000 0.041299 0.156788
 1414.000000 0.040935 0.166796
 1415.000000 0.021095 0.139039
 1416.000000 0.042425 0.141169
 1417.000000 0.052441 0.159093
 1418.000000 0.041500 0.165543
 1419.000000 0.044956 0.159175
 1420.000000 0.029748 0.147149
 1421.000000 0.032753 0.142590
 1422.000000 0.045462 0.167965
 1423.000000 0.033641 0.158330
 1424.000000 0.043739 0.147714
 1425.000000 0.041810 0.157405
 1426.000000 0.033673 0.151803
 1427.000000 0.043614 0.149956
 1428.000000 0.039042 0.145563
 1429.000000 0.034486 0.145963
 1430.000000 0.036397 0.133398
 1431.000000 0.038332 0.155389
 1432.000000 0.036129 0.141521
 1433.000000 0.049434 0.160553
 1434.000000 0.038130 0.135983
 1435.000000 0.032900 0.146554
 1436.000000 0.035979 0.143470
 1437.000000 0.040507 0.158184
 1438.000000 0.047664 0.156394
 1439.000000 0.037870 0.155208
 1440.000000 0.037692 0.159366
 1441.000000 0.038612 0.154026
 1442.000000 0.041307 0.144453
 1443.000000 0.044048 0.145067
 1444.000000 0.034940 0.130487
 1445.000000 0.027117 0.133287
 1446.000000 0.030826 0.116899
 1447.000000 0.045212 0.169295
 1448.000000 0.043475 0.153328
 1449.000000 0.038530 0.131422
 1450.000000 0.045840 0.155451
 1451.000000 0.063762 0.177496
 1452.000000 0.034012 0.134811
 1453.000000 0.043818 0.160376
 1454.000000 0.031648 0.152645
 1455.000000 0.044734 0.152168
 1456.000000 0.042763 0.158528
 1457.000000 0.032299 0.140972
 1458.000000 0.050010 0.167096
 1459.000000 0.038821 0.147489
 1460.000000 0.048954 0.173971
 1461.000000 0.046104 0.168184
 1462.000000 0.053130 0.178236
 1463.000000 0.047571 0.160252
 1464.000000 0.043085 0.154414
 1465.000000 0.046522 0.154057
 1466.000000 0.032143 0.138479
 1467.000000 0.053315 0.166945
 1468.000000 0.049875 0.152555
 1469.000000 0.024251 0.140037
 1470.000000 0.032001 0.124524
 1471.000000 0.031499 0.154319
 1472.000000 0.029519 0.131149
 1473.000000 0.042438 0.163852
 1474.000000 0.027218 0.145254
 1475.000000 0.031910 0.143992
 1476.000000 0.030910 0.147817
 1477.000000 0.052636 0.189565
 1478.000000 0.050255 0.152875
 1479.000000 0.027007 0.152728
 1480.000000 0.030288 0.150459
 1481.000000 0.045177 0.157712
 1482.000000 0.034963 0.151351
 1483.000000 0.033154 0.147922
 1484.000000 0.039015 0.136568
 1485.000000 0.036770 0.156310
 1486.000000 0.041372 0.149721
 1487.000000 0.034405 0.150537
 1488.000000 0.040247 0.155505
 1489.000000 0.041905 0.162677
 1490.000000 0.023772 0.113515
 1491.000000 0.047842 0.156285
 1492.000000 0.033660 0.141595
 1493.000000 0.050930 0.162145
 1494.000000 0.061969 0.169986
 1495.000000 0.045976 0.153927
 1496.000000 0.031033 0.141132
 1497.000000 0.045835 0.156455
 1498.000000 0.037646 0.124898
 1499.000000 0.046837 0.142014
 1500.000000 0.049918 0.155308
 1501.000000 0.027440 0.129864
 1502.000000 0.046717 0.166698
 1503.000000 0.049076 0.159906
 1504.000000 0.046427 0.167234
 1505.000000 0.046517 0.160678
 1506.000000 0.054961 0.174370
 1507.000000 0.035676 0.135397
 1508.000000 0.043669 0.135348
 1509.000000 0.051109 0.169074
 1510.000000 0.046772 0.158782
 1511.000000 0.037682 0.136811
 1512.000000 0.052889 0.171792
 1513.000000 0.047428 0.155389
 1514.000000 0.046005 0.156558
 1515.000000 0.059775 0.183413
 1516.000000 0.042443 0.158235
 1517.000000 0.054474 0.175997
 1518.000000 0.043910 0.166929
 1519.000000 0.039769 0.139940
 1520.000000 0.050082 0.150746
 1521.000000 0.037352 0.149154
 1522.000000 0.020309 0.141574
 1523.000000 0.034802 0.157115
 1524.000000 0.043585 0.148737
 1525.000000 0.042233 0.150668
 1526.000000 0.036602 0.170155
 1527.000000 0.042014 0.153104
 1528.000000 0.048308 0.168137
 1529.000000 0.032318 0.160074
 1530.000000 0.045705 0.168280
 1531.000000 0.039185 0.149226
 1532.000000 0.045492 0.155261
 1533.000000 0.051229 0.172108
 1534.000000 0.042335 0.154494
 1535.000000 0.041627 0.163309
