#! FIELDS d1 file.free der_d1
#! SET min_d1 -0.0243436
#! SET max_d1 0.333721
#! SET nbins_d1  146
#! SET periodic_d1 false
   -0.024343600   91.275751822   -0.463021942
   -0.021874189   91.257998278  -19.780848068
   -0.019404778   91.148847735  -76.733404628
   -0.016935367   90.816090948 -209.568527477
   -0.014465956   90.001565875 -479.941189332
   -0.011996545   88.276830757 -955.329785786
   -0.009527134   85.079833435 -1672.075364532
   -0.007057723   79.875915380 -2560.403150403
   -0.004588312   72.449703035 -3431.476341885
   -0.002118901   63.152678742 -4030.312566453
    0.000350510   52.950255375 -4142.551160795
    0.002819921   43.121799350 -3739.691049391
    0.005289332   34.757503934 -2999.253782898
    0.007758743   28.350328586 -2202.961348208
    0.010228154   23.719847531 -1589.135407939
    0.012697566   20.271945201 -1249.902651447
    0.015166977   17.366272160 -1131.036416007
    0.017636388   14.594913668 -1122.715373535
    0.020105799   11.816363462 -1123.382975762
    0.022575210    9.092868270 -1072.579550386
    0.025044621    6.570229890 -960.433269695
    0.027514032    4.381125105 -806.795806872
    0.029983443    2.611130003 -624.253080705
    0.032452854    1.308693195 -430.458694704
    0.034922265    0.472872429 -248.138944415
    0.037391676    0.060687850  -89.430149912
    0.039861087    0.000000000   36.451687063
    0.042330498    0.224983133  141.820319461
    0.044799909    0.707857964  248.298628951
    0.047269320    1.456284860  362.328010282
    0.049738731    2.503645010  485.619742935
    0.052208142    3.843562534  596.198941121
    0.054677553    5.418743738  672.957822255
    0.057146964    7.119613453  694.631254108
    0.059616375    8.805539287  662.626764882
    0.062085786   10.358528938  589.362010915
    0.064555197   11.715205717  510.814961954
    0.067024608   12.908688336  465.900991916
    0.069494019   14.069810838  486.857163467
    0.071963430   15.379343943  585.431293096
    0.074432841   16.995234609  726.333898570
    0.076902252   18.967211880  866.071750792
    0.079371663   21.230455818  958.930470863
    0.081841074   23.669007582 1009.499266157
    0.084310486   26.183776100 1026.948758954
    0.086779897   28.718965605 1025.063659154
    0.089249308   31.237116256 1010.257659890
    0.091718719   33.688593868  971.678528011
    0.094188130   36.024347302  917.825480281
    0.096657541   38.233243734  875.534124760
    0.099126952   40.385896188  876.804716482
    0.101596363   42.614863723  936.446056478
    0.104065774   45.049498187 1037.323932862
    0.106535185   47.730680341 1128.404354335
    0.109004596   50.574059510 1160.534261398
    0.111474007   53.392777033 1105.987287068
    0.113943418   55.967231212  968.200815877
    0.116412829   58.154580914  802.403575520
    0.118882240   59.939528803  647.062577286
    0.121351651   61.380558269  524.645123954
    0.123821062   62.538893729  411.808299929
    0.126290473   63.407648634  286.989898042
    0.128759884   63.936446045  140.170537093
    0.131229295   64.112557827    9.440520750
    0.133698706   64.046859216  -42.979294645
    0.136168117   63.998749556   24.843419673
    0.138637528   64.252921165  192.150001351
    0.141106939   64.969833737  383.983067071
    0.143576350   66.080368835  496.581649062
    0.146045761   67.327755523  492.824374565
    0.148515172   68.442190563  402.516554472
    0.150984583   69.304128493  299.230558993
    0.153453994   69.962284348  241.460125022
    0.155923406   70.528297252  219.435155933
    0.158392817   71.028949798  180.526391829
    0.160862228   71.390346002  107.320203041
    0.163331639   71.548972275   27.045085000
    0.165801050   71.570105003    2.639660232
    0.168270461   71.628004890   53.198924318
    0.170739872   71.860140742  133.712820656
    0.173209283   72.242998519  163.411985148
    0.175678694   72.590185026  101.549402344
    0.178148105   72.685725953  -30.008320060
    0.180617516   72.450112717 -150.682671332
    0.183086927   72.011048822 -183.412193240
    0.185556338   71.633699035 -106.087781136
    0.188025749   71.553440641   48.261634912
    0.190495160   71.884511869  216.358262168
    0.192964571   72.584089818  341.482153254
    0.195433982   73.526864335  412.647463274
    0.197903393   74.586471684  441.229125961
    0.200372804   75.693660633  454.121497789
    0.202842215   76.838323501  475.907423835
    0.205311626   78.058463189  514.584515797
    0.207781037   79.390814617  565.577880029
    0.210250448   80.850291481  615.221140257
    0.212719859   82.411945233  645.790929107
    0.215189270   84.003792636  638.021060151
    0.217658681   85.525212048  586.072206253
    0.220128092   86.865854005  494.168984018
    0.222597503   87.941647433  376.991422338
    0.225066914   88.735842585  268.582872672
    0.227536326   89.294929105  190.669237498
    0.230005737   89.708592650  150.163878195
    0.232475148   90.054781377  134.325150108
    0.234944559   90.374033171  124.081159993
    0.237413970   90.663121563  108.305209164
    0.239883381   90.901201196   82.908755388
    0.242352792   91.071047842   54.256143448
    0.244822203   91.176197089   31.802665340
    0.247291614   91.233749229   16.032452239
    0.249761025   91.260978755    6.999067322
    0.252230436   91.272176437    2.657864053
    0.254699847   91.275751828   -0.000000000
    0.257169258   91.275751828   -0.000000000
    0.259638669   91.275751828   -0.000000000
    0.262108080   91.275751828   -0.000000000
    0.264577491   91.275751828   -0.000000000
    0.267046902   91.275751828   -0.000000000
    0.269516313   91.275751828   -0.000000000
    0.271985724   91.275751828   -0.000000000
    0.274455135   91.275751828   -0.000000000
    0.276924546   91.275751828   -0.000000000
    0.279393957   91.275751828   -0.000000000
    0.281863368   91.275751828   -0.000000000
    0.284332779   91.275751828   -0.000000000
    0.286802190   91.275751828   -0.000000000
    0.289271601   91.275751828   -0.000000000
    0.291741012   91.275751828   -0.000000000
    0.294210423   91.275751828   -0.000000000
    0.296679834   91.275751828   -0.000000000
    0.299149246   91.275751828   -0.000000000
    0.301618657   91.275751828   -0.000000000
    0.304088068   91.275751828   -0.000000000
    0.306557479   91.275751828   -0.000000000
    0.309026890   91.275751828   -0.000000000
    0.311496301   91.275751828   -0.000000000
    0.313965712   91.275751828   -0.000000000
    0.316435123   91.275751828   -0.000000000
    0.318904534   91.275751828   -0.000000000
    0.321373945   91.275751828   -0.000000000
    0.323843356   91.275751828   -0.000000000
    0.326312767   91.275751828   -0.000000000
    0.328782178   91.275751828   -0.000000000
    0.331251589   91.275751828   -0.000000000
    0.333721000   91.275751828   -0.000000000
