#! FIELDS d1 file.free der_d1
#! SET min_d1 -0.0243436
#! SET max_d1 0.333721
#! SET nbins_d1  146
#! SET periodic_d1 false
   -0.024343600   78.589391179   -0.463021942
   -0.021874189   78.582599413   -7.660261653
   -0.019404778   78.536563411  -34.131671616
   -0.016935367   78.380487549 -100.606648116
   -0.014465956   77.979478590 -241.059730089
   -0.011996545   77.092607100 -500.638439597
   -0.009527134   75.370813401 -921.546626471
   -0.007057723   72.416852875 -1493.030962626
   -0.004588312   67.937500620 -2138.155845423
   -0.002118901   61.904164048 -2724.006224642
    0.000350510   54.662326060 -3095.087024104
    0.002819921   46.869230631 -3162.602711296
    0.005289332   39.277536103 -2943.080823834
    0.007758743   32.482263434 -2540.483252866
    0.010228154   26.762746733 -2093.960902608
    0.012697566   22.086743290 -1711.026219945
    0.015166977   18.228155993 -1432.007915507
    0.017636388   14.930511495 -1253.378454964
    0.020105799   11.986173450 -1139.069158190
    0.022575210    9.291253934 -1044.554368178
    0.025044621    6.834972203 -941.051969294
    0.027514032    4.661877851 -814.095545119
    0.029983443    2.836369846 -660.319860632
    0.032452854    1.426491185 -477.141598102
    0.034922265    0.486564125 -282.275892689
    0.037391676    0.025050116  -93.589160012
    0.039861087    0.000000000   70.156482676
    0.042330498    0.353654338  211.993486483
    0.044799909    1.051021188  351.331949629
    0.047269320    2.090249666  493.473325868
    0.049738731    3.487681087  636.253990298
    0.052208142    5.206520243  749.031642799
    0.054677553    7.139353726  806.188490997
    0.057146964    9.127360643  791.302628786
    0.059616375   10.997811320  715.521905100
    0.062085786   12.633480425  605.485307884
    0.064555197   13.995524876  500.140197425
    0.067024608   15.130923442  427.978228767
    0.069494019   16.149726092  405.661331330
    0.071963430   17.176761851  433.651664485
    0.074432841   18.310747381  487.164659551
    0.076902252   19.590282562  548.890110755
    0.079371663   21.015266689  606.400798153
    0.081841074   22.602209300  682.608910651
    0.084310486   24.403608389  782.616148317
    0.086779897   26.467675112  889.671894466
    0.089249308   28.788159727  984.057176766
    0.091718719   31.291833811 1037.412301807
    0.094188130   33.886533245 1059.865167119
    0.096657541   36.525055207 1078.382267953
    0.099126952   39.233136212 1117.083666863
    0.101596363   42.053421809 1164.808237111
    0.104065774   44.970077654 1188.763949775
    0.106535185   47.873882444 1149.991707935
    0.109004596   50.588295976 1036.426403176
    0.111474007   52.949628871  869.429419852
    0.113943418   54.866857109  684.017851927
    0.116412829   56.357884457  531.011781656
    0.118882240   57.529058228  425.261252438
    0.121351651   58.491479720  357.972059444
    0.123821062   59.298421830  291.579707748
    0.126290473   59.908447719  194.865525797
    0.128759884   60.227822874   59.549876706
    0.131229295   60.200181730  -78.674379242
    0.133698706   59.884418086 -162.154239508
    0.136168117   59.477629015 -149.610711617
    0.138637528   59.217125724  -50.883128116
    0.141106939   59.246659585   72.222937702
    0.143576350   59.519585417  134.615420331
    0.146045761   59.842499424  111.914762861
    0.148515172   60.033050681   40.616804559
    0.150984583   60.059643965   -9.813726320
    0.153453994   60.054412138   19.292222040
    0.155923406   60.214875411  117.732725230
    0.158392817   60.641076677  225.275931696
    0.160862228   61.310930163  312.147051273
    0.163331639   62.160352256  375.564456815
    0.165801050   63.172707041  447.754436941
    0.168270461   64.393391804  543.307387341
    0.170739872   65.858842008  641.615780414
    0.173209283   67.535825276  709.109089461
    0.175678694   69.315407462  722.962459799
    0.178148105   71.062124978  683.655934103
    0.180617516   72.659532828  605.400349107
    0.183086927   74.032499854  504.634957145
    0.185556338   75.138640196  388.952197789
    0.188025749   75.954099278  272.488871135
    0.190495160   76.501712554  175.872311845
    0.192964571   76.849289597  113.677211783
    0.195433982   77.098200480   93.382885702
    0.197903393   77.332723888   99.965977567
    0.200372804   77.593767912  109.936411400
    0.202842215   77.867436595  109.399536305
    0.205311626   78.120469296   93.137351425
    0.207781037   78.318256301   66.076074919
    0.210250448   78.450203400   41.305978749
    0.212719859   78.527016466   22.121417783
    0.215189270   78.565552965   10.234364554
    0.217658681   78.582324213    4.112041859
    0.220128092   78.588683192    1.439984291
    0.222597503   78.589391185   -0.000000000
    0.225066914   78.589391185   -0.000000000
    0.227536326   78.589391185   -0.000000000
    0.230005737   78.589391185   -0.000000000
    0.232475148   78.589391185   -0.000000000
    0.234944559   78.589391185   -0.000000000
    0.237413970   78.589391185   -0.000000000
    0.239883381   78.589391185   -0.000000000
    0.242352792   78.589391185   -0.000000000
    0.244822203   78.589391185   -0.000000000
    0.247291614   78.589391185   -0.000000000
    0.249761025   78.589391185   -0.000000000
    0.252230436   78.589391185   -0.000000000
    0.254699847   78.589391185   -0.000000000
    0.257169258   78.589391185   -0.000000000
    0.259638669   78.589391185   -0.000000000
    0.262108080   78.589391185   -0.000000000
    0.264577491   78.589391185   -0.000000000
    0.267046902   78.589391185   -0.000000000
    0.269516313   78.589391185   -0.000000000
    0.271985724   78.589391185   -0.000000000
    0.274455135   78.589391185   -0.000000000
    0.276924546   78.589391185   -0.000000000
    0.279393957   78.589391185   -0.000000000
    0.281863368   78.589391185   -0.000000000
    0.284332779   78.589391185   -0.000000000
    0.286802190   78.589391185   -0.000000000
    0.289271601   78.589391185   -0.000000000
    0.291741012   78.589391185   -0.000000000
    0.294210423   78.589391185   -0.000000000
    0.296679834   78.589391185   -0.000000000
    0.299149246   78.589391185   -0.000000000
    0.301618657   78.589391185   -0.000000000
    0.304088068   78.589391185   -0.000000000
    0.306557479   78.589391185   -0.000000000
    0.309026890   78.589391185   -0.000000000
    0.311496301   78.589391185   -0.000000000
    0.313965712   78.589391185   -0.000000000
    0.316435123   78.589391185   -0.000000000
    0.318904534   78.589391185   -0.000000000
    0.321373945   78.589391185   -0.000000000
    0.323843356   78.589391185   -0.000000000
    0.326312767   78.589391185   -0.000000000
    0.328782178   78.589391185   -0.000000000
    0.331251589   78.589391185   -0.000000000
    0.333721000   78.589391185   -0.000000000
