#! FIELDS d1 file.free der_d1
#! SET min_d1 -0.0243436
#! SET max_d1 0.333721
#! SET nbins_d1  146
#! SET periodic_d1 false
   -0.024343600   85.454214549   -0.463021942
   -0.021874189   85.444839817  -10.598119752
   -0.019404778   85.384236588  -44.096021335
   -0.016935367   85.186538153 -126.531680671
   -0.014465956   84.686115666 -298.993878314
   -0.011996545   83.594031958 -612.958983066
   -0.009527134   81.502693126 -1111.812802159
   -0.007057723   77.968263068 -1773.299069261
   -0.004588312   72.695480629 -2496.185737261
   -0.002118901   65.721757685 -3118.477473406
    0.000350510   57.522141234 -3465.974222884
    0.002819921   48.900125945 -3455.902061191
    0.005289332   40.709095118 -3134.365555317
    0.007758743   33.557196038 -2643.210729680
    0.010228154   27.653493629 -2147.934601142
    0.012697566   22.859365271 -1759.012179259
    0.015166977   18.859695890 -1500.616328768
    0.017636388   15.362388836 -1345.026254654
    0.020105799   12.178644495 -1237.413762034
    0.022575210    9.257460434 -1125.585569123
    0.025044621    6.643351730 -985.558344936
    0.027514032    4.412084281 -817.356639858
    0.029983443    2.622965529 -630.345664429
    0.032452854    1.307850609 -434.496723816
    0.034922265    0.464239077 -250.264922605
    0.037391676    0.050701254  -88.278540720
    0.039861087    0.000000000   44.619732618
    0.042330498    0.261248908  164.987590200
    0.044799909    0.833176477  299.836137911
    0.047269320    1.761944600  459.481389521
    0.049738731    3.121012405  643.068518232
    0.052208142    4.929922520  818.539382783
    0.054677553    7.128699003  953.698994907
    0.057146964    9.580761778 1018.438757606
    0.059616375   12.096138383 1006.783432688
    0.062085786   14.500159329  930.560934104
    0.064555197   16.669130160  822.781932414
    0.067024608   18.565262963  717.239806111
    0.069494019   20.237498731  644.107606913
    0.071963430   21.789008323  621.006150147
    0.074432841   23.334271942  635.353833278
    0.076902252   24.946934642  672.632034841
    0.079371663   26.657997160  715.425576834
    0.081841074   28.497809492  778.035416192
    0.084310486   30.513813895  860.384658072
    0.086779897   32.744678364  946.832243379
    0.089249308   35.182031900 1022.477342227
    0.091718719   37.764881400 1064.556022134
    0.094188130   40.420913725 1083.558087924
    0.096657541   43.119197134 1103.445732891
    0.099126952   45.890907320 1143.193397485
    0.101596363   48.773928046 1188.946940027
    0.104065774   51.744627850 1208.011357032
    0.106535185   54.688469708 1163.182900125
    0.109004596   57.428495922 1044.166042023
    0.111474007   59.803918950  873.383574867
    0.113943418   61.727900601  685.766403648
    0.116412829   63.221740304  531.684161896
    0.118882240   64.393881598  425.261252438
    0.121351651   65.356303089  357.972059444
    0.123821062   66.163245200  291.579707748
    0.126290473   66.773271089  194.865525797
    0.128759884   67.092646244   59.549876706
    0.131229295   67.065005100  -78.674379242
    0.133698706   66.749241456 -162.154239508
    0.136168117   66.342452385 -149.610711617
    0.138637528   66.081949094  -50.883128116
    0.141106939   66.111482955   72.222937702
    0.143576350   66.384408787  134.615420331
    0.146045761   66.707322794  111.914762861
    0.148515172   66.897874050   40.616804559
    0.150984583   66.924467335   -9.813726320
    0.153453994   66.919235508   19.292222040
    0.155923406   67.079698781  117.732725230
    0.158392817   67.505900047  225.275931696
    0.160862228   68.175753533  312.147051273
    0.163331639   69.025175626  375.564456815
    0.165801050   70.037530410  447.754436941
    0.168270461   71.258215174  543.307387341
    0.170739872   72.723665378  641.615780414
    0.173209283   74.400648646  709.109089461
    0.175678694   76.180230831  722.962459799
    0.178148105   77.926948348  683.655934103
    0.180617516   79.524356197  605.400349107
    0.183086927   80.897323224  504.634957145
    0.185556338   82.003463566  388.952197789
    0.188025749   82.818922648  272.488871135
    0.190495160   83.366535924  175.872311845
    0.192964571   83.714112967  113.677211783
    0.195433982   83.963023849   93.382885702
    0.197903393   84.197547257   99.965977567
    0.200372804   84.458591281  109.936411400
    0.202842215   84.732259964  109.399536305
    0.205311626   84.985292666   93.137351425
    0.207781037   85.183079671   66.076074919
    0.210250448   85.315026770   41.305978749
    0.212719859   85.391839835   22.121417783
    0.215189270   85.430376335   10.234364554
    0.217658681   85.447147583    4.112041859
    0.220128092   85.453506561    1.439984291
    0.222597503   85.454214555   -0.000000000
    0.225066914   85.454214555   -0.000000000
    0.227536326   85.454214555   -0.000000000
    0.230005737   85.454214555   -0.000000000
    0.232475148   85.454214555   -0.000000000
    0.234944559   85.454214555   -0.000000000
    0.237413970   85.454214555   -0.000000000
    0.239883381   85.454214555   -0.000000000
    0.242352792   85.454214555   -0.000000000
    0.244822203   85.454214555   -0.000000000
    0.247291614   85.454214555   -0.000000000
    0.249761025   85.454214555   -0.000000000
    0.252230436   85.454214555   -0.000000000
    0.254699847   85.454214555   -0.000000000
    0.257169258   85.454214555   -0.000000000
    0.259638669   85.454214555   -0.000000000
    0.262108080   85.454214555   -0.000000000
    0.264577491   85.454214555   -0.000000000
    0.267046902   85.454214555   -0.000000000
    0.269516313   85.454214555   -0.000000000
    0.271985724   85.454214555   -0.000000000
    0.274455135   85.454214555   -0.000000000
    0.276924546   85.454214555   -0.000000000
    0.279393957   85.454214555   -0.000000000
    0.281863368   85.454214555   -0.000000000
    0.284332779   85.454214555   -0.000000000
    0.286802190   85.454214555   -0.000000000
    0.289271601   85.454214555   -0.000000000
    0.291741012   85.454214555   -0.000000000
    0.294210423   85.454214555   -0.000000000
    0.296679834   85.454214555   -0.000000000
    0.299149246   85.454214555   -0.000000000
    0.301618657   85.454214555   -0.000000000
    0.304088068   85.454214555   -0.000000000
    0.306557479   85.454214555   -0.000000000
    0.309026890   85.454214555   -0.000000000
    0.311496301   85.454214555   -0.000000000
    0.313965712   85.454214555   -0.000000000
    0.316435123   85.454214555   -0.000000000
    0.318904534   85.454214555   -0.000000000
    0.321373945   85.454214555   -0.000000000
    0.323843356   85.454214555   -0.000000000
    0.326312767   85.454214555   -0.000000000
    0.328782178   85.454214555   -0.000000000
    0.331251589   85.454214555   -0.000000000
    0.333721000   85.454214555   -0.000000000
