#! FIELDS d1 file.free der_d1
#! SET min_d1 -0.0243436
#! SET max_d1 0.333721
#! SET nbins_d1  146
#! SET periodic_d1 false
   -0.024343600   55.313072255   -0.000000000
   -0.021874189   55.313072255   -0.000000000
   -0.019404778   55.313072255   -0.000000000
   -0.016935367   55.304538812   -7.193849785
   -0.014465956   55.270667086  -23.878909000
   -0.011996545   55.168955215  -63.479512721
   -0.009527134   54.913938806 -153.170275053
   -0.007057723   54.355439781 -314.553329874
   -0.004588312   53.286077378 -569.655974792
   -0.002118901   51.454336087 -929.119359805
    0.000350510   48.636998567 -1361.037273627
    0.002819921   44.719842370 -1805.233704224
    0.005289332   39.781010315 -2172.420763552
    0.007758743   34.125318982 -2374.277261999
    0.010228154   28.226359112 -2366.382711973
    0.012697566   22.599938037 -2164.126255190
    0.015166977   17.648617949 -1831.967534479
    0.017636388   13.577026891 -1468.416869278
    0.020105799   10.357642605 -1152.261525322
    0.022575210    7.821171786 -917.440560473
    0.025044621    5.762392964 -760.701301728
    0.027514032    4.028224056 -647.332997746
    0.029983443    2.553781179 -545.799374577
    0.032452854    1.349727162 -423.631550576
    0.034922265    0.484028793 -272.193709993
    0.037391676    0.022932208  -97.396356573
    0.039861087    0.000000000   80.005600733
    0.042330498    0.414932456  252.995604524
    0.044799909    1.249737191  418.872350011
    0.047269320    2.463380130  561.068638343
    0.049738731    3.988307850  665.903983755
    0.052208142    5.707094842  716.587372030
    0.054677553    7.480900333  713.184032869
    0.057146964    9.196476877  671.483641110
    0.059616375   10.786171849  616.273888143
    0.062085786   12.246147940  567.835121891
    0.064555197   13.613711669  543.384127528
    0.067024608   14.946007733  538.780424674
    0.069494019   16.287260011  548.612140535
    0.071963430   17.660075527  563.162065416
    0.074432841   19.061508041  570.431447496
    0.076902252   20.481441357  580.512483813
    0.079371663   21.938550140  603.505283190
    0.081841074   23.494065449  662.855756282
    0.084310486   25.234196270  751.626523026
    0.086779897   27.202114058  840.555753967
    0.089249308   29.361189594  901.274242508
    0.091718719   31.616644209  920.417104035
    0.094188130   33.897118648  926.596952729
    0.096657541   36.208149351  950.406658810
    0.099126952   38.612924676 1001.094716093
    0.101596363   41.157731355 1057.243907925
    0.104065774   43.801985572 1075.402888854
    0.106535185   46.411221501 1024.638329439
    0.109004596   48.808833156  906.549705205
    0.111474007   50.849874554  740.294251561
    0.113943418   52.453518226  557.346252297
    0.116412829   53.615410968  387.322560549
    0.118882240   54.389223331  245.111894516
    0.121351651   54.856940804  140.821370040
    0.123821062   55.111612062   70.150545030
    0.126290473   55.233916048   32.292827227
    0.128759884   55.286892877   12.899832302
    0.131229295   55.306374695    4.669456147
    0.133698706   55.312440817    1.193023249
    0.136168117   55.313072255   -0.000000000
    0.138637528   55.313072255   -0.000000000
    0.141106939   55.313072255   -0.000000000
    0.143576350   55.313072255   -0.000000000
    0.146045761   55.313072255   -0.000000000
    0.148515172   55.313072255   -0.000000000
    0.150984583   55.313072255   -0.000000000
    0.153453994   55.313072255   -0.000000000
    0.155923406   55.313072255   -0.000000000
    0.158392817   55.313072255   -0.000000000
    0.160862228   55.313072255   -0.000000000
    0.163331639   55.313072255   -0.000000000
    0.165801050   55.313072255   -0.000000000
    0.168270461   55.313072255   -0.000000000
    0.170739872   55.313072255   -0.000000000
    0.173209283   55.313072255   -0.000000000
    0.175678694   55.313072255   -0.000000000
    0.178148105   55.313072255   -0.000000000
    0.180617516   55.313072255   -0.000000000
    0.183086927   55.313072255   -0.000000000
    0.185556338   55.313072255   -0.000000000
    0.188025749   55.313072255   -0.000000000
    0.190495160   55.313072255   -0.000000000
    0.192964571   55.313072255   -0.000000000
    0.195433982   55.313072255   -0.000000000
    0.197903393   55.313072255   -0.000000000
    0.200372804   55.313072255   -0.000000000
    0.202842215   55.313072255   -0.000000000
    0.205311626   55.313072255   -0.000000000
    0.207781037   55.313072255   -0.000000000
    0.210250448   55.313072255   -0.000000000
    0.212719859   55.313072255   -0.000000000
    0.215189270   55.313072255   -0.000000000
    0.217658681   55.313072255   -0.000000000
    0.220128092   55.313072255   -0.000000000
    0.222597503   55.313072255   -0.000000000
    0.225066914   55.313072255   -0.000000000
    0.227536326   55.313072255   -0.000000000
    0.230005737   55.313072255   -0.000000000
    0.232475148   55.313072255   -0.000000000
    0.234944559   55.313072255   -0.000000000
    0.237413970   55.313072255   -0.000000000
    0.239883381   55.313072255   -0.000000000
    0.242352792   55.313072255   -0.000000000
    0.244822203   55.313072255   -0.000000000
    0.247291614   55.313072255   -0.000000000
    0.249761025   55.313072255   -0.000000000
    0.252230436   55.313072255   -0.000000000
    0.254699847   55.313072255   -0.000000000
    0.257169258   55.313072255   -0.000000000
    0.259638669   55.313072255   -0.000000000
    0.262108080   55.313072255   -0.000000000
    0.264577491   55.313072255   -0.000000000
    0.267046902   55.313072255   -0.000000000
    0.269516313   55.313072255   -0.000000000
    0.271985724   55.313072255   -0.000000000
    0.274455135   55.313072255   -0.000000000
    0.276924546   55.313072255   -0.000000000
    0.279393957   55.313072255   -0.000000000
    0.281863368   55.313072255   -0.000000000
    0.284332779   55.313072255   -0.000000000
    0.286802190   55.313072255   -0.000000000
    0.289271601   55.313072255   -0.000000000
    0.291741012   55.313072255   -0.000000000
    0.294210423   55.313072255   -0.000000000
    0.296679834   55.313072255   -0.000000000
    0.299149246   55.313072255   -0.000000000
    0.301618657   55.313072255   -0.000000000
    0.304088068   55.313072255   -0.000000000
    0.306557479   55.313072255   -0.000000000
    0.309026890   55.313072255   -0.000000000
    0.311496301   55.313072255   -0.000000000
    0.313965712   55.313072255   -0.000000000
    0.316435123   55.313072255   -0.000000000
    0.318904534   55.313072255   -0.000000000
    0.321373945   55.313072255   -0.000000000
    0.323843356   55.313072255   -0.000000000
    0.326312767   55.313072255   -0.000000000
    0.328782178   55.313072255   -0.000000000
    0.331251589   55.313072255   -0.000000000
    0.333721000   55.313072255   -0.000000000
