#! FIELDS d1 file.free der_d1
#! SET min_d1 -0.0243436
#! SET max_d1 0.333721
#! SET nbins_d1  146
#! SET periodic_d1 false
   -0.024343600   72.436418561   -0.000000000
   -0.021874189   72.435164437   -2.481963846
   -0.019404778   72.416264961  -15.761235425
   -0.016935367   72.336526679  -53.412700274
   -0.014465956   72.113943173 -138.285404710
   -0.011996545   71.586651096 -305.819181643
   -0.009527134   70.496729893 -600.237994880
   -0.007057723   68.507039250 -1035.158467815
   -0.004588312   65.294387718 -1581.145421401
   -0.002118901   60.671178043 -2157.461836438
    0.000350510   54.720798837 -2635.020248406
    0.002819921   47.830131346 -2902.929454927
    0.005289332   40.596092487 -2910.932858224
    0.007758743   33.644808942 -2685.483099630
    0.010228154   27.445611468 -2319.882789372
    0.012697566   22.212229470 -1923.054030571
    0.015166977   17.911818328 -1572.077305105
    0.017636388   14.373629903 -1309.321809770
    0.020105799   11.377728129 -1129.865767662
    0.022575210    8.754128709 -1001.161504385
    0.025044621    6.417929722 -891.034776349
    0.027514032    4.360909746 -771.956967740
    0.029983443    2.623393990 -631.368475417
    0.032452854    1.273194541 -455.977570969
    0.034922265    0.386773612 -258.107824578
    0.037391676    0.000000000  -55.947702318
    0.039861087    0.089763308  125.099526233
    0.042330498    0.594813856  277.471319037
    0.044799909    1.450715918  411.212646602
    0.047269320    2.612789789  530.252768052
    0.049738731    4.058904559  637.769851138
    0.052208142    5.738753242  717.806975297
    0.054677553    7.570963779  759.951704072
    0.057146964    9.455492393  758.368831770
    0.059616375   11.286051719  719.652762054
    0.062085786   12.989187912  656.329544492
    0.064555197   14.526749329  588.324015113
    0.067024608   15.902447348  529.798866703
    0.069494019   17.162761834  495.364585820
    0.071963430   18.378509169  495.372481332
    0.074432841   19.629258455  521.953116116
    0.076902252   20.979374461  574.849799687
    0.079371663   22.480867481  644.932924076
    0.081841074   24.191163139  744.338314267
    0.084310486   26.165547174  857.395605744
    0.086779897   28.409279591  955.693196899
    0.089249308   30.853063549 1014.756483326
    0.091718719   33.374373967 1020.410899522
    0.094188130   35.874160593 1002.588355263
    0.096657541   38.342595832 1001.970033675
    0.099126952   40.860705254 1042.911450782
    0.101596363   43.508763284 1098.669340440
    0.104065774   46.255135270 1112.418492202
    0.106535185   48.922691622 1028.657993519
    0.109004596   51.244705905  836.068426509
    0.111474007   53.001899373  581.886133744
    0.113943418   54.125286913  335.920121632
    0.116412829   54.736643626  176.888753134
    0.118882240   55.087156374  123.160247379
    0.121351651   55.408315739  143.776105012
    0.123821062   55.798923226  166.193918905
    0.126290473   56.184458364  132.341874389
    0.128759884   56.389096848   23.418652428
    0.131229295   56.274653998 -116.177860800
    0.133698706   55.849920238 -213.318753815
    0.136168117   55.306345597 -208.269528372
    0.138637528   54.904296382 -104.852415291
    0.141106939   54.815450448   31.061694180
    0.143576350   55.003198273  105.391897333
    0.146045761   55.257612974   83.227081739
    0.148515172   55.362456465   -2.428578908
    0.150984583   55.254567427  -76.952370416
    0.153453994   55.053461645  -71.039233536
    0.155923406   54.972640234   15.087983244
    0.158392817   55.145874846  125.698240466
    0.160862228   55.588730962  229.229819153
    0.163331639   56.261485704  315.656628388
    0.165801050   57.153669143  409.771878149
    0.168270461   58.302718386  522.251465913
    0.170739872   59.731179494  631.646691943
    0.173209283   61.391338885  704.814327394
    0.175678694   63.164601842  721.551683626
    0.178148105   64.909164024  683.176149831
    0.180617516   66.506560203  605.400349107
    0.183086927   67.879527230  504.634957145
    0.185556338   68.985667572  388.952197789
    0.188025749   69.801126654  272.488871135
    0.190495160   70.348739930  175.872311845
    0.192964571   70.696316973  113.677211783
    0.195433982   70.945227855   93.382885702
    0.197903393   71.179751263   99.965977567
    0.200372804   71.440795287  109.936411400
    0.202842215   71.714463970  109.399536305
    0.205311626   71.967496672   93.137351425
    0.207781037   72.165283677   66.076074919
    0.210250448   72.297230776   41.305978749
    0.212719859   72.374043841   22.121417783
    0.215189270   72.412580341   10.234364554
    0.217658681   72.429351589    4.112041859
    0.220128092   72.435710567    1.439984291
    0.222597503   72.436418561   -0.000000000
    0.225066914   72.436418561   -0.000000000
    0.227536326   72.436418561   -0.000000000
    0.230005737   72.436418561   -0.000000000
    0.232475148   72.436418561   -0.000000000
    0.234944559   72.436418561   -0.000000000
    0.237413970   72.436418561   -0.000000000
    0.239883381   72.436418561   -0.000000000
    0.242352792   72.436418561   -0.000000000
    0.244822203   72.436418561   -0.000000000
    0.247291614   72.436418561   -0.000000000
    0.249761025   72.436418561   -0.000000000
    0.252230436   72.436418561   -0.000000000
    0.254699847   72.436418561   -0.000000000
    0.257169258   72.436418561   -0.000000000
    0.259638669   72.436418561   -0.000000000
    0.262108080   72.436418561   -0.000000000
    0.264577491   72.436418561   -0.000000000
    0.267046902   72.436418561   -0.000000000
    0.269516313   72.436418561   -0.000000000
    0.271985724   72.436418561   -0.000000000
    0.274455135   72.436418561   -0.000000000
    0.276924546   72.436418561   -0.000000000
    0.279393957   72.436418561   -0.000000000
    0.281863368   72.436418561   -0.000000000
    0.284332779   72.436418561   -0.000000000
    0.286802190   72.436418561   -0.000000000
    0.289271601   72.436418561   -0.000000000
    0.291741012   72.436418561   -0.000000000
    0.294210423   72.436418561   -0.000000000
    0.296679834   72.436418561   -0.000000000
    0.299149246   72.436418561   -0.000000000
    0.301618657   72.436418561   -0.000000000
    0.304088068   72.436418561   -0.000000000
    0.306557479   72.436418561   -0.000000000
    0.309026890   72.436418561   -0.000000000
    0.311496301   72.436418561   -0.000000000
    0.313965712   72.436418561   -0.000000000
    0.316435123   72.436418561   -0.000000000
    0.318904534   72.436418561   -0.000000000
    0.321373945   72.436418561   -0.000000000
    0.323843356   72.436418561   -0.000000000
    0.326312767   72.436418561   -0.000000000
    0.328782178   72.436418561   -0.000000000
    0.331251589   72.436418561   -0.000000000
    0.333721000   72.436418561   -0.000000000
