#! FIELDS d1 file.free der_d1
#! SET min_d1 -0.0243436
#! SET max_d1 0.333721
#! SET nbins_d1  146
#! SET periodic_d1 false
   -0.024343600   84.169301452   -0.463021942
   -0.021874189   84.160462168  -10.112366826
   -0.019404778   84.102207454  -42.501066511
   -0.016935367   83.910918271 -122.661935784
   -0.014465956   83.425028034 -290.670343223
   -0.011996545   82.362072472 -597.270393466
   -0.009527134   80.321916075 -1085.721323843
   -0.007057723   76.866080604 -1735.746196133
   -0.004588312   71.698679233 -2448.912050158
   -0.002118901   64.849646426 -3065.608522702
    0.000350510   56.782056836 -3412.719971835
    0.002819921   48.287803601 -3406.127599592
    0.005289332   40.213503429 -3089.701777158
    0.007758743   33.165447439 -2603.716376819
    0.010228154   27.353227705 -2113.359494903
    0.012697566   22.638407499 -1729.329929634
    0.015166977   18.706307607 -1475.504980535
    0.017636388   15.266055506 -1323.789575661
    0.020105799   12.130579317 -1219.601603205
    0.022575210    9.248631883 -1111.870817796
    0.025044621    6.661597853 -977.642965866
    0.027514032    4.441596208 -816.171489725
    0.029983443    2.647634479 -635.097746635
    0.032452854    1.316347579 -442.149143916
    0.034922265    0.455622055 -255.732953586
    0.037391676    0.036077022  -87.112395228
    0.039861087    0.000000000   55.472498577
    0.042330498    0.299395908  184.741189804
    0.044799909    0.928565963  325.843088018
    0.047269320    1.924789935  487.270647643
    0.049738731    3.349774050  667.936991523
    0.052208142    5.212629684  836.818290404
    0.054677553    7.445776832  962.988922911
    0.057146964    9.909054114 1018.290758515
    0.059616375   12.413711150  998.663577450
    0.062085786   14.790829814  917.470704709
    0.064555197   16.924869529  808.041516666
    0.067024608   18.784626528  702.580829289
    0.069494019   20.419566741  628.085446502
    0.071963430   21.924413582  598.077290980
    0.074432841   23.397170775  598.515629960
    0.076902252   24.897137492  618.107693632
    0.079371663   26.454048319  646.155226862
    0.081841074   28.114079297  703.668267050
    0.084310486   29.952892249  793.013762244
    0.086779897   32.034993345  894.496564733
    0.089249308   34.363403268  986.015866490
    0.091718719   36.870089898 1038.131257203
    0.094188130   39.465911201 1060.141877341
    0.096657541   42.104868113 1078.483028163
    0.099126952   44.813046485 1117.083666863
    0.101596363   47.633332081 1164.808237111
    0.104065774   50.549987927 1188.763949775
    0.106535185   53.453792717 1149.991707935
    0.109004596   56.168206248 1036.426403176
    0.111474007   58.529539144  869.429419852
    0.113943418   60.446767381  684.017851927
    0.116412829   61.937794730  531.011781656
    0.118882240   63.108968500  425.261252438
    0.121351651   64.071389992  357.972059444
    0.123821062   64.878332103  291.579707748
    0.126290473   65.488357991  194.865525797
    0.128759884   65.807733146   59.549876706
    0.131229295   65.780092002  -78.674379242
    0.133698706   65.464328359 -162.154239508
    0.136168117   65.057539288 -149.610711617
    0.138637528   64.797035996  -50.883128116
    0.141106939   64.826569857   72.222937702
    0.143576350   65.099495690  134.615420331
    0.146045761   65.422409697  111.914762861
    0.148515172   65.612960953   40.616804559
    0.150984583   65.639554237   -9.813726320
    0.153453994   65.634322411   19.292222040
    0.155923406   65.794785683  117.732725230
    0.158392817   66.220986949  225.275931696
    0.160862228   66.890840435  312.147051273
    0.163331639   67.740262529  375.564456815
    0.165801050   68.752617313  447.754436941
    0.168270461   69.973302077  543.307387341
    0.170739872   71.438752281  641.615780414
    0.173209283   73.115735549  709.109089461
    0.175678694   74.895317734  722.962459799
    0.178148105   76.642035251  683.655934103
    0.180617516   78.239443100  605.400349107
    0.183086927   79.612410126  504.634957145
    0.185556338   80.718550468  388.952197789
    0.188025749   81.534009550  272.488871135
    0.190495160   82.081622826  175.872311845
    0.192964571   82.429199869  113.677211783
    0.195433982   82.678110752   93.382885702
    0.197903393   82.912634160   99.965977567
    0.200372804   83.173678184  109.936411400
    0.202842215   83.447346867  109.399536305
    0.205311626   83.700379568   93.137351425
    0.207781037   83.898166573   66.076074919
    0.210250448   84.030113672   41.305978749
    0.212719859   84.106926738   22.121417783
    0.215189270   84.145463238   10.234364554
    0.217658681   84.162234486    4.112041859
    0.220128092   84.168593464    1.439984291
    0.222597503   84.169301458   -0.000000000
    0.225066914   84.169301458   -0.000000000
    0.227536326   84.169301458   -0.000000000
    0.230005737   84.169301458   -0.000000000
    0.232475148   84.169301458   -0.000000000
    0.234944559   84.169301458   -0.000000000
    0.237413970   84.169301458   -0.000000000
    0.239883381   84.169301458   -0.000000000
    0.242352792   84.169301458   -0.000000000
    0.244822203   84.169301458   -0.000000000
    0.247291614   84.169301458   -0.000000000
    0.249761025   84.169301458   -0.000000000
    0.252230436   84.169301458   -0.000000000
    0.254699847   84.169301458   -0.000000000
    0.257169258   84.169301458   -0.000000000
    0.259638669   84.169301458   -0.000000000
    0.262108080   84.169301458   -0.000000000
    0.264577491   84.169301458   -0.000000000
    0.267046902   84.169301458   -0.000000000
    0.269516313   84.169301458   -0.000000000
    0.271985724   84.169301458   -0.000000000
    0.274455135   84.169301458   -0.000000000
    0.276924546   84.169301458   -0.000000000
    0.279393957   84.169301458   -0.000000000
    0.281863368   84.169301458   -0.000000000
    0.284332779   84.169301458   -0.000000000
    0.286802190   84.169301458   -0.000000000
    0.289271601   84.169301458   -0.000000000
    0.291741012   84.169301458   -0.000000000
    0.294210423   84.169301458   -0.000000000
    0.296679834   84.169301458   -0.000000000
    0.299149246   84.169301458   -0.000000000
    0.301618657   84.169301458   -0.000000000
    0.304088068   84.169301458   -0.000000000
    0.306557479   84.169301458   -0.000000000
    0.309026890   84.169301458   -0.000000000
    0.311496301   84.169301458   -0.000000000
    0.313965712   84.169301458   -0.000000000
    0.316435123   84.169301458   -0.000000000
    0.318904534   84.169301458   -0.000000000
    0.321373945   84.169301458   -0.000000000
    0.323843356   84.169301458   -0.000000000
    0.326312767   84.169301458   -0.000000000
    0.328782178   84.169301458   -0.000000000
    0.331251589   84.169301458   -0.000000000
    0.333721000   84.169301458   -0.000000000
