#! FIELDS d1 file.free der_d1
#! SET min_d1 -0.0243436
#! SET max_d1 0.333721
#! SET nbins_d1  146
#! SET periodic_d1 false
   -0.024343600   91.275751822   -0.463021942
   -0.021874189   91.257998278  -19.780848068
   -0.019404778   91.148847735  -76.733404628
   -0.016935367   90.816090948 -209.568527477
   -0.014465956   90.001565875 -479.941189332
   -0.011996545   88.276830757 -955.329785786
   -0.009527134   85.079833435 -1672.075364532
   -0.007057723   79.875915380 -2560.403150403
   -0.004588312   72.449703035 -3431.476341885
   -0.002118901   63.152678742 -4030.312566453
    0.000350510   52.950255375 -4142.551160795
    0.002819921   43.121799350 -3739.691049391
    0.005289332   34.757503934 -2999.253782898
    0.007758743   28.350328586 -2202.961348208
    0.010228154   23.719847531 -1589.135407939
    0.012697566   20.271945201 -1249.902651447
    0.015166977   17.366272160 -1131.036416007
    0.017636388   14.594913668 -1122.715373535
    0.020105799   11.816363462 -1123.382975762
    0.022575210    9.092868270 -1072.579550386
    0.025044621    6.570229890 -960.433269695
    0.027514032    4.381125105 -806.795806872
    0.029983443    2.611130003 -624.253080705
    0.032452854    1.308693195 -430.458694704
    0.034922265    0.472872429 -248.138944415
    0.037391676    0.060687850  -89.430149912
    0.039861087    0.000000000   36.451687063
    0.042330498    0.224983133  141.820319461
    0.044799909    0.707857964  248.298628951
    0.047269320    1.456284860  362.328010282
    0.049738731    2.503645010  485.619742935
    0.052208142    3.843560789  596.166686829
    0.054677553    5.418528402  672.765966271
    0.057146964    7.118005349  693.659322330
    0.059616375    8.798743720  658.985888163
    0.062085786   10.336004936  579.360560975
    0.064555197   11.653473256  487.539354452
    0.067024608   12.759348011  415.783437662
    0.069494019   13.744180465  390.564958162
    0.071963430   14.732215327  416.837068453
    0.074432841   15.811494756  455.280407539
    0.076902252   16.956946821  463.652737780
    0.079371663   18.040141384  403.055413135
    0.081841074   18.909500372  295.492201487
    0.084310486   19.482244573  172.801943628
    0.086779897   19.777729056   73.089887767
    0.089249308   19.881082724   16.499876340
    0.091718719   19.881842120  -11.130394001
    0.094188130   19.839279588  -23.583173956
    0.096657541   19.775718443  -27.426910734
    0.099126952   19.713742922  -22.102856370
    0.101596363   19.683985582   -0.461690085
    0.104065774   19.726381629   34.707697526
    0.106535185   19.849785802   64.446705083
    0.109004596   20.029878739   75.067771923
    0.111474007   20.192068647   49.595965904
    0.113943418   20.245777902  -10.243085570
    0.116412829   20.146186807  -66.396362974
    0.118882240   19.948572600  -84.562503547
    0.121351651   19.789981436  -31.777494009
    0.123821062   19.830596244   68.553940296
    0.126290473   20.139228176  176.761618382
    0.128759884   20.667286446  241.634857428
    0.131229295   21.294296380  259.096807001
    0.133698706   21.938372692  267.170708287
    0.136168117   22.654447881  324.506778715
    0.138637528   23.598334326  450.381473085
    0.141106939   24.910426191  614.727640312
    0.143576350   26.602369834  744.856279196
    0.146045761   28.543672237  813.511819180
    0.148515172   30.577603759  830.707445193
    0.150984583   32.643889931  844.537387388
    0.153453994   34.767960680  876.545566196
    0.155923406   36.955657336  890.580589426
    0.158392817   39.105684810  836.883291537
    0.160862228   41.030487453  714.146508582
    0.163331639   42.613042855  572.470755930
    0.165801050   43.901052804  484.003702805
    0.168270461   45.071075542  473.938125361
    0.170739872   46.276706061  502.171574054
    0.173209283   47.504650694  480.200635655
    0.175678694   48.577480300  373.941899807
    0.178148105   49.300372494  205.368106342
    0.180617516   49.601382395   46.933675601
    0.183086927   49.593173911  -33.453777876
    0.185556338   49.511719380  -19.530970436
    0.188025749   49.544878332   50.747700256
    0.190495160   49.755409035  115.811168244
    0.192964571   50.073750211  134.456322410
    0.195433982   50.383762048  111.557001826
    0.197903393   50.617029126   79.465939376
    0.200372804   50.802560087   77.237274888
    0.202842215   51.042974440  126.688242011
    0.205311626   51.461404564  217.823567401
    0.207781037   52.134017888  325.085147441
    0.210250448   53.041146284  402.429677553
    0.212719859   54.070943382  420.651585652
    0.215189270   55.056609676  369.067533747
    0.217658681   55.856997006  273.407672405
    0.220128092   56.406602207  173.245649189
    0.222597503   56.729749411   95.993990747
    0.225066914   56.924142443   68.853068181
    0.227536326   57.103350945   84.309576181
    0.230005737   57.363939253  131.575078910
    0.232475148   57.765217341  195.881502258
    0.234944559   58.324925836  255.558089569
    0.237413970   59.013541640  297.350142229
    0.239883381   59.760215925  301.117007099
    0.242352792   60.478273993  277.716775426
    0.244822203   61.131859389  253.157638238
    0.247291614   61.752527684  251.825286537
    0.249761025   62.405355581  280.895030991
    0.252230436   63.144975479  318.239911874
    0.254699847   63.959491789  334.814387305
    0.257169258   64.772746874  315.378832688
    0.259638669   65.480613668  254.366924970
    0.262108080   66.022103981  185.580232939
    0.264577491   66.427234725  149.438306494
    0.267046902   66.801381793  160.427219455
    0.269516313   67.245479031  201.145774603
    0.271985724   67.791288262  237.119751455
    0.274455135   68.391395156  245.229091706
    0.276924546   68.994711180  245.374711642
    0.279393957   69.632775094  283.139599214
    0.281863368   70.456465816  397.750042938
    0.284332779   71.648227087  572.348654739
    0.286802190   73.271156102  731.934119371
    0.289271601   75.182538558  795.001695556
    0.291741012   77.102238008  743.016625865
    0.294210423   78.795481472  623.770312331
    0.296679834   80.200622329  522.985527864
    0.299149246   81.437825228  493.380060667
    0.301618657   82.690871428  530.494915269
    0.304088068   84.073705336  586.535159294
    0.306557479   85.561653184  608.487976637
    0.309026890   87.030959882  570.042714149
    0.311496301   88.336635076  481.110260652
    0.313965712   89.388566901  368.783104718
    0.316435123   90.158682897  256.467983330
    0.318904534   90.670149542  161.215417600
    0.321373945   90.978084768   92.147968286
    0.323843356   91.144788696   46.834524566
    0.326312767   91.226161325   20.436662876
    0.328782178   91.258448750    7.823336436
    0.331251589   91.271099456    3.046641429
    0.333721000   91.275751462    1.034748105
