#! FIELDS d1 file.free der_d1
#! SET min_d1 -0.0243436
#! SET max_d1 0.333721
#! SET nbins_d1  146
#! SET periodic_d1 false
   -0.024343600   91.275751822   -0.463021942
   -0.021874189   91.257998278  -19.780848068
   -0.019404778   91.148847735  -76.733404628
   -0.016935367   90.816090948 -209.568527477
   -0.014465956   90.001565875 -479.941189332
   -0.011996545   88.276830757 -955.329785786
   -0.009527134   85.079833435 -1672.075364532
   -0.007057723   79.875915380 -2560.403150403
   -0.004588312   72.449703035 -3431.476341885
   -0.002118901   63.152678742 -4030.312566453
    0.000350510   52.950255375 -4142.551160795
    0.002819921   43.121799350 -3739.691049391
    0.005289332   34.757503934 -2999.253782898
    0.007758743   28.350328586 -2202.961348208
    0.010228154   23.719847531 -1589.135407939
    0.012697566   20.271945201 -1249.902651447
    0.015166977   17.366272160 -1131.036416007
    0.017636388   14.594913668 -1122.715373535
    0.020105799   11.816363462 -1123.382975762
    0.022575210    9.092868270 -1072.579550386
    0.025044621    6.570229890 -960.433269695
    0.027514032    4.381125105 -806.795806872
    0.029983443    2.611130003 -624.253080705
    0.032452854    1.308693195 -430.458694704
    0.034922265    0.472872429 -248.138944415
    0.037391676    0.060687850  -89.430149912
    0.039861087    0.000000000   36.451687063
    0.042330498    0.224983133  141.820319461
    0.044799909    0.707857964  248.298628951
    0.047269320    1.456284860  362.328010282
    0.049738731    2.503645010  485.619742935
    0.052208142    3.843562534  596.198941121
    0.054677553    5.418743738  672.957822255
    0.057146964    7.119613453  694.631254108
    0.059616375    8.805539287  662.626764882
    0.062085786   10.358528938  589.362010915
    0.064555197   11.715446057  510.973314073
    0.067024608   12.909819574  466.542516249
    0.069494019   14.073712872  488.568467069
    0.071963430   15.389795723  589.274328584
    0.074432841   17.019649990  734.116609330
    0.076902252   19.017589381  879.638057753
    0.079371663   21.323195025  979.850373057
    0.081841074   23.822878068 1038.066907909
    0.084310486   26.415906435 1061.301912260
    0.086779897   29.038828029 1060.909769913
    0.089249308   31.641733119 1042.134979851
    0.091718719   34.161881122  994.779110034
    0.094188130   36.541109328  929.809166356
    0.096657541   38.766415333  877.428771818
    0.099126952   40.915453305  872.698415193
    0.101596363   43.134314596  933.047004922
    0.104065774   45.567799706 1041.629952718
    0.106535185   48.283260400 1154.132480678
    0.109004596   51.235526046 1226.877712713
    0.111474007   54.291898573 1236.925081324
    0.113943418   57.293878930 1186.212396856
    0.116412829   60.135239467 1113.303896165
    0.118882240   62.787855076 1034.381556348
    0.121351651   65.241492595  949.822568066
    0.123821062   67.449016663  828.320312424
    0.126290473   69.288797027  650.673808568
    0.128759884   70.617613805  420.460367787
    0.131229295   71.364665707  189.433872395
    0.133698706   71.607437720   25.559830261
    0.136168117   71.584502186  -23.720865263
    0.138637528   71.575294528   28.666589682
    0.141106939   71.760056464  120.072807372
    0.143576350   72.122747640  160.802808131
    0.146045761   72.493122651  125.371868110
    0.148515172   72.705218177   46.226641194
    0.150984583   72.741231820   -7.427929994
    0.153453994   72.739776178   20.175414202
    0.155923406   72.901236054  117.732725230
    0.158392817   73.327437320  225.275931696
    0.160862228   73.997290806  312.147051273
    0.163331639   74.846712899  375.564456815
    0.165801050   75.859067684  447.754436941
    0.168270461   77.079752447  543.307387341
    0.170739872   78.545202651  641.615780414
    0.173209283   80.222185919  709.109089461
    0.175678694   82.001768105  722.962459799
    0.178148105   83.748485621  683.655934103
    0.180617516   85.345893471  605.400349107
    0.183086927   86.718860497  504.634957145
    0.185556338   87.825000839  388.952197789
    0.188025749   88.640459921  272.488871135
    0.190495160   89.188073197  175.872311845
    0.192964571   89.535650240  113.677211783
    0.195433982   89.784561123   93.382885702
    0.197903393   90.019084531   99.965977567
    0.200372804   90.280128555  109.936411400
    0.202842215   90.553797238  109.399536305
    0.205311626   90.806829939   93.137351425
    0.207781037   91.004616944   66.076074919
    0.210250448   91.136564043   41.305978749
    0.212719859   91.213377109   22.121417783
    0.215189270   91.251913608   10.234364554
    0.217658681   91.268684856    4.112041859
    0.220128092   91.275043835    1.439984291
    0.222597503   91.275751828   -0.000000000
    0.225066914   91.275751828   -0.000000000
    0.227536326   91.275751828   -0.000000000
    0.230005737   91.275751828   -0.000000000
    0.232475148   91.275751828   -0.000000000
    0.234944559   91.275751828   -0.000000000
    0.237413970   91.275751828   -0.000000000
    0.239883381   91.275751828   -0.000000000
    0.242352792   91.275751828   -0.000000000
    0.244822203   91.275751828   -0.000000000
    0.247291614   91.275751828   -0.000000000
    0.249761025   91.275751828   -0.000000000
    0.252230436   91.275751828   -0.000000000
    0.254699847   91.275751828   -0.000000000
    0.257169258   91.275751828   -0.000000000
    0.259638669   91.275751828   -0.000000000
    0.262108080   91.275751828   -0.000000000
    0.264577491   91.275751828   -0.000000000
    0.267046902   91.275751828   -0.000000000
    0.269516313   91.275751828   -0.000000000
    0.271985724   91.275751828   -0.000000000
    0.274455135   91.275751828   -0.000000000
    0.276924546   91.275751828   -0.000000000
    0.279393957   91.275751828   -0.000000000
    0.281863368   91.275751828   -0.000000000
    0.284332779   91.275751828   -0.000000000
    0.286802190   91.275751828   -0.000000000
    0.289271601   91.275751828   -0.000000000
    0.291741012   91.275751828   -0.000000000
    0.294210423   91.275751828   -0.000000000
    0.296679834   91.275751828   -0.000000000
    0.299149246   91.275751828   -0.000000000
    0.301618657   91.275751828   -0.000000000
    0.304088068   91.275751828   -0.000000000
    0.306557479   91.275751828   -0.000000000
    0.309026890   91.275751828   -0.000000000
    0.311496301   91.275751828   -0.000000000
    0.313965712   91.275751828   -0.000000000
    0.316435123   91.275751828   -0.000000000
    0.318904534   91.275751828   -0.000000000
    0.321373945   91.275751828   -0.000000000
    0.323843356   91.275751828   -0.000000000
    0.326312767   91.275751828   -0.000000000
    0.328782178   91.275751828   -0.000000000
    0.331251589   91.275751828   -0.000000000
    0.333721000   91.275751828   -0.000000000
