#! FIELDS d1 file.free der_d1
#! SET min_d1 -0.0243436
#! SET max_d1 0.333721
#! SET nbins_d1  146
#! SET periodic_d1 false
   -0.024343600   91.275751822   -0.463021942
   -0.021874189   91.257998278  -19.780848068
   -0.019404778   91.148847735  -76.733404628
   -0.016935367   90.816090948 -209.568527477
   -0.014465956   90.001565875 -479.941189332
   -0.011996545   88.276830757 -955.329785786
   -0.009527134   85.079833435 -1672.075364532
   -0.007057723   79.875915380 -2560.403150403
   -0.004588312   72.449703035 -3431.476341885
   -0.002118901   63.152678742 -4030.312566453
    0.000350510   52.950255375 -4142.551160795
    0.002819921   43.121799350 -3739.691049391
    0.005289332   34.757503934 -2999.253782898
    0.007758743   28.350328586 -2202.961348208
    0.010228154   23.719847531 -1589.135407939
    0.012697566   20.271945201 -1249.902651447
    0.015166977   17.366272160 -1131.036416007
    0.017636388   14.594913668 -1122.715373535
    0.020105799   11.816363462 -1123.382975762
    0.022575210    9.092868270 -1072.579550386
    0.025044621    6.570229890 -960.433269695
    0.027514032    4.381125105 -806.795806872
    0.029983443    2.611130003 -624.253080705
    0.032452854    1.308693195 -430.458694704
    0.034922265    0.472872429 -248.138944415
    0.037391676    0.060687850  -89.430149912
    0.039861087    0.000000000   36.451687063
    0.042330498    0.224983133  141.820319461
    0.044799909    0.707857964  248.298628951
    0.047269320    1.456284860  362.328010282
    0.049738731    2.503645010  485.619742935
    0.052208142    3.843562534  596.198941121
    0.054677553    5.418743738  672.957822255
    0.057146964    7.119613453  694.631254108
    0.059616375    8.805539287  662.626764882
    0.062085786   10.358528938  589.362010915
    0.064555197   11.715205717  510.814961954
    0.067024608   12.908688336  465.900991916
    0.069494019   14.069810838  486.857163467
    0.071963430   15.379343943  585.431293096
    0.074432841   16.995234609  726.333898570
    0.076902252   18.967211880  866.071750792
    0.079371663   21.230455818  958.930470863
    0.081841074   23.669007582 1009.499266157
    0.084310486   26.183776100 1026.948758954
    0.086779897   28.718965605 1025.063659154
    0.089249308   31.237056442 1010.032469376
    0.091718719   33.686347122  970.112745574
    0.094188130   36.014656633  912.718137953
    0.096657541   38.202986793  862.842912242
    0.099126952   40.305748844  846.787553577
    0.101596363   42.426357717  876.448265992
    0.104065774   44.659085847  930.795604059
    0.106535185   46.999556513  956.318730607
    0.109004596   49.323871000  910.880320080
    0.111474007   51.426241477  777.096698341
    0.113943418   53.108748279  579.304686807
    0.116412829   54.299572789  391.944458090
    0.118882240   55.095757854  265.565932866
    0.121351651   55.682695797  221.572818183
    0.123821062   56.221902102  215.986165615
    0.126290473   56.741437301  197.428654181
    0.128759884   57.156391789  131.574357700
    0.131229295   57.372395746   43.634518480
    0.133698706   57.405091669   -3.968022334
    0.136168117   57.429708522   41.256833230
    0.138637528   57.677544833  169.717910257
    0.141106939   58.290257764  323.946867263
    0.143576350   59.222877207  415.851489217
    0.146045761   60.273735695  419.145703461
    0.148515172   61.243471257  362.882163260
    0.150984583   62.070690530  312.128818741
    0.153453994   62.827725200  306.940622957
    0.155923406   63.602268140  320.620084191
    0.158392817   64.379507535  299.982562109
    0.160862228   65.039384861  226.908070707
    0.163331639   65.476399225  129.663075365
    0.165801050   65.712415461   71.795367806
    0.168270461   65.885823604   77.909602690
    0.170739872   66.130955959  122.485850086
    0.173209283   66.465169543  140.942658604
    0.175678694   66.780587441  104.413603561
    0.178148105   66.949143085   29.208631788
    0.180617516   66.939506506  -27.536167356
    0.183086927   66.868851553  -12.980381617
    0.185556338   66.939228327   79.283505882
    0.188025749   67.295084277  211.077228804
    0.190495160   67.969051516  328.079303072
    0.192964571   68.866839876  389.248390885
    0.195433982   69.848401422  398.484028830
    0.197903393   70.813199808  382.522839502
    0.200372804   71.748183378  378.327291134
    0.202842215   72.720195060  417.615183107
    0.205311626   73.851280498  507.616838546
    0.207781037   75.262643833  640.205566226
    0.210250448   77.023311433  784.564917556
    0.212719859   79.109059517  896.451131281
    0.215189270   81.383248335  932.224092325
    0.217658681   83.633329859  874.183453233
    0.220128092   85.633643645  734.988277368
    0.222597503   87.221968755  550.052877888
    0.225066914   88.361119520  376.890792356
    0.227536326   89.123294261  249.900579867
    0.230005737   89.639869821  177.766475763
    0.232475148   90.032260602  145.989386112
    0.234944559   90.369664109  127.272507222
    0.237413970   90.662863888  109.077037592
    0.239883381   90.901201196   82.908755388
    0.242352792   91.071047842   54.256143448
    0.244822203   91.176197089   31.802665340
    0.247291614   91.233749229   16.032452239
    0.249761025   91.260978755    6.999067322
    0.252230436   91.272176437    2.657864053
    0.254699847   91.275751828   -0.000000000
    0.257169258   91.275751828   -0.000000000
    0.259638669   91.275751828   -0.000000000
    0.262108080   91.275751828   -0.000000000
    0.264577491   91.275751828   -0.000000000
    0.267046902   91.275751828   -0.000000000
    0.269516313   91.275751828   -0.000000000
    0.271985724   91.275751828   -0.000000000
    0.274455135   91.275751828   -0.000000000
    0.276924546   91.275751828   -0.000000000
    0.279393957   91.275751828   -0.000000000
    0.281863368   91.275751828   -0.000000000
    0.284332779   91.275751828   -0.000000000
    0.286802190   91.275751828   -0.000000000
    0.289271601   91.275751828   -0.000000000
    0.291741012   91.275751828   -0.000000000
    0.294210423   91.275751828   -0.000000000
    0.296679834   91.275751828   -0.000000000
    0.299149246   91.275751828   -0.000000000
    0.301618657   91.275751828   -0.000000000
    0.304088068   91.275751828   -0.000000000
    0.306557479   91.275751828   -0.000000000
    0.309026890   91.275751828   -0.000000000
    0.311496301   91.275751828   -0.000000000
    0.313965712   91.275751828   -0.000000000
    0.316435123   91.275751828   -0.000000000
    0.318904534   91.275751828   -0.000000000
    0.321373945   91.275751828   -0.000000000
    0.323843356   91.275751828   -0.000000000
    0.326312767   91.275751828   -0.000000000
    0.328782178   91.275751828   -0.000000000
    0.331251589   91.275751828   -0.000000000
    0.333721000   91.275751828   -0.000000000
