#! FIELDS d1 file.free der_d1
#! SET min_d1 -0.0243436
#! SET max_d1 0.333721
#! SET nbins_d1  146
#! SET periodic_d1 false
   -0.024343600   91.275751822   -0.463021942
   -0.021874189   91.257998278  -19.780848068
   -0.019404778   91.148847735  -76.733404628
   -0.016935367   90.816090948 -209.568527477
   -0.014465956   90.001565875 -479.941189332
   -0.011996545   88.276830757 -955.329785786
   -0.009527134   85.079833435 -1672.075364532
   -0.007057723   79.875915380 -2560.403150403
   -0.004588312   72.449703035 -3431.476341885
   -0.002118901   63.152678742 -4030.312566453
    0.000350510   52.950255375 -4142.551160795
    0.002819921   43.121799350 -3739.691049391
    0.005289332   34.757503934 -2999.253782898
    0.007758743   28.350328586 -2202.961348208
    0.010228154   23.719847531 -1589.135407939
    0.012697566   20.271945201 -1249.902651447
    0.015166977   17.366272160 -1131.036416007
    0.017636388   14.594913668 -1122.715373535
    0.020105799   11.816363462 -1123.382975762
    0.022575210    9.092868270 -1072.579550386
    0.025044621    6.570229890 -960.433269695
    0.027514032    4.381125105 -806.795806872
    0.029983443    2.611130003 -624.253080705
    0.032452854    1.308693195 -430.458694704
    0.034922265    0.472872429 -248.138944415
    0.037391676    0.060687850  -89.430149912
    0.039861087    0.000000000   36.451687063
    0.042330498    0.224983133  141.820319461
    0.044799909    0.707857964  248.298628951
    0.047269320    1.456284860  362.328010282
    0.049738731    2.503645010  485.619742935
    0.052208142    3.843560789  596.166686829
    0.054677553    5.418528402  672.765966271
    0.057146964    7.118005349  693.659322330
    0.059616375    8.798743720  658.985888163
    0.062085786   10.336004936  579.360560975
    0.064555197   11.653473256  487.539354452
    0.067024608   12.759348011  415.783437662
    0.069494019   13.744061811  390.409013902
    0.071963430   14.730938311  415.924485221
    0.074432841   15.805728664  452.226894024
    0.076902252   16.938164105  455.504139882
    0.079371663   17.990499457  385.138787571
    0.081841074   18.795995754  260.118707621
    0.084310486   19.250290094  110.680310364
    0.086779897   19.350332480  -24.346677037
    0.089249308   19.163776174 -121.148149250
    0.091718719   18.775457831 -187.821226070
    0.094188130   18.255169198 -232.261298052
    0.096657541   17.647381511 -257.520481401
    0.099126952   17.002913314 -261.718281359
    0.101596363   16.382112703 -237.671898888
    0.104065774   15.854197826 -187.887575310
    0.106535185   15.458439080 -131.342187232
    0.109004596   15.199667926  -82.899650611
    0.111474007   15.025441544  -64.129064608
    0.113943418   14.854605677  -78.637310789
    0.116412829   14.637163477  -94.592135560
    0.118882240   14.411003456  -81.268640692
    0.121351651   14.287672393   -8.118274548
    0.123821062   14.400527745  102.251929136
    0.126290473   14.796085821  212.476166278
    0.128759884   15.408276978  272.781954557
    0.131229295   16.099008863  278.067090479
    0.133698706   16.765163099  264.433449197
    0.136168117   17.435405861  288.133725733
    0.138637528   18.236974462  370.329535023
    0.141106939   19.292719803  487.284133059
    0.143576350   20.615573434  575.370492182
    0.146045761   22.097581444  613.699005918
    0.148515172   23.615063108  614.100569349
    0.150984583   25.135256041  618.763929076
    0.153453994   26.693244032  643.392507392
    0.155923406   28.294433758  649.042178509
    0.158392817   29.842156175  592.092490515
    0.160862228   31.172560334  480.645977356
    0.163331639   32.213000120  369.756354419
    0.165801050   33.051896759  324.817971275
    0.168270461   33.889504126  363.960377427
    0.170739872   34.883981410  441.101691725
    0.173209283   36.021733986  469.340069525
    0.175678694   37.135317912  418.763737539
    0.178148105   38.043341223  311.017724295
    0.180617516   38.680900255  213.381033842
    0.183086927   39.151841241  187.094157544
    0.185556338   39.669672718  243.477097923
    0.188025749   40.390403876  342.131815674
    0.190495160   41.334670832  415.374842105
    0.192964571   42.379726199  419.689680959
    0.195433982   43.351848952  359.606995313
    0.197903393   44.135638961  275.871050660
    0.200372804   44.739691282  220.131305087
    0.202842215   45.275723603  225.838386862
    0.205311626   45.903275036  291.359180573
    0.207781037   46.748456863  394.632336580
    0.210250448   47.842413526  486.897118856
    0.212719859   49.112167891  531.156318903
    0.215189270   50.404145068  506.455694322
    0.217658681   51.571911179  432.142410689
    0.220128092   52.531180659  345.009534297
    0.222597503   53.290359550  277.231317343
    0.225066914   53.943101124  258.788037673
    0.227536326   54.601124456  281.504106737
    0.230005737   55.349551215  327.795452263
    0.232475148   56.221004696  378.430061789
    0.234944559   57.201325263  412.361356998
    0.237413970   58.237631846  421.743294368
    0.239883381   59.250685524  393.132226922
    0.242352792   60.161199613  342.213188837
    0.244822203   60.946298302  296.211383624
    0.247291614   61.651619479  278.561482135
    0.249761025   62.355518160  296.153806602
    0.252230436   63.122653098  326.081602755
    0.254699847   63.950457268  338.247789516
    0.257169258   64.769552175  316.882753663
    0.259638669   65.479828398  254.939905158
    0.262108080   66.022103981  185.580232939
    0.264577491   66.427234725  149.438306494
    0.267046902   66.801381793  160.427219455
    0.269516313   67.245479031  201.145774603
    0.271985724   67.791288262  237.119751455
    0.274455135   68.391395156  245.229091706
    0.276924546   68.994711180  245.374711642
    0.279393957   69.632775094  283.139599214
    0.281863368   70.456465816  397.750042938
    0.284332779   71.648227087  572.348654739
    0.286802190   73.271156102  731.934119371
    0.289271601   75.182538558  795.001695556
    0.291741012   77.102238008  743.016625865
    0.294210423   78.795481472  623.770312331
    0.296679834   80.200622329  522.985527864
    0.299149246   81.437825228  493.380060667
    0.301618657   82.690871428  530.494915269
    0.304088068   84.073705336  586.535159294
    0.306557479   85.561653184  608.487976637
    0.309026890   87.030959882  570.042714149
    0.311496301   88.336635076  481.110260652
    0.313965712   89.388566901  368.783104718
    0.316435123   90.158682897  256.467983330
    0.318904534   90.670149542  161.215417600
    0.321373945   90.978084768   92.147968286
    0.323843356   91.144788696   46.834524566
    0.326312767   91.226161325   20.436662876
    0.328782178   91.258448750    7.823336436
    0.331251589   91.271099456    3.046641429
    0.333721000   91.275751462    1.034748105
