#! FIELDS d1 file.free der_d1
#! SET min_d1 -0.0243436
#! SET max_d1 0.333721
#! SET nbins_d1  146
#! SET periodic_d1 false
   -0.024343600   96.578380359   -0.463021942
   -0.021874189   96.560626814  -19.780848068
   -0.019404778   96.451476272  -76.733404628
   -0.016935367   96.118719484 -209.568527477
   -0.014465956   95.304194412 -479.941189332
   -0.011996545   93.579459294 -955.329785786
   -0.009527134   90.382461972 -1672.075364532
   -0.007057723   85.178543916 -2560.403150403
   -0.004588312   77.752331571 -3431.476341885
   -0.002118901   68.455307279 -4030.312566453
    0.000350510   58.252883912 -4142.551160795
    0.002819921   48.424427887 -3739.691049391
    0.005289332   40.060132471 -2999.253782898
    0.007758743   33.652957123 -2202.961348208
    0.010228154   29.022476068 -1589.135407939
    0.012697566   25.574573738 -1249.902651447
    0.015166977   22.668900697 -1131.036416007
    0.017636388   19.897542204 -1122.715373535
    0.020105799   17.118991998 -1123.382975762
    0.022575210   14.395496807 -1072.579550386
    0.025044621   11.872858427 -960.433269695
    0.027514032    9.683753642 -806.795806872
    0.029983443    7.913758540 -624.253080705
    0.032452854    6.611321732 -430.458694704
    0.034922265    5.775454681 -248.215653877
    0.037391676    5.362667845  -89.920545383
    0.039861087    5.299368629   34.508509346
    0.042330498    5.515463282  135.887973125
    0.044799909    5.973375573  232.720360512
    0.047269320    6.661671833  327.068934705
    0.049738731    7.581197741  414.219158745
    0.052208142    8.677308818  465.788131453
    0.054677553    9.828823046  455.338624811
    0.057146964   10.855663327  362.195354175
    0.059616375   11.555065066  192.883388000
    0.062085786   11.765940452  -29.039336929
    0.064555197   11.411046360 -256.152657477
    0.067024608   10.532937801 -443.286218037
    0.069494019    9.281710132 -556.212628108
    0.071963430    7.860568286 -581.203706369
    0.074432841    6.455963210 -550.169732769
    0.076902252    5.162402268 -496.803793924
    0.079371663    3.987188590 -456.817005491
    0.081841074    2.906842840 -417.738707051
    0.084310486    1.927156582 -369.266683462
    0.086779897    1.097438739 -297.914443833
    0.089249308    0.478809254 -200.850113394
    0.091718719    0.109815506  -96.660205562
    0.094188130    0.000000000    4.977694173
    0.096657541    0.132969238  100.924656156
    0.099126952    0.494189657  189.208894248
    0.101596363    1.064992168  270.019849900
    0.104065774    1.819684167  336.361263564
    0.106535185    2.700467715  372.536010549
    0.109004596    3.628195056  369.551765118
    0.111474007    4.485794732  316.018440149
    0.113943418    5.151331722  217.377293163
    0.116412829    5.555661305  113.067525864
    0.118882240    5.736831878   42.577664555
    0.121351651    5.831908611   47.873392697
    0.123821062    6.023303416  114.513531329
    0.126290473    6.424531557  209.715062516
    0.128759884    7.038274072  280.664693011
    0.131229295    7.781827757  315.111927854
    0.133698706    8.583539663  337.615211069
    0.136168117    9.476911042  394.504170345
    0.138637528   10.573742530  501.347456166
    0.141106939   11.974065212  634.446047601
    0.143576350   13.678198007  737.751728578
    0.146045761   15.589002049  801.310170281
    0.148515172   17.619656077  845.682704491
    0.150984583   19.785762820  912.913909353
    0.153453994   22.157930300 1008.691448228
    0.155923406   24.743322236 1078.206669663
    0.158392817   27.407422278 1062.628023916
    0.160862228   29.920406309  962.600605697
    0.163331639   32.134740545  833.762358672
    0.165801050   34.070373060  745.553734972
    0.168270461   35.873762322  722.891179976
    0.170739872   37.667113164  728.152591846
    0.173209283   39.422545096  683.182954984
    0.175678694   40.980154426  566.505004080
    0.178148105   42.185134816  406.598093375
    0.180617516   43.011529451  273.387258029
    0.183086927   43.601313231  225.472935838
    0.185556338   44.198246712  270.484076771
    0.188025749   44.979389618  365.006264881
    0.190495160   45.979472759  438.301605809
    0.192964571   47.083761824  444.930827685
    0.195433982   48.121418320  387.374372538
    0.197903393   48.975877404  305.153034192
    0.200372804   49.652951475  249.795893434
    0.202842215   50.261707965  254.889206746
    0.205311626   50.959442103  319.036366123
    0.207781037   51.870021381  419.818439962
    0.210250448   53.021557201  508.154799017
    0.212719859   54.337776775  547.339465378
    0.215189270   55.663339395  517.520673104
    0.217658681   56.852512418  438.647313823
    0.220128092   57.823883438  348.504651728
    0.222597503   58.589184068  278.871348032
    0.225066914   59.244505293  259.411368747
    0.227536326   59.903511942  281.733036539
    0.230005737   60.652179752  327.795452263
    0.232475148   61.523633233  378.430061789
    0.234944559   62.503953800  412.361356998
    0.237413970   63.540260383  421.743294368
    0.239883381   64.553314061  393.132226922
    0.242352792   65.463828150  342.213188837
    0.244822203   66.248926839  296.211383624
    0.247291614   66.954248016  278.561482135
    0.249761025   67.658146696  296.153806602
    0.252230436   68.425281635  326.081602755
    0.254699847   69.253085805  338.247789516
    0.257169258   70.072180711  316.882753663
    0.259638669   70.782456935  254.939905158
    0.262108080   71.324732518  185.580232939
    0.264577491   71.729863262  149.438306494
    0.267046902   72.104010330  160.427219455
    0.269516313   72.548107568  201.145774603
    0.271985724   73.093916799  237.119751455
    0.274455135   73.694023693  245.229091706
    0.276924546   74.297339716  245.374711642
    0.279393957   74.935403631  283.139599214
    0.281863368   75.759094352  397.750042938
    0.284332779   76.950855623  572.348654739
    0.286802190   78.573784639  731.934119371
    0.289271601   80.485167095  795.001695556
    0.291741012   82.404866545  743.016625865
    0.294210423   84.098110009  623.770312331
    0.296679834   85.503250866  522.985527864
    0.299149246   86.740453765  493.380060667
    0.301618657   87.993499965  530.494915269
    0.304088068   89.376333872  586.535159294
    0.306557479   90.864281721  608.487976637
    0.309026890   92.333588418  570.042714149
    0.311496301   93.639263613  481.110260652
    0.313965712   94.691195438  368.783104718
    0.316435123   95.461311434  256.467983330
    0.318904534   95.972778079  161.215417600
    0.321373945   96.280713305   92.147968286
    0.323843356   96.447417233   46.834524566
    0.326312767   96.528789862   20.436662876
    0.328782178   96.561077287    7.823336436
    0.331251589   96.573727992    3.046641429
    0.333721000   96.578379999    1.034748105
