#! FIELDS time d1
 0.000000 0.042459
 1.000000 0.038545
 2.000000 0.034754
 3.000000 0.043065
 4.000000 0.029945
 5.000000 0.031605
 6.000000 0.028558
 7.000000 0.029332
 8.000000 0.037030
 9.000000 0.043643
 10.000000 0.031854
 11.000000 0.040938
 12.000000 0.035619
 13.000000 0.028500
 14.000000 0.037944
 15.000000 0.041521
 16.000000 0.040805
 17.000000 0.041086
 18.000000 0.038496
 19.000000 0.043714
 20.000000 0.033104
 21.000000 0.043355
 22.000000 0.037696
 23.000000 0.041303
 24.000000 0.029004
 25.000000 0.037504
 26.000000 0.038448
 27.000000 0.046109
 28.000000 0.030715
 29.000000 0.037096
 30.000000 0.036984
 31.000000 0.046132
 32.000000 0.043186
 33.000000 0.048115
 34.000000 0.038740
 35.000000 0.037236
 36.000000 0.041767
 37.000000 0.047391
 38.000000 0.038742
 39.000000 0.035453
 40.000000 0.045123
 41.000000 0.052036
 42.000000 0.042595
 43.000000 0.034284
 44.000000 0.038788
 45.000000 0.026701
 46.000000 0.043651
 47.000000 0.041663
 48.000000 0.034846
 49.000000 0.044570
 50.000000 0.047359
 51.000000 0.037904
 52.000000 0.031934
 53.000000 0.048358
 54.000000 0.049486
 55.000000 0.042788
 56.000000 0.041546
 57.000000 0.039467
 58.000000 0.033746
 59.000000 0.038433
 60.000000 0.043705
 61.000000 0.037850
 62.000000 0.039131
 63.000000 0.041207
 64.000000 0.034743
 65.000000 0.039089
 66.000000 0.039103
 67.000000 0.046428
 68.000000 0.049505
 69.000000 0.034315
 70.000000 0.032065
 71.000000 0.050234
 72.000000 0.041144
 73.000000 0.035518
 74.000000 0.041863
 75.000000 0.041205
 76.000000 0.043659
 77.000000 0.036227
 78.000000 0.045853
 79.000000 0.031178
 80.000000 0.038247
 81.000000 0.035434
 82.000000 0.029889
 83.000000 0.036037
 84.000000 0.043158
 85.000000 0.043765
 86.000000 0.045013
 87.000000 0.047501
 88.000000 0.034005
 89.000000 0.037411
 90.000000 0.032300
 91.000000 0.032892
 92.000000 0.032686
 93.000000 0.043757
 94.000000 0.050725
 95.000000 0.053048
 96.000000 0.043532
 97.000000 0.038898
 98.000000 0.039935
 99.000000 0.030856
 100.000000 0.043912
 101.000000 0.032894
 102.000000 0.037246
 103.000000 0.019707
 104.000000 0.046283
 105.000000 0.038044
 106.000000 0.039337
 107.000000 0.030326
 108.000000 0.046263
 109.000000 0.047493
 110.000000 0.037678
 111.000000 0.036398
 112.000000 0.046436
 113.000000 0.050800
 114.000000 0.039256
 115.000000 0.045172
 116.000000 0.050309
 117.000000 0.028278
 118.000000 0.041726
 119.000000 0.045627
 120.000000 0.043363
 121.000000 0.040630
 122.000000 0.056464
 123.000000 0.033279
 124.000000 0.047216
 125.000000 0.045339
 126.000000 0.038673
 127.000000 0.038350
 128.000000 0.043686
 129.000000 0.038637
 130.000000 0.044166
 131.000000 0.038172
 132.000000 0.045424
 133.000000 0.039172
 134.000000 0.048161
 135.000000 0.038239
 136.000000 0.042962
 137.000000 0.031521
 138.000000 0.046456
 139.000000 0.055500
 140.000000 0.048153
 141.000000 0.046835
 142.000000 0.025537
 143.000000 0.047323
 144.000000 0.035760
 145.000000 0.036029
 146.000000 0.028992
 147.000000 0.034427
 148.000000 0.030941
 149.000000 0.037169
 150.000000 0.033953
 151.000000 0.040983
 152.000000 0.046802
 153.000000 0.037283
 154.000000 0.039689
 155.000000 0.042937
 156.000000 0.052235
 157.000000 0.048080
 158.000000 0.034248
 159.000000 0.046855
 160.000000 0.036086
 161.000000 0.041124
 162.000000 0.026670
 163.000000 0.039632
 164.000000 0.040528
 165.000000 0.032348
 166.000000 0.031848
 167.000000 0.032853
 168.000000 0.037122
 169.000000 0.039411
 170.000000 0.025537
 171.000000 0.032879
 172.000000 0.044530
 173.000000 0.046819
 174.000000 0.037622
 175.000000 0.029428
 176.000000 0.044560
 177.000000 0.045919
 178.000000 0.021179
 179.000000 0.029135
 180.000000 0.032558
 181.000000 0.037948
 182.000000 0.026292
 183.000000 0.040808
 184.000000 0.045880
 185.000000 0.048898
 186.000000 0.034533
 187.000000 0.053453
 188.000000 0.038641
 189.000000 0.037291
 190.000000 0.043411
 191.000000 0.032611
 192.000000 0.034497
 193.000000 0.035098
 194.000000 0.036187
 195.000000 0.036287
 196.000000 0.041406
 197.000000 0.029975
 198.000000 0.035703
 199.000000 0.045297
 200.000000 0.042007
 201.000000 0.038726
 202.000000 0.030338
 203.000000 0.040033
 204.000000 0.035156
 205.000000 0.037242
 206.000000 0.032084
 207.000000 0.030460
 208.000000 0.036717
 209.000000 0.052341
 210.000000 0.037732
 211.000000 0.033797
 212.000000 0.038587
 213.000000 0.039438
 214.000000 0.037342
 215.000000 0.047690
 216.000000 0.032864
 217.000000 0.033529
 218.000000 0.050567
 219.000000 0.047354
 220.000000 0.038507
 221.000000 0.037383
 222.000000 0.045722
 223.000000 0.040129
 224.000000 0.042182
 225.000000 0.033279
 226.000000 0.047222
 227.000000 0.036891
 228.000000 0.041548
 229.000000 0.045723
 230.000000 0.044644
 231.000000 0.042805
 232.000000 0.025301
 233.000000 0.034526
 234.000000 0.034523
 235.000000 0.032593
 236.000000 0.041142
 237.000000 0.042317
 238.000000 0.031708
 239.000000 0.043110
 240.000000 0.035673
 241.000000 0.045544
 242.000000 0.039648
 243.000000 0.040498
 244.000000 0.032885
 245.000000 0.043209
 246.000000 0.043986
 247.000000 0.040332
 248.000000 0.053654
 249.000000 0.040844
 250.000000 0.043559
 251.000000 0.033490
 252.000000 0.033017
 253.000000 0.031910
 254.000000 0.037555
 255.000000 0.038339
 256.000000 0.043221
 257.000000 0.037825
 258.000000 0.032013
 259.000000 0.029722
 260.000000 0.044168
 261.000000 0.026753
 262.000000 0.041511
 263.000000 0.038979
 264.000000 0.047705
 265.000000 0.039228
 266.000000 0.048099
 267.000000 0.041414
 268.000000 0.035572
 269.000000 0.035079
 270.000000 0.034056
 271.000000 0.033013
 272.000000 0.043823
 273.000000 0.041179
 274.000000 0.029665
 275.000000 0.039828
 276.000000 0.034791
 277.000000 0.035505
 278.000000 0.039466
 279.000000 0.042941
 280.000000 0.036832
 281.000000 0.038141
 282.000000 0.050567
 283.000000 0.050956
 284.000000 0.043157
 285.000000 0.041017
 286.000000 0.044878
 287.000000 0.026350
 288.000000 0.030211
 289.000000 0.036198
 290.000000 0.036128
 291.000000 0.039714
 292.000000 0.043712
 293.000000 0.035334
 294.000000 0.039951
 295.000000 0.040326
 296.000000 0.039673
 297.000000 0.040361
 298.000000 0.031638
 299.000000 0.038689
 300.000000 0.049129
 301.000000 0.033939
 302.000000 0.030616
 303.000000 0.038241
 304.000000 0.036221
 305.000000 0.035140
 306.000000 0.047604
 307.000000 0.039689
 308.000000 0.034897
 309.000000 0.034739
 310.000000 0.037559
 311.000000 0.055059
 312.000000 0.039896
 313.000000 0.049950
 314.000000 0.036611
 315.000000 0.033312
 316.000000 0.033926
 317.000000 0.035812
 318.000000 0.048029
 319.000000 0.036050
 320.000000 0.030959
 321.000000 0.044643
 322.000000 0.027328
 323.000000 0.042282
 324.000000 0.039694
 325.000000 0.040054
 326.000000 0.048937
 327.000000 0.043213
 328.000000 0.048009
 329.000000 0.054114
 330.000000 0.046970
 331.000000 0.053703
 332.000000 0.037997
 333.000000 0.035211
 334.000000 0.024780
 335.000000 0.039044
 336.000000 0.044435
 337.000000 0.046592
 338.000000 0.047063
 339.000000 0.029874
 340.000000 0.040658
 341.000000 0.036247
 342.000000 0.041574
 343.000000 0.043402
 344.000000 0.040282
 345.000000 0.031012
 346.000000 0.048458
 347.000000 0.032586
 348.000000 0.033499
 349.000000 0.039690
 350.000000 0.038689
 351.000000 0.032793
 352.000000 0.041967
 353.000000 0.046937
 354.000000 0.037950
 355.000000 0.046459
 356.000000 0.050738
 357.000000 0.036487
 358.000000 0.042684
 359.000000 0.031116
 360.000000 0.038539
 361.000000 0.037301
 362.000000 0.034163
 363.000000 0.040483
 364.000000 0.033450
 365.000000 0.043850
 366.000000 0.034139
 367.000000 0.036845
 368.000000 0.037950
 369.000000 0.038073
 370.000000 0.045730
 371.000000 0.036048
 372.000000 0.028428
 373.000000 0.025945
 374.000000 0.042582
 375.000000 0.049117
 376.000000 0.047262
 377.000000 0.045455
 378.000000 0.043444
 379.000000 0.036803
 380.000000 0.039218
 381.000000 0.046192
 382.000000 0.045111
 383.000000 0.045389
 384.000000 0.039093
 385.000000 0.033881
 386.000000 0.033264
 387.000000 0.034179
 388.000000 0.035246
 389.000000 0.036090
 390.000000 0.047670
 391.000000 0.043631
 392.000000 0.039073
 393.000000 0.039772
 394.000000 0.052223
 395.000000 0.034625
 396.000000 0.034784
 397.000000 0.055141
 398.000000 0.031699
 399.000000 0.043350
 400.000000 0.037979
 401.000000 0.035091
 402.000000 0.043861
 403.000000 0.036584
 404.000000 0.038673
 405.000000 0.029753
 406.000000 0.035583
 407.000000 0.041374
 408.000000 0.043484
 409.000000 0.034645
 410.000000 0.037086
 411.000000 0.049992
 412.000000 0.028966
 413.000000 0.038945
 414.000000 0.054234
 415.000000 0.047160
 416.000000 0.034750
 417.000000 0.045456
 418.000000 0.040543
 419.000000 0.037109
 420.000000 0.033358
 421.000000 0.027578
 422.000000 0.033298
 423.000000 0.035970
 424.000000 0.034103
 425.000000 0.045882
 426.000000 0.037460
 427.000000 0.040174
 428.000000 0.035414
 429.000000 0.062170
 430.000000 0.042742
 431.000000 0.048998
 432.000000 0.045412
 433.000000 0.028743
 434.000000 0.040081
 435.000000 0.033512
 436.000000 0.042711
 437.000000 0.041823
 438.000000 0.027001
 439.000000 0.032875
 440.000000 0.030959
 441.000000 0.040610
 442.000000 0.035782
 443.000000 0.040250
 444.000000 0.037789
 445.000000 0.031626
 446.000000 0.045887
 447.000000 0.036944
 448.000000 0.047069
 449.000000 0.025355
 450.000000 0.022860
 451.000000 0.030275
 452.000000 0.039200
 453.000000 0.029202
 454.000000 0.032771
 455.000000 0.037352
 456.000000 0.045403
 457.000000 0.038789
 458.000000 0.037385
 459.000000 0.039616
 460.000000 0.044174
 461.000000 0.037041
 462.000000 0.033640
 463.000000 0.043067
 464.000000 0.038411
 465.000000 0.038742
 466.000000 0.037772
 467.000000 0.043742
 468.000000 0.044684
 469.000000 0.034444
 470.000000 0.039291
 471.000000 0.048779
 472.000000 0.037595
 473.000000 0.044513
 474.000000 0.040818
 475.000000 0.030602
 476.000000 0.056586
 477.000000 0.024892
 478.000000 0.038555
 479.000000 0.039959
 480.000000 0.043366
 481.000000 0.056941
 482.000000 0.029162
 483.000000 0.034668
 484.000000 0.030514
 485.000000 0.045477
 486.000000 0.037076
 487.000000 0.039087
 488.000000 0.031265
 489.000000 0.039419
 490.000000 0.036895
 491.000000 0.041346
 492.000000 0.034101
 493.000000 0.034360
 494.000000 0.033383
 495.000000 0.035035
 496.000000 0.043396
 497.000000 0.033868
 498.000000 0.035240
 499.000000 0.043580
 500.000000 0.042451
 501.000000 0.032488
 502.000000 0.048007
 503.000000 0.046456
 504.000000 0.023348
 505.000000 0.048885
 506.000000 0.029312
 507.000000 0.028699
 508.000000 0.030523
 509.000000 0.032147
 510.000000 0.032127
 511.000000 0.037011
 512.000000 0.034363
 513.000000 0.033953
 514.000000 0.037358
 515.000000 0.040203
 516.000000 0.042516
 517.000000 0.038254
 518.000000 0.024958
 519.000000 0.037365
 520.000000 0.043308
 521.000000 0.020059
 522.000000 0.037962
 523.000000 0.040812
 524.000000 0.045258
 525.000000 0.040163
 526.000000 0.028252
 527.000000 0.040233
 528.000000 0.046743
 529.000000 0.028869
 530.000000 0.035414
 531.000000 0.042381
 532.000000 0.040064
 533.000000 0.047724
 534.000000 0.050915
 535.000000 0.036269
 536.000000 0.043959
 537.000000 0.040307
 538.000000 0.044237
 539.000000 0.039037
 540.000000 0.035592
 541.000000 0.037798
 542.000000 0.037285
 543.000000 0.044138
 544.000000 0.032838
 545.000000 0.049582
 546.000000 0.045268
 547.000000 0.042980
 548.000000 0.038631
 549.000000 0.045152
 550.000000 0.040767
 551.000000 0.047260
 552.000000 0.035932
 553.000000 0.053768
 554.000000 0.042439
 555.000000 0.040440
 556.000000 0.043701
 557.000000 0.032454
 558.000000 0.039276
 559.000000 0.036637
 560.000000 0.023400
 561.000000 0.046176
 562.000000 0.051962
 563.000000 0.041826
 564.000000 0.036926
 565.000000 0.040164
 566.000000 0.039972
 567.000000 0.045169
 568.000000 0.040427
 569.000000 0.051175
 570.000000 0.041445
 571.000000 0.040412
 572.000000 0.047486
 573.000000 0.032077
 574.000000 0.040826
 575.000000 0.035973
 576.000000 0.037920
 577.000000 0.045633
 578.000000 0.034293
 579.000000 0.045205
 580.000000 0.048968
 581.000000 0.033948
 582.000000 0.046852
 583.000000 0.033798
 584.000000 0.043532
 585.000000 0.037889
 586.000000 0.034956
 587.000000 0.040157
 588.000000 0.044799
 589.000000 0.041604
 590.000000 0.048754
 591.000000 0.039964
 592.000000 0.054964
 593.000000 0.033325
 594.000000 0.030639
 595.000000 0.026186
 596.000000 0.038073
 597.000000 0.032018
 598.000000 0.046240
 599.000000 0.044199
 600.000000 0.047709
 601.000000 0.040855
 602.000000 0.026823
 603.000000 0.035567
 604.000000 0.041000
 605.000000 0.029716
 606.000000 0.033164
 607.000000 0.055086
 608.000000 0.045740
 609.000000 0.051503
 610.000000 0.052129
 611.000000 0.047135
 612.000000 0.042415
 613.000000 0.048269
 614.000000 0.039667
 615.000000 0.038868
 616.000000 0.043749
 617.000000 0.045592
 618.000000 0.036933
 619.000000 0.049108
 620.000000 0.033802
 621.000000 0.033873
 622.000000 0.032323
 623.000000 0.053376
 624.000000 0.033835
 625.000000 0.039737
 626.000000 0.041694
 627.000000 0.056156
 628.000000 0.043466
 629.000000 0.036032
 630.000000 0.036812
 631.000000 0.049918
 632.000000 0.052844
 633.000000 0.048127
 634.000000 0.044043
 635.000000 0.032447
 636.000000 0.036032
 637.000000 0.043976
 638.000000 0.039026
 639.000000 0.029090
 640.000000 0.036070
 641.000000 0.035023
 642.000000 0.040397
 643.000000 0.041618
 644.000000 0.029135
 645.000000 0.031126
 646.000000 0.038903
 647.000000 0.034255
 648.000000 0.048835
 649.000000 0.039212
 650.000000 0.050580
 651.000000 0.041998
 652.000000 0.031719
 653.000000 0.039767
 654.000000 0.033279
 655.000000 0.039556
 656.000000 0.054104
 657.000000 0.039173
 658.000000 0.047761
 659.000000 0.032440
 660.000000 0.029882
 661.000000 0.043458
 662.000000 0.034577
 663.000000 0.037165
 664.000000 0.033723
 665.000000 0.040674
 666.000000 0.051930
 667.000000 0.043103
 668.000000 0.037649
 669.000000 0.028913
 670.000000 0.038984
 671.000000 0.040785
 672.000000 0.042963
 673.000000 0.042322
 674.000000 0.039575
 675.000000 0.022062
 676.000000 0.043780
 677.000000 0.035846
 678.000000 0.041426
 679.000000 0.043799
 680.000000 0.044597
 681.000000 0.037085
 682.000000 0.036317
 683.000000 0.041651
 684.000000 0.034048
 685.000000 0.041750
 686.000000 0.037553
 687.000000 0.034036
 688.000000 0.041010
 689.000000 0.042066
 690.000000 0.035710
 691.000000 0.037966
 692.000000 0.040276
 693.000000 0.026858
 694.000000 0.043615
 695.000000 0.051394
 696.000000 0.035765
 697.000000 0.039459
 698.000000 0.052027
 699.000000 0.030693
 700.000000 0.033438
 701.000000 0.051827
 702.000000 0.030377
 703.000000 0.037756
 704.000000 0.036663
 705.000000 0.029789
 706.000000 0.046219
 707.000000 0.049888
 708.000000 0.040939
 709.000000 0.039548
 710.000000 0.045139
 711.000000 0.036069
 712.000000 0.040714
 713.000000 0.039580
 714.000000 0.035344
 715.000000 0.038433
 716.000000 0.053249
 717.000000 0.042738
 718.000000 0.045957
 719.000000 0.035588
 720.000000 0.035507
 721.000000 0.042024
 722.000000 0.039373
 723.000000 0.033696
 724.000000 0.037475
 725.000000 0.023775
 726.000000 0.052551
 727.000000 0.046725
 728.000000 0.037305
 729.000000 0.046533
 730.000000 0.034514
 731.000000 0.035143
 732.000000 0.035700
 733.000000 0.041367
 734.000000 0.047261
 735.000000 0.032843
 736.000000 0.028358
 737.000000 0.042716
 738.000000 0.042783
 739.000000 0.036044
 740.000000 0.044750
 741.000000 0.051770
 742.000000 0.043476
 743.000000 0.032357
 744.000000 0.042406
 745.000000 0.033362
 746.000000 0.035591
 747.000000 0.044838
 748.000000 0.054497
 749.000000 0.036942
 750.000000 0.051573
 751.000000 0.043984
 752.000000 0.042673
 753.000000 0.035114
 754.000000 0.028020
 755.000000 0.046778
 756.000000 0.039866
 757.000000 0.027135
 758.000000 0.039409
 759.000000 0.034158
 760.000000 0.040130
 761.000000 0.031952
 762.000000 0.028971
 763.000000 0.046066
 764.000000 0.053658
 765.000000 0.033321
 766.000000 0.041793
 767.000000 0.038008
 768.000000 0.042988
 769.000000 0.042109
 770.000000 0.025294
 771.000000 0.034293
 772.000000 0.032724
 773.000000 0.040235
 774.000000 0.042714
 775.000000 0.049399
 776.000000 0.030181
 777.000000 0.037715
 778.000000 0.036243
 779.000000 0.029491
 780.000000 0.031960
 781.000000 0.041057
 782.000000 0.045755
 783.000000 0.050112
 784.000000 0.049570
 785.000000 0.037724
 786.000000 0.048119
 787.000000 0.040372
 788.000000 0.044945
 789.000000 0.047521
 790.000000 0.045463
 791.000000 0.035574
 792.000000 0.058856
 793.000000 0.033081
 794.000000 0.038297
 795.000000 0.041603
 796.000000 0.041716
 797.000000 0.041322
 798.000000 0.036356
 799.000000 0.040367
 800.000000 0.036652
 801.000000 0.021565
 802.000000 0.042639
 803.000000 0.038850
 804.000000 0.052206
 805.000000 0.041429
 806.000000 0.041348
 807.000000 0.041430
 808.000000 0.042745
 809.000000 0.038165
 810.000000 0.043577
 811.000000 0.045485
 812.000000 0.038361
 813.000000 0.045881
 814.000000 0.040472
 815.000000 0.036693
 816.000000 0.045974
 817.000000 0.032664
 818.000000 0.033293
 819.000000 0.030018
 820.000000 0.043931
 821.000000 0.029990
 822.000000 0.038363
 823.000000 0.028966
 824.000000 0.036489
 825.000000 0.031474
 826.000000 0.053336
 827.000000 0.033454
 828.000000 0.043331
 829.000000 0.036996
 830.000000 0.038572
 831.000000 0.036859
 832.000000 0.044812
 833.000000 0.034568
 834.000000 0.043945
 835.000000 0.043303
 836.000000 0.030834
 837.000000 0.033322
 838.000000 0.036616
 839.000000 0.037720
 840.000000 0.042466
 841.000000 0.050501
 842.000000 0.044303
 843.000000 0.038031
 844.000000 0.046748
 845.000000 0.043698
 846.000000 0.045986
 847.000000 0.040500
 848.000000 0.042396
 849.000000 0.036645
 850.000000 0.045764
 851.000000 0.045549
 852.000000 0.045981
 853.000000 0.032108
 854.000000 0.044003
 855.000000 0.040318
 856.000000 0.038029
 857.000000 0.030617
 858.000000 0.056953
 859.000000 0.044182
 860.000000 0.046040
 861.000000 0.042686
 862.000000 0.044916
 863.000000 0.038490
 864.000000 0.040895
 865.000000 0.034983
 866.000000 0.038639
 867.000000 0.044957
 868.000000 0.042060
 869.000000 0.031060
 870.000000 0.044226
 871.000000 0.029069
 872.000000 0.029750
 873.000000 0.032479
 874.000000 0.039170
 875.000000 0.039703
 876.000000 0.040346
 877.000000 0.034787
 878.000000 0.044429
 879.000000 0.051778
 880.000000 0.038043
 881.000000 0.023434
 882.000000 0.041637
 883.000000 0.049964
 884.000000 0.035913
 885.000000 0.046723
 886.000000 0.035193
 887.000000 0.036850
 888.000000 0.032514
 889.000000 0.030836
 890.000000 0.043041
 891.000000 0.040690
 892.000000 0.044137
 893.000000 0.039143
 894.000000 0.038215
 895.000000 0.029051
 896.000000 0.039100
 897.000000 0.045753
 898.000000 0.031052
 899.000000 0.033315
 900.000000 0.036972
 901.000000 0.032613
 902.000000 0.041247
 903.000000 0.045153
 904.000000 0.039039
 905.000000 0.039394
 906.000000 0.041689
 907.000000 0.031116
 908.000000 0.038448
 909.000000 0.020162
 910.000000 0.034970
 911.000000 0.049028
 912.000000 0.036736
 913.000000 0.044521
 914.000000 0.041459
 915.000000 0.028119
 916.000000 0.047006
 917.000000 0.039517
 918.000000 0.048962
 919.000000 0.042936
 920.000000 0.037863
 921.000000 0.037472
 922.000000 0.034014
 923.000000 0.052360
 924.000000 0.032798
 925.000000 0.040675
 926.000000 0.040341
 927.000000 0.028302
 928.000000 0.034046
 929.000000 0.039803
 930.000000 0.033377
 931.000000 0.047165
 932.000000 0.049096
 933.000000 0.031188
 934.000000 0.040542
 935.000000 0.042114
 936.000000 0.035829
 937.000000 0.036002
 938.000000 0.034209
 939.000000 0.040314
 940.000000 0.028865
 941.000000 0.045061
 942.000000 0.028538
 943.000000 0.032364
 944.000000 0.046120
 945.000000 0.039170
 946.000000 0.029735
 947.000000 0.036846
 948.000000 0.034987
 949.000000 0.025607
 950.000000 0.042879
 951.000000 0.042009
 952.000000 0.039676
 953.000000 0.037968
 954.000000 0.024623
 955.000000 0.037493
 956.000000 0.037083
 957.000000 0.045211
 958.000000 0.034399
 959.000000 0.028977
 960.000000 0.037458
 961.000000 0.029875
 962.000000 0.035677
 963.000000 0.035671
 964.000000 0.044629
 965.000000 0.029332
 966.000000 0.044907
 967.000000 0.032579
 968.000000 0.038729
 969.000000 0.030125
 970.000000 0.033839
 971.000000 0.050830
 972.000000 0.035732
 973.000000 0.028798
 974.000000 0.040873
 975.000000 0.043309
 976.000000 0.036603
 977.000000 0.040089
 978.000000 0.037294
 979.000000 0.028442
 980.000000 0.022353
 981.000000 0.030764
 982.000000 0.035445
 983.000000 0.045524
 984.000000 0.039526
 985.000000 0.028599
 986.000000 0.039486
 987.000000 0.039587
 988.000000 0.037602
 989.000000 0.044308
 990.000000 0.049273
 991.000000 0.047006
 992.000000 0.042197
 993.000000 0.041582
 994.000000 0.040294
 995.000000 0.033418
 996.000000 0.040203
 997.000000 0.038039
 998.000000 0.037366
 999.000000 0.032561
 1000.000000 0.047856
 1001.000000 0.043698
 1002.000000 0.039619
 1003.000000 0.043074
 1004.000000 0.037551
 1005.000000 0.036053
 1006.000000 0.047169
 1007.000000 0.033806
 1008.000000 0.026738
 1009.000000 0.042947
 1010.000000 0.036795
 1011.000000 0.030255
 1012.000000 0.031848
 1013.000000 0.036471
 1014.000000 0.047654
 1015.000000 0.040685
 1016.000000 0.040653
 1017.000000 0.038476
 1018.000000 0.029984
 1019.000000 0.042833
 1020.000000 0.049699
 1021.000000 0.038256
 1022.000000 0.038629
 1023.000000 0.038256
 1024.000000 0.050668
 1025.000000 0.035985
 1026.000000 0.026945
 1027.000000 0.034872
 1028.000000 0.038562
 1029.000000 0.037855
 1030.000000 0.034863
 1031.000000 0.043415
 1032.000000 0.045948
 1033.000000 0.044279
 1034.000000 0.042522
 1035.000000 0.043774
 1036.000000 0.050169
 1037.000000 0.039448
 1038.000000 0.050777
 1039.000000 0.041039
 1040.000000 0.046712
 1041.000000 0.030552
 1042.000000 0.037243
 1043.000000 0.043352
 1044.000000 0.033347
 1045.000000 0.027257
 1046.000000 0.034540
 1047.000000 0.039487
 1048.000000 0.041413
 1049.000000 0.031173
 1050.000000 0.043902
 1051.000000 0.036746
 1052.000000 0.047192
 1053.000000 0.045208
 1054.000000 0.043772
 1055.000000 0.032946
 1056.000000 0.031569
 1057.000000 0.048510
 1058.000000 0.040252
 1059.000000 0.046295
 1060.000000 0.041570
 1061.000000 0.021545
 1062.000000 0.051465
 1063.000000 0.045574
 1064.000000 0.033780
 1065.000000 0.033104
 1066.000000 0.051580
 1067.000000 0.045909
 1068.000000 0.038370
 1069.000000 0.037327
 1070.000000 0.035896
 1071.000000 0.036608
 1072.000000 0.035008
 1073.000000 0.039275
 1074.000000 0.048784
 1075.000000 0.031791
 1076.000000 0.032235
 1077.000000 0.040508
 1078.000000 0.031266
 1079.000000 0.046923
 1080.000000 0.037043
 1081.000000 0.037184
 1082.000000 0.046008
 1083.000000 0.046311
 1084.000000 0.048486
 1085.000000 0.046150
 1086.000000 0.038722
 1087.000000 0.029794
 1088.000000 0.032029
 1089.000000 0.040720
 1090.000000 0.031236
 1091.000000 0.037238
 1092.000000 0.030709
 1093.000000 0.033730
 1094.000000 0.035355
 1095.000000 0.029124
 1096.000000 0.039275
 1097.000000 0.030765
 1098.000000 0.034726
 1099.000000 0.037756
 1100.000000 0.042620
 1101.000000 0.036872
 1102.000000 0.041868
 1103.000000 0.060140
 1104.000000 0.042736
 1105.000000 0.046871
 1106.000000 0.040751
 1107.000000 0.050327
 1108.000000 0.039255
 1109.000000 0.046223
 1110.000000 0.028623
 1111.000000 0.042153
 1112.000000 0.035095
 1113.000000 0.019117
 1114.000000 0.041496
 1115.000000 0.036917
 1116.000000 0.037228
 1117.000000 0.051696
 1118.000000 0.057325
 1119.000000 0.042202
 1120.000000 0.042580
 1121.000000 0.038083
 1122.000000 0.045668
 1123.000000 0.043588
 1124.000000 0.039926
 1125.000000 0.044023
 1126.000000 0.050431
 1127.000000 0.034706
 1128.000000 0.038931
 1129.000000 0.037855
 1130.000000 0.025962
 1131.000000 0.036592
 1132.000000 0.030799
 1133.000000 0.036021
 1134.000000 0.041770
 1135.000000 0.036810
 1136.000000 0.032838
 1137.000000 0.042307
 1138.000000 0.041459
 1139.000000 0.053331
 1140.000000 0.043155
 1141.000000 0.043066
 1142.000000 0.035103
 1143.000000 0.029860
 1144.000000 0.032344
 1145.000000 0.036743
 1146.000000 0.030758
 1147.000000 0.045729
 1148.000000 0.046024
 1149.000000 0.038805
 1150.000000 0.041203
 1151.000000 0.042357
 1152.000000 0.034243
 1153.000000 0.034955
 1154.000000 0.040254
 1155.000000 0.035053
 1156.000000 0.041922
 1157.000000 0.034027
 1158.000000 0.047520
 1159.000000 0.033801
 1160.000000 0.040553
 1161.000000 0.031140
 1162.000000 0.031685
 1163.000000 0.043059
 1164.000000 0.030307
 1165.000000 0.038739
 1166.000000 0.039150
 1167.000000 0.046416
 1168.000000 0.027387
 1169.000000 0.032505
 1170.000000 0.037077
 1171.000000 0.030117
 1172.000000 0.039372
 1173.000000 0.034569
 1174.000000 0.041529
 1175.000000 0.046676
 1176.000000 0.039656
 1177.000000 0.051313
 1178.000000 0.042647
 1179.000000 0.035750
 1180.000000 0.036375
 1181.000000 0.037673
 1182.000000 0.033275
 1183.000000 0.046575
 1184.000000 0.037231
 1185.000000 0.032670
 1186.000000 0.027339
 1187.000000 0.041774
 1188.000000 0.041691
 1189.000000 0.041117
 1190.000000 0.036640
 1191.000000 0.035892
 1192.000000 0.036227
 1193.000000 0.028993
 1194.000000 0.037532
 1195.000000 0.041074
 1196.000000 0.043116
 1197.000000 0.033316
 1198.000000 0.045796
 1199.000000 0.043567
 1200.000000 0.042924
 1201.000000 0.041032
 1202.000000 0.030517
 1203.000000 0.039294
 1204.000000 0.040909
 1205.000000 0.032661
 1206.000000 0.040902
 1207.000000 0.047517
 1208.000000 0.039205
 1209.000000 0.033020
 1210.000000 0.037255
 1211.000000 0.033636
 1212.000000 0.035798
 1213.000000 0.047157
 1214.000000 0.042990
 1215.000000 0.037174
 1216.000000 0.025946
 1217.000000 0.052375
 1218.000000 0.041003
 1219.000000 0.051628
 1220.000000 0.044476
 1221.000000 0.034759
 1222.000000 0.030066
 1223.000000 0.038060
 1224.000000 0.046567
 1225.000000 0.036924
 1226.000000 0.029270
 1227.000000 0.047584
 1228.000000 0.036686
 1229.000000 0.034585
 1230.000000 0.048414
 1231.000000 0.048538
 1232.000000 0.038766
 1233.000000 0.041245
 1234.000000 0.029199
 1235.000000 0.036402
 1236.000000 0.038372
 1237.000000 0.038177
 1238.000000 0.035682
 1239.000000 0.039001
 1240.000000 0.026356
 1241.000000 0.041601
 1242.000000 0.045593
 1243.000000 0.038501
 1244.000000 0.038788
 1245.000000 0.034929
 1246.000000 0.039289
 1247.000000 0.039796
 1248.000000 0.043717
 1249.000000 0.027146
 1250.000000 0.059398
 1251.000000 0.033623
 1252.000000 0.031513
 1253.000000 0.036299
 1254.000000 0.043674
 1255.000000 0.041646
 1256.000000 0.047102
 1257.000000 0.041218
 1258.000000 0.047452
 1259.000000 0.049224
 1260.000000 0.030701
 1261.000000 0.044534
 1262.000000 0.035820
 1263.000000 0.029488
 1264.000000 0.042080
 1265.000000 0.046782
 1266.000000 0.042172
 1267.000000 0.032589
 1268.000000 0.044125
 1269.000000 0.041710
 1270.000000 0.039706
 1271.000000 0.041874
 1272.000000 0.039250
 1273.000000 0.042088
 1274.000000 0.042571
 1275.000000 0.031365
 1276.000000 0.037746
 1277.000000 0.040888
 1278.000000 0.040164
 1279.000000 0.036379
 1280.000000 0.033612
 1281.000000 0.039486
 1282.000000 0.047621
 1283.000000 0.042737
 1284.000000 0.040714
 1285.000000 0.031855
 1286.000000 0.034380
 1287.000000 0.040291
 1288.000000 0.046529
 1289.000000 0.047671
 1290.000000 0.033198
 1291.000000 0.035439
 1292.000000 0.033473
 1293.000000 0.044573
 1294.000000 0.031576
 1295.000000 0.054994
 1296.000000 0.038396
 1297.000000 0.048073
 1298.000000 0.055886
 1299.000000 0.040674
 1300.000000 0.042357
 1301.000000 0.043675
 1302.000000 0.034189
 1303.000000 0.039978
 1304.000000 0.033171
 1305.000000 0.037800
 1306.000000 0.032554
 1307.000000 0.034366
 1308.000000 0.034956
 1309.000000 0.037608
 1310.000000 0.042338
 1311.000000 0.033618
 1312.000000 0.038328
 1313.000000 0.038725
 1314.000000 0.041106
 1315.000000 0.044549
 1316.000000 0.047249
 1317.000000 0.040238
 1318.000000 0.048586
 1319.000000 0.034385
 1320.000000 0.045081
 1321.000000 0.032868
 1322.000000 0.045424
 1323.000000 0.031096
 1324.000000 0.047716
 1325.000000 0.043725
 1326.000000 0.036206
 1327.000000 0.027594
 1328.000000 0.037966
 1329.000000 0.033926
 1330.000000 0.041582
 1331.000000 0.043910
 1332.000000 0.032129
 1333.000000 0.038786
 1334.000000 0.033808
 1335.000000 0.033808
 1336.000000 0.032215
 1337.000000 0.036918
 1338.000000 0.043049
 1339.000000 0.043247
 1340.000000 0.037369
 1341.000000 0.031623
 1342.000000 0.028061
 1343.000000 0.045758
 1344.000000 0.033818
 1345.000000 0.048739
 1346.000000 0.042219
 1347.000000 0.042546
 1348.000000 0.027984
 1349.000000 0.047583
 1350.000000 0.033278
 1351.000000 0.042511
 1352.000000 0.045174
 1353.000000 0.037409
 1354.000000 0.039681
 1355.000000 0.032039
 1356.000000 0.045271
 1357.000000 0.033356
 1358.000000 0.030901
 1359.000000 0.032410
 1360.000000 0.035079
 1361.000000 0.032128
 1362.000000 0.034024
 1363.000000 0.038712
 1364.000000 0.046037
 1365.000000 0.045610
 1366.000000 0.048423
 1367.000000 0.045434
 1368.000000 0.028976
 1369.000000 0.040209
 1370.000000 0.044053
 1371.000000 0.034030
 1372.000000 0.045165
 1373.000000 0.035701
 1374.000000 0.033321
 1375.000000 0.032514
 1376.000000 0.035917
 1377.000000 0.025234
 1378.000000 0.037982
 1379.000000 0.037698
 1380.000000 0.038972
 1381.000000 0.029559
 1382.000000 0.029919
 1383.000000 0.045259
 1384.000000 0.041262
 1385.000000 0.035891
 1386.000000 0.043571
 1387.000000 0.038222
 1388.000000 0.025250
 1389.000000 0.042136
 1390.000000 0.051440
 1391.000000 0.039991
 1392.000000 0.031774
 1393.000000 0.043345
 1394.000000 0.031921
 1395.000000 0.034863
 1396.000000 0.028297
 1397.000000 0.038043
 1398.000000 0.043362
 1399.000000 0.040555
 1400.000000 0.043437
 1401.000000 0.041841
 1402.000000 0.036345
 1403.000000 0.042359
 1404.000000 0.039616
 1405.000000 0.031576
 1406.000000 0.052281
 1407.000000 0.040545
 1408.000000 0.032681
 1409.000000 0.043595
 1410.000000 0.029467
 1411.000000 0.025598
 1412.000000 0.035856
 1413.000000 0.042472
 1414.000000 0.056325
 1415.000000 0.038689
 1416.000000 0.033735
 1417.000000 0.030927
 1418.000000 0.032141
 1419.000000 0.049543
 1420.000000 0.051892
 1421.000000 0.040611
 1422.000000 0.030235
 1423.000000 0.044744
 1424.000000 0.050364
 1425.000000 0.044224
 1426.000000 0.050821
 1427.000000 0.044112
 1428.000000 0.042447
 1429.000000 0.039347
 1430.000000 0.035892
 1431.000000 0.034572
 1432.000000 0.041671
 1433.000000 0.028641
 1434.000000 0.041227
 1435.000000 0.031196
 1436.000000 0.035728
 1437.000000 0.042015
 1438.000000 0.033694
 1439.000000 0.047340
 1440.000000 0.026218
 1441.000000 0.032824
 1442.000000 0.037545
 1443.000000 0.047559
 1444.000000 0.034492
 1445.000000 0.045651
 1446.000000 0.037698
 1447.000000 0.035988
 1448.000000 0.030633
 1449.000000 0.044832
 1450.000000 0.031293
 1451.000000 0.037115
 1452.000000 0.030689
 1453.000000 0.038130
 1454.000000 0.045682
 1455.000000 0.033592
 1456.000000 0.030490
 1457.000000 0.046467
 1458.000000 0.042409
 1459.000000 0.031293
 1460.000000 0.033851
 1461.000000 0.043861
 1462.000000 0.055918
 1463.000000 0.039173
 1464.000000 0.044446
 1465.000000 0.045089
 1466.000000 0.029759
 1467.000000 0.036316
 1468.000000 0.040180
 1469.000000 0.034958
 1470.000000 0.050027
 1471.000000 0.035613
 1472.000000 0.043176
 1473.000000 0.038955
 1474.000000 0.045987
 1475.000000 0.051274
 1476.000000 0.036311
 1477.000000 0.043552
 1478.000000 0.032842
 1479.000000 0.046410
 1480.000000 0.037472
 1481.000000 0.038246
 1482.000000 0.027306
 1483.000000 0.056104
 1484.000000 0.025573
 1485.000000 0.040012
 1486.000000 0.036133
 1487.000000 0.041929
 1488.000000 0.032379
 1489.000000 0.046280
 1490.000000 0.037920
 1491.000000 0.031949
 1492.000000 0.049448
 1493.000000 0.030798
 1494.000000 0.055418
 1495.000000 0.041466
 1496.000000 0.048030
 1497.000000 0.038116
 1498.000000 0.032984
 1499.000000 0.031882
 1500.000000 0.040692
 1501.000000 0.048746
 1502.000000 0.028667
 1503.000000 0.032675
 1504.000000 0.033305
 1505.000000 0.039888
 1506.000000 0.036644
 1507.000000 0.045764
 1508.000000 0.043945
 1509.000000 0.047308
 1510.000000 0.036946
 1511.000000 0.039371
 1512.000000 0.037264
 1513.000000 0.039195
 1514.000000 0.041710
 1515.000000 0.043136
 1516.000000 0.031403
 1517.000000 0.037738
 1518.000000 0.047395
 1519.000000 0.030483
 1520.000000 0.032258
 1521.000000 0.032768
 1522.000000 0.041097
 1523.000000 0.046711
 1524.000000 0.046271
 1525.000000 0.050539
 1526.000000 0.033424
 1527.000000 0.034970
 1528.000000 0.034047
 1529.000000 0.035268
 1530.000000 0.039268
 1531.000000 0.040525
 1532.000000 0.044468
 1533.000000 0.036816
 1534.000000 0.040609
 1535.000000 0.045394
 1536.000000 0.027566
 1537.000000 0.034363
 1538.000000 0.035005
 1539.000000 0.047131
 1540.000000 0.044655
 1541.000000 0.053693
 1542.000000 0.035072
 1543.000000 0.030390
 1544.000000 0.037019
 1545.000000 0.042330
 1546.000000 0.034466
 1547.000000 0.043002
 1548.000000 0.036025
 1549.000000 0.042049
 1550.000000 0.046340
 1551.000000 0.039110
 1552.000000 0.044911
 1553.000000 0.047420
 1554.000000 0.041557
 1555.000000 0.032609
 1556.000000 0.051647
 1557.000000 0.046925
 1558.000000 0.041841
 1559.000000 0.039378
 1560.000000 0.035420
 1561.000000 0.034700
 1562.000000 0.031285
 1563.000000 0.045657
 1564.000000 0.038994
 1565.000000 0.038045
 1566.000000 0.045882
 1567.000000 0.037700
 1568.000000 0.027789
 1569.000000 0.034723
 1570.000000 0.038344
 1571.000000 0.033551
 1572.000000 0.045221
 1573.000000 0.040834
 1574.000000 0.026960
 1575.000000 0.033284
 1576.000000 0.045481
 1577.000000 0.042698
 1578.000000 0.041136
 1579.000000 0.038500
 1580.000000 0.033747
 1581.000000 0.030090
 1582.000000 0.036299
 1583.000000 0.039591
 1584.000000 0.050009
 1585.000000 0.036846
 1586.000000 0.050716
 1587.000000 0.058746
 1588.000000 0.040094
 1589.000000 0.039289
 1590.000000 0.037995
 1591.000000 0.038734
 1592.000000 0.025851
 1593.000000 0.033063
 1594.000000 0.034274
 1595.000000 0.043186
 1596.000000 0.030963
 1597.000000 0.046416
 1598.000000 0.039188
 1599.000000 0.026389
 1600.000000 0.040334
 1601.000000 0.036226
 1602.000000 0.038318
 1603.000000 0.038078
 1604.000000 0.029926
 1605.000000 0.044804
 1606.000000 0.043714
 1607.000000 0.040117
 1608.000000 0.039986
 1609.000000 0.025906
 1610.000000 0.052593
 1611.000000 0.033497
 1612.000000 0.028622
 1613.000000 0.040272
 1614.000000 0.025639
 1615.000000 0.030172
 1616.000000 0.034845
 1617.000000 0.050569
 1618.000000 0.038391
 1619.000000 0.020950
 1620.000000 0.035635
 1621.000000 0.033204
 1622.000000 0.040355
 1623.000000 0.040994
 1624.000000 0.042271
 1625.000000 0.040376
 1626.000000 0.042787
 1627.000000 0.043450
 1628.000000 0.039833
 1629.000000 0.034155
 1630.000000 0.023265
 1631.000000 0.050239
 1632.000000 0.041452
 1633.000000 0.044743
 1634.000000 0.037877
 1635.000000 0.037531
 1636.000000 0.044574
 1637.000000 0.034224
 1638.000000 0.030856
 1639.000000 0.042286
 1640.000000 0.045915
 1641.000000 0.036746
 1642.000000 0.049265
 1643.000000 0.036642
 1644.000000 0.031760
 1645.000000 0.036273
 1646.000000 0.045088
 1647.000000 0.040818
 1648.000000 0.033717
 1649.000000 0.036219
 1650.000000 0.038576
 1651.000000 0.044213
 1652.000000 0.044936
 1653.000000 0.029572
 1654.000000 0.041351
 1655.000000 0.039301
 1656.000000 0.036157
 1657.000000 0.040140
 1658.000000 0.035194
 1659.000000 0.022889
 1660.000000 0.035172
 1661.000000 0.036509
 1662.000000 0.039901
 1663.000000 0.043041
 1664.000000 0.036312
 1665.000000 0.045739
 1666.000000 0.037537
 1667.000000 0.030484
 1668.000000 0.038119
 1669.000000 0.034902
 1670.000000 0.032827
 1671.000000 0.028539
 1672.000000 0.040179
 1673.000000 0.039347
 1674.000000 0.044115
 1675.000000 0.043231
 1676.000000 0.042497
 1677.000000 0.051230
 1678.000000 0.042686
 1679.000000 0.041730
 1680.000000 0.030019
 1681.000000 0.035765
 1682.000000 0.036924
 1683.000000 0.045504
 1684.000000 0.024777
 1685.000000 0.040421
 1686.000000 0.037101
 1687.000000 0.031071
 1688.000000 0.036921
 1689.000000 0.042955
 1690.000000 0.032108
 1691.000000 0.030776
 1692.000000 0.042816
 1693.000000 0.044339
 1694.000000 0.046482
 1695.000000 0.044230
 1696.000000 0.046883
 1697.000000 0.039833
 1698.000000 0.034562
 1699.000000 0.032128
 1700.000000 0.033148
 1701.000000 0.037376
 1702.000000 0.041379
 1703.000000 0.040822
 1704.000000 0.033707
 1705.000000 0.043491
 1706.000000 0.034742
 1707.000000 0.035625
 1708.000000 0.036002
 1709.000000 0.035039
 1710.000000 0.044920
 1711.000000 0.047560
 1712.000000 0.046278
 1713.000000 0.043308
 1714.000000 0.054927
 1715.000000 0.034498
 1716.000000 0.033227
 1717.000000 0.047579
 1718.000000 0.031688
 1719.000000 0.040677
 1720.000000 0.043860
 1721.000000 0.037117
 1722.000000 0.036360
 1723.000000 0.032885
 1724.000000 0.044509
 1725.000000 0.039806
 1726.000000 0.029067
 1727.000000 0.034953
 1728.000000 0.026293
 1729.000000 0.039786
 1730.000000 0.034363
 1731.000000 0.043242
 1732.000000 0.035266
 1733.000000 0.042035
 1734.000000 0.040175
 1735.000000 0.047734
 1736.000000 0.045494
 1737.000000 0.035895
 1738.000000 0.033723
 1739.000000 0.038624
 1740.000000 0.044028
 1741.000000 0.048603
 1742.000000 0.047741
 1743.000000 0.044977
 1744.000000 0.033482
 1745.000000 0.040863
 1746.000000 0.044270
 1747.000000 0.035124
 1748.000000 0.031493
 1749.000000 0.040555
 1750.000000 0.028994
 1751.000000 0.028580
 1752.000000 0.036976
 1753.000000 0.036053
 1754.000000 0.037728
 1755.000000 0.020258
 1756.000000 0.049109
 1757.000000 0.036276
 1758.000000 0.019727
 1759.000000 0.037134
 1760.000000 0.046128
 1761.000000 0.033817
 1762.000000 0.036512
 1763.000000 0.047797
 1764.000000 0.035146
 1765.000000 0.030076
 1766.000000 0.047039
 1767.000000 0.037281
 1768.000000 0.031371
 1769.000000 0.041083
 1770.000000 0.046383
 1771.000000 0.047131
 1772.000000 0.034613
 1773.000000 0.045454
 1774.000000 0.035948
 1775.000000 0.046075
 1776.000000 0.037413
 1777.000000 0.027430
 1778.000000 0.054883
 1779.000000 0.040554
 1780.000000 0.037979
 1781.000000 0.039019
 1782.000000 0.037493
 1783.000000 0.054313
 1784.000000 0.044481
 1785.000000 0.030989
 1786.000000 0.030724
 1787.000000 0.042259
 1788.000000 0.035129
 1789.000000 0.033663
 1790.000000 0.032237
 1791.000000 0.031274
 1792.000000 0.038196
 1793.000000 0.043029
 1794.000000 0.043473
 1795.000000 0.046342
 1796.000000 0.028605
 1797.000000 0.050509
 1798.000000 0.048906
 1799.000000 0.046841
 1800.000000 0.039188
 1801.000000 0.038971
 1802.000000 0.042746
 1803.000000 0.034809
 1804.000000 0.037633
 1805.000000 0.029032
 1806.000000 0.049778
 1807.000000 0.024491
 1808.000000 0.030732
 1809.000000 0.035057
 1810.000000 0.037845
 1811.000000 0.038929
 1812.000000 0.032191
 1813.000000 0.039768
 1814.000000 0.045541
 1815.000000 0.031846
 1816.000000 0.036285
 1817.000000 0.036219
 1818.000000 0.022783
 1819.000000 0.038932
 1820.000000 0.029547
 1821.000000 0.029279
 1822.000000 0.030359
 1823.000000 0.039559
 1824.000000 0.043357
 1825.000000 0.037374
 1826.000000 0.042914
 1827.000000 0.038674
 1828.000000 0.033807
 1829.000000 0.040230
 1830.000000 0.041665
 1831.000000 0.042795
 1832.000000 0.043613
 1833.000000 0.035882
 1834.000000 0.042861
 1835.000000 0.037312
 1836.000000 0.038907
 1837.000000 0.049521
 1838.000000 0.037425
 1839.000000 0.030728
 1840.000000 0.056751
 1841.000000 0.042531
 1842.000000 0.045548
 1843.000000 0.035569
 1844.000000 0.040501
 1845.000000 0.036468
 1846.000000 0.039927
 1847.000000 0.047623
 1848.000000 0.046211
 1849.000000 0.036966
 1850.000000 0.024435
 1851.000000 0.042696
 1852.000000 0.028690
 1853.000000 0.042789
 1854.000000 0.044745
 1855.000000 0.046217
 1856.000000 0.028305
 1857.000000 0.030261
 1858.000000 0.044035
 1859.000000 0.043095
 1860.000000 0.043743
 1861.000000 0.041022
 1862.000000 0.028804
 1863.000000 0.045004
 1864.000000 0.034318
 1865.000000 0.036599
 1866.000000 0.029536
 1867.000000 0.039223
 1868.000000 0.040744
 1869.000000 0.032880
 1870.000000 0.032870
 1871.000000 0.044418
 1872.000000 0.050412
 1873.000000 0.040875
 1874.000000 0.040868
 1875.000000 0.027527
 1876.000000 0.048617
 1877.000000 0.025552
 1878.000000 0.037385
 1879.000000 0.049857
 1880.000000 0.037625
 1881.000000 0.030992
 1882.000000 0.027109
 1883.000000 0.038367
 1884.000000 0.043079
 1885.000000 0.048229
 1886.000000 0.030231
 1887.000000 0.039241
 1888.000000 0.043672
 1889.000000 0.045454
 1890.000000 0.040720
 1891.000000 0.040973
 1892.000000 0.047526
 1893.000000 0.046591
 1894.000000 0.035587
 1895.000000 0.024944
 1896.000000 0.035657
 1897.000000 0.028987
 1898.000000 0.047477
 1899.000000 0.037519
 1900.000000 0.054888
 1901.000000 0.039410
 1902.000000 0.039241
 1903.000000 0.032428
 1904.000000 0.040079
 1905.000000 0.039461
 1906.000000 0.044217
 1907.000000 0.041260
 1908.000000 0.035670
 1909.000000 0.038144
 1910.000000 0.043420
 1911.000000 0.048005
 1912.000000 0.041895
 1913.000000 0.039337
 1914.000000 0.041488
 1915.000000 0.037206
 1916.000000 0.042380
 1917.000000 0.032466
 1918.000000 0.030670
 1919.000000 0.040043
 1920.000000 0.042403
 1921.000000 0.038449
 1922.000000 0.039179
 1923.000000 0.048774
 1924.000000 0.037137
 1925.000000 0.038847
 1926.000000 0.034402
 1927.000000 0.045128
 1928.000000 0.037242
 1929.000000 0.040851
 1930.000000 0.042307
 1931.000000 0.052039
 1932.000000 0.045319
 1933.000000 0.030521
 1934.000000 0.045624
 1935.000000 0.033440
 1936.000000 0.038815
 1937.000000 0.042574
 1938.000000 0.044130
 1939.000000 0.043064
 1940.000000 0.046230
 1941.000000 0.042838
 1942.000000 0.040389
 1943.000000 0.039101
 1944.000000 0.040758
 1945.000000 0.043082
 1946.000000 0.043488
 1947.000000 0.040167
 1948.000000 0.042933
 1949.000000 0.031238
 1950.000000 0.024039
 1951.000000 0.050383
 1952.000000 0.028622
 1953.000000 0.031996
 1954.000000 0.031765
 1955.000000 0.040821
 1956.000000 0.031449
 1957.000000 0.042992
 1958.000000 0.035346
 1959.000000 0.043089
 1960.000000 0.033424
 1961.000000 0.034315
 1962.000000 0.042032
 1963.000000 0.025045
 1964.000000 0.033829
 1965.000000 0.034756
 1966.000000 0.027511
 1967.000000 0.043032
 1968.000000 0.024836
 1969.000000 0.040971
 1970.000000 0.037371
 1971.000000 0.041491
 1972.000000 0.042341
 1973.000000 0.041362
 1974.000000 0.041860
 1975.000000 0.031237
 1976.000000 0.040955
 1977.000000 0.036994
 1978.000000 0.046744
 1979.000000 0.044452
 1980.000000 0.038254
 1981.000000 0.030395
 1982.000000 0.036353
 1983.000000 0.040823
 1984.000000 0.038547
 1985.000000 0.031197
 1986.000000 0.042295
 1987.000000 0.039939
 1988.000000 0.024562
 1989.000000 0.043225
 1990.000000 0.036855
 1991.000000 0.041055
 1992.000000 0.049891
 1993.000000 0.038369
 1994.000000 0.053214
 1995.000000 0.034869
 1996.000000 0.034673
 1997.000000 0.032676
 1998.000000 0.033445
 1999.000000 0.048767
 2000.000000 0.027476
