#! FIELDS time d1 d2
 0.000000 0.038053 0.149284
 1.000000 0.041838 0.140766
 2.000000 0.021667 0.145940
 3.000000 0.036388 0.150955
 4.000000 0.046120 0.143768
 5.000000 0.051502 0.167100
 6.000000 0.062239 0.172690
 7.000000 0.022436 0.152207
 8.000000 0.068803 0.175676
 9.000000 0.031764 0.133553
 10.000000 0.056078 0.163464
 11.000000 0.094105 0.212438
 12.000000 0.070247 0.199934
 13.000000 0.094890 0.216040
 14.000000 0.079225 0.188203
 15.000000 0.093331 0.203920
 16.000000 0.084733 0.223670
 17.000000 0.087303 0.211548
 18.000000 0.063614 0.192585
 19.000000 0.090835 0.200262
 20.000000 0.106561 0.205465
 21.000000 0.069509 0.201300
 22.000000 0.061516 0.157810
 23.000000 0.066789 0.184697
 24.000000 0.085780 0.199569
 25.000000 0.064334 0.178108
 26.000000 0.027103 0.130601
 27.000000 0.056564 0.179856
 28.000000 0.009233 0.105907
 29.000000 0.032232 0.167485
 30.000000 0.042082 0.163605
 31.000000 0.039552 0.143962
 32.000000 0.060379 0.164186
 33.000000 0.040956 0.144709
 34.000000 0.039037 0.163603
 35.000000 0.054476 0.153617
 36.000000 0.063252 0.156441
 37.000000 0.037348 0.156627
 38.000000 0.029607 0.167779
 39.000000 0.036786 0.132084
 40.000000 0.047209 0.160063
 41.000000 0.018365 0.137675
 42.000000 0.002887 0.127024
 43.000000 0.014473 0.127735
 44.000000 0.006756 0.104743
 45.000000 0.019918 0.134732
 46.000000 0.003716 0.102366
 47.000000 0.002718 0.100425
 48.000000 0.015437 0.118254
 49.000000 0.001564 0.112847
 50.000000 0.001118 0.113682
 51.000000 0.027698 0.126448
 52.000000 0.002223 0.092488
 53.000000 0.023068 0.107442
 54.000000 0.022192 0.107619
 55.000000 0.030717 0.132989
 56.000000 0.015263 0.115886
 57.000000 0.001536 0.097268
 58.000000 0.003671 0.095440
 59.000000 0.026222 0.143109
 60.000000 0.017964 0.113666
 61.000000 0.025881 0.121656
 62.000000 0.019232 0.106080
 63.000000 0.063915 0.149816
 64.000000 0.038784 0.133848
 65.000000 0.046602 0.119451
 66.000000 0.002115 0.115411
 67.000000 0.028971 0.127582
 68.000000 0.042917 0.157843
 69.000000 0.045795 0.149156
 70.000000 0.049846 0.149271
 71.000000 0.022575 0.107012
 72.000000 0.036291 0.127190
 73.000000 0.046091 0.154157
 74.000000 0.041171 0.147703
 75.000000 0.062551 0.171462
 76.000000 0.065195 0.181377
 77.000000 0.057661 0.173137
 78.000000 0.037544 0.147579
 79.000000 0.039984 0.152067
 80.000000 0.034447 0.143808
 81.000000 0.051220 0.163591
 82.000000 0.041887 0.158473
 83.000000 0.033810 0.131858
 84.000000 0.057159 0.156206
 85.000000 0.037267 0.138484
 86.000000 0.053498 0.160554
 87.000000 0.018222 0.121244
 88.000000 0.030617 0.104780
 89.000000 0.036198 0.129789
 90.000000 0.060484 0.167706
 91.000000 0.048884 0.123850
 92.000000 0.032952 0.157830
 93.000000 0.017834 0.104288
 94.000000 0.022736 0.135261
 95.000000 0.047433 0.143065
 96.000000 0.051507 0.173099
 97.000000 0.013632 0.111758
 98.000000 0.033659 0.124279
 99.000000 0.033610 0.140903
 100.000000 0.010911 0.122231
 101.000000 0.046539 0.149486
 102.000000 0.060127 0.186058
 103.000000 0.044089 0.123040
 104.000000 0.041217 0.158719
 105.000000 0.048203 0.149036
 106.000000 0.057452 0.171120
 107.000000 0.064542 0.183022
 108.000000 0.014419 0.085528
 109.000000 0.037689 0.143997
 110.000000 0.017294 0.110406
 111.000000 0.047774 0.165833
 112.000000 0.055085 0.154113
 113.000000 0.031009 0.155473
 114.000000 0.044460 0.154560
 115.000000 0.001433 0.092901
 116.000000 0.023491 0.114046
 117.000000 0.035867 0.148471
 118.000000 0.062313 0.181816
 119.000000 0.023937 0.129168
 120.000000 0.047761 0.155114
 121.000000 0.028656 0.142693
 122.000000 0.030524 0.134044
 123.000000 0.023820 0.119769
 124.000000 0.043598 0.147613
 125.000000 0.013838 0.127852
 126.000000 0.016242 0.124902
 127.000000 0.014020 0.110308
 128.000000 0.035277 0.136711
 129.000000 0.015968 0.118202
 130.000000 0.016182 0.115334
 131.000000 0.048548 0.169711
 132.000000 0.000850 0.090632
 133.000000 0.015816 0.112180
 134.000000 0.035519 0.140275
 135.000000 0.048067 0.142041
 136.000000 0.046099 0.165348
 137.000000 0.033804 0.148564
 138.000000 0.024038 0.119645
 139.000000 0.001833 0.112015
 140.000000 0.023076 0.125733
 141.000000 0.017235 0.130771
 142.000000 0.022352 0.135648
 143.000000 0.033306 0.151582
 144.000000 0.030723 0.136574
 145.000000 0.027445 0.141774
 146.000000 0.036345 0.147378
 147.000000 0.035375 0.144299
 148.000000 0.033369 0.128149
 149.000000 0.054723 0.183019
 150.000000 0.031767 0.104978
 151.000000 0.033206 0.139296
 152.000000 0.046244 0.162078
 153.000000 0.053444 0.174169
 154.000000 0.041369 0.146633
 155.000000 0.023738 0.131071
 156.000000 0.053336 0.181163
 157.000000 0.018692 0.120185
 158.000000 0.047802 0.154614
 159.000000 0.038455 0.158929
 160.000000 0.030900 0.142190
 161.000000 0.042494 0.144044
 162.000000 0.030807 0.131578
 163.000000 0.055886 0.171166
 164.000000 0.056288 0.148567
 165.000000 0.039203 0.165074
 166.000000 0.030973 0.124031
 167.000000 0.049056 0.173085
 168.000000 0.041348 0.163548
 169.000000 0.020897 0.107460
 170.000000 0.045578 0.151067
 171.000000 0.036219 0.150409
 172.000000 0.039002 0.155139
 173.000000 0.029621 0.138928
 174.000000 0.038888 0.134655
 175.000000 0.033963 0.130048
 176.000000 0.035775 0.140675
 177.000000 0.019256 0.124796
 178.000000 0.035524 0.143766
 179.000000 0.031323 0.140029
 180.000000 0.015573 0.104063
 181.000000 0.019914 0.128413
 182.000000 0.018060 0.130303
 183.000000 0.036713 0.135069
 184.000000 0.015464 0.129344
 185.000000 0.059905 0.171264
 186.000000 0.049361 0.154897
 187.000000 0.028988 0.128482
 188.000000 0.025563 0.137528
 189.000000 0.033003 0.146685
 190.000000 0.044587 0.165134
 191.000000 0.055586 0.181997
 192.000000 0.039493 0.150889
 193.000000 0.045115 0.159021
 194.000000 0.021130 0.133432
 195.000000 0.035646 0.146215
 196.000000 0.055050 0.172551
 197.000000 0.033434 0.152939
 198.000000 0.057542 0.179164
 199.000000 0.052329 0.162240
 200.000000 0.033235 0.136516
 201.000000 0.025389 0.140673
 202.000000 0.014768 0.108831
 203.000000 0.050319 0.167165
 204.000000 0.040932 0.156766
 205.000000 0.046223 0.161462
 206.000000 0.025384 0.130897
 207.000000 0.048320 0.178019
 208.000000 0.027348 0.140777
 209.000000 0.028008 0.138424
 210.000000 0.036105 0.149421
 211.000000 0.025203 0.133723
 212.000000 0.044099 0.150502
 213.000000 0.033668 0.120402
 214.000000 0.024234 0.132129
 215.000000 0.019308 0.109200
 216.000000 0.012925 0.124477
 217.000000 0.036525 0.157216
 218.000000 0.035450 0.128257
 219.000000 0.031593 0.145344
 220.000000 0.025826 0.131488
 221.000000 0.012734 0.096101
 222.000000 0.038242 0.153723
 223.000000 0.030042 0.131502
 224.000000 0.055809 0.155050
 225.000000 0.072002 0.199647
 226.000000 0.070652 0.183695
 227.000000 0.091232 0.207865
 228.000000 0.076241 0.183503
 229.000000 0.065034 0.173761
 230.000000 0.153132 0.244513
 231.000000 0.165493 0.257859
 232.000000 0.174471 0.264248
 233.000000 0.138696 0.257959
 234.000000 0.139831 0.223945
 235.000000 0.159102 0.252187
 236.000000 0.133256 0.211367
 237.000000 0.152425 0.248016
 238.000000 0.141492 0.241551
 239.000000 0.164332 0.251495
 240.000000 0.177410 0.254247
 241.000000 0.166576 0.255700
 242.000000 0.166127 0.236466
 243.000000 0.160319 0.242148
 244.000000 0.152893 0.240299
 245.000000 0.179559 0.268900
 246.000000 0.185224 0.257980
 247.000000 0.182220 0.275859
 248.000000 0.174308 0.266438
 249.000000 0.192276 0.258580
 250.000000 0.157606 0.236037
 251.000000 0.147421 0.237113
 252.000000 0.152326 0.234178
 253.000000 0.166543 0.254989
 254.000000 0.145112 0.248393
 255.000000 0.137489 0.231868
 256.000000 0.154746 0.244518
 257.000000 0.153130 0.237568
 258.000000 0.115251 0.240232
 259.000000 0.152066 0.262597
 260.000000 0.135040 0.230047
 261.000000 0.152506 0.225942
 262.000000 0.166785 0.252040
 263.000000 0.153036 0.234054
 264.000000 0.167289 0.246953
 265.000000 0.157066 0.263800
 266.000000 0.102417 0.220241
 267.000000 0.124616 0.239746
 268.000000 0.118714 0.214739
 269.000000 0.122341 0.248923
 270.000000 0.127226 0.179000
 271.000000 0.114187 0.176079
 272.000000 0.118851 0.170476
 273.000000 0.126093 0.172291
 274.000000 0.114764 0.172338
 275.000000 0.115670 0.179408
 276.000000 0.122039 0.162739
 277.000000 0.113374 0.160574
 278.000000 0.127549 0.149087
 279.000000 0.118904 0.196307
 280.000000 0.116805 0.190957
 281.000000 0.132936 0.175540
 282.000000 0.131284 0.162092
 283.000000 0.139850 0.164760
 284.000000 0.122439 0.163489
 285.000000 0.119430 0.162199
 286.000000 0.124649 0.162177
 287.000000 0.119318 0.199656
 288.000000 0.117943 0.160274
 289.000000 0.127868 0.194688
 290.000000 0.137742 0.192234
 291.000000 0.179500 0.223480
 292.000000 0.123947 0.170790
 293.000000 0.120896 0.183467
 294.000000 0.120136 0.173631
 295.000000 0.127568 0.181363
 296.000000 0.115239 0.158728
 297.000000 0.115091 0.162390
 298.000000 0.116146 0.182083
 299.000000 0.108625 0.201600
 300.000000 0.118478 0.166590
 301.000000 0.136581 0.163379
 302.000000 0.153081 0.165786
 303.000000 0.116981 0.172662
 304.000000 0.120777 0.159288
 305.000000 0.126011 0.173180
 306.000000 0.106762 0.178612
 307.000000 0.112116 0.164836
 308.000000 0.101408 0.159893
 309.000000 0.113699 0.172872
 310.000000 0.103361 0.184260
 311.000000 0.110421 0.168837
 312.000000 0.113710 0.157748
 313.000000 0.113043 0.185037
 314.000000 0.097223 0.147641
 315.000000 0.111424 0.163694
 316.000000 0.114172 0.181789
 317.000000 0.122879 0.177456
 318.000000 0.111094 0.163551
 319.000000 0.148378 0.183299
 320.000000 0.111707 0.183528
 321.000000 0.108654 0.185687
 322.000000 0.108543 0.153670
 323.000000 0.129577 0.199103
 324.000000 0.135996 0.183548
 325.000000 0.113174 0.153186
 326.000000 0.116448 0.182248
 327.000000 0.124017 0.178280
 328.000000 0.138090 0.192751
 329.000000 0.113322 0.168512
 330.000000 0.142539 0.190576
 331.000000 0.142849 0.202124
 332.000000 0.130816 0.178864
 333.000000 0.146665 0.211083
 334.000000 0.129600 0.209726
 335.000000 0.141506 0.195069
 336.000000 0.152411 0.174195
 337.000000 0.170730 0.232736
 338.000000 0.172612 0.204302
 339.000000 0.139131 0.177040
 340.000000 0.164032 0.224087
 341.000000 0.162532 0.231597
 342.000000 0.178321 0.209314
 343.000000 0.165554 0.222276
 344.000000 0.152526 0.218984
 345.000000 0.170520 0.229258
 346.000000 0.186053 0.227936
 347.000000 0.161603 0.189357
 348.000000 0.174490 0.239689
 349.000000 0.170715 0.219485
 350.000000 0.187961 0.248017
 351.000000 0.180366 0.227129
 352.000000 0.169610 0.235967
 353.000000 0.160372 0.218091
 354.000000 0.190592 0.236878
 355.000000 0.199798 0.243617
 356.000000 0.200266 0.234795
 357.000000 0.177813 0.231489
 358.000000 0.181806 0.257049
 359.000000 0.148290 0.215469
 360.000000 0.133790 0.229375
 361.000000 0.156200 0.225454
 362.000000 0.203124 0.244048
 363.000000 0.198820 0.262670
 364.000000 0.193089 0.242810
 365.000000 0.167906 0.263001
 366.000000 0.207258 0.244209
 367.000000 0.219091 0.291283
 368.000000 0.227869 0.263624
 369.000000 0.217763 0.274990
 370.000000 0.159916 0.199836
 371.000000 0.180987 0.217789
 372.000000 0.193374 0.238413
 373.000000 0.158005 0.222308
 374.000000 0.165282 0.209232
 375.000000 0.159431 0.234841
 376.000000 0.166629 0.220362
 377.000000 0.179256 0.246910
 378.000000 0.192179 0.259378
 379.000000 0.164504 0.209702
 380.000000 0.202363 0.262801
 381.000000 0.194425 0.219662
 382.000000 0.164823 0.220983
 383.000000 0.175332 0.253101
 384.000000 0.160946 0.204071
 385.000000 0.208746 0.272781
 386.000000 0.137451 0.214027
 387.000000 0.144589 0.163857
 388.000000 0.149715 0.191739
 389.000000 0.153569 0.191514
 390.000000 0.144339 0.187607
 391.000000 0.144233 0.176630
 392.000000 0.139038 0.195991
 393.000000 0.155926 0.180609
 394.000000 0.155907 0.197867
 395.000000 0.165907 0.193551
 396.000000 0.194063 0.241177
 397.000000 0.169672 0.222351
 398.000000 0.169133 0.228142
 399.000000 0.204287 0.233717
 400.000000 0.216538 0.268956
 401.000000 0.192369 0.246581
 402.000000 0.203014 0.240341
 403.000000 0.198639 0.240091
 404.000000 0.206700 0.276822
 405.000000 0.177994 0.239516
 406.000000 0.168651 0.249327
 407.000000 0.145136 0.222570
 408.000000 0.164581 0.237084
 409.000000 0.174881 0.218413
 410.000000 0.145010 0.204614
 411.000000 0.153136 0.229710
 412.000000 0.192053 0.251400
 413.000000 0.186954 0.235083
 414.000000 0.222912 0.262980
 415.000000 0.219099 0.275344
 416.000000 0.217039 0.263118
 417.000000 0.215160 0.241783
 418.000000 0.220240 0.245314
 419.000000 0.233456 0.277527
 420.000000 0.204812 0.249454
 421.000000 0.225893 0.294995
 422.000000 0.240510 0.272090
 423.000000 0.222720 0.288822
 424.000000 0.228106 0.289863
 425.000000 0.218002 0.251733
 426.000000 0.184450 0.230684
 427.000000 0.176452 0.227881
 428.000000 0.184634 0.241431
 429.000000 0.170557 0.219687
 430.000000 0.183608 0.234103
 431.000000 0.166388 0.219642
 432.000000 0.197673 0.253152
 433.000000 0.216624 0.262332
 434.000000 0.180140 0.228826
 435.000000 0.157716 0.198512
 436.000000 0.152736 0.225143
 437.000000 0.176297 0.220720
 438.000000 0.194198 0.246783
 439.000000 0.193267 0.242782
 440.000000 0.191495 0.223452
 441.000000 0.177554 0.260138
 442.000000 0.163777 0.236144
 443.000000 0.181484 0.227907
 444.000000 0.194805 0.245848
 445.000000 0.175022 0.237185
 446.000000 0.167633 0.213276
 447.000000 0.181642 0.254044
 448.000000 0.216266 0.267540
 449.000000 0.181836 0.233085
 450.000000 0.177944 0.221028
 451.000000 0.175960 0.234781
 452.000000 0.170344 0.232373
 453.000000 0.146381 0.256345
 454.000000 0.174811 0.238236
 455.000000 0.166949 0.217699
 456.000000 0.196304 0.249753
 457.000000 0.141698 0.209669
 458.000000 0.183743 0.230199
 459.000000 0.126757 0.171611
 460.000000 0.146923 0.193235
 461.000000 0.139065 0.238022
 462.000000 0.159229 0.244750
 463.000000 0.122662 0.217630
 464.000000 0.155467 0.219707
 465.000000 0.169881 0.230144
 466.000000 0.131077 0.225945
 467.000000 0.140313 0.200807
 468.000000 0.202556 0.234226
 469.000000 0.188769 0.231632
 470.000000 0.151619 0.201119
 471.000000 0.176355 0.236251
 472.000000 0.165079 0.207613
 473.000000 0.155746 0.179884
 474.000000 0.152070 0.198125
 475.000000 0.140723 0.163825
 476.000000 0.120921 0.196601
 477.000000 0.137195 0.183551
 478.000000 0.137846 0.181846
 479.000000 0.136879 0.185900
 480.000000 0.127576 0.176456
 481.000000 0.131692 0.182318
 482.000000 0.123118 0.195203
 483.000000 0.117254 0.172098
 484.000000 0.138166 0.172891
 485.000000 0.121866 0.171378
 486.000000 0.120847 0.183411
 487.000000 0.132195 0.189571
 488.000000 0.116038 0.147418
 489.000000 0.135589 0.143109
 490.000000 0.124789 0.171067
 491.000000 0.111168 0.164742
 492.000000 0.109036 0.175927
 493.000000 0.109703 0.196178
 494.000000 0.128763 0.175604
 495.000000 0.130720 0.189511
 496.000000 0.121271 0.184688
 497.000000 0.112926 0.172261
 498.000000 0.128669 0.229516
 499.000000 0.148321 0.262406
 500.000000 0.167247 0.235810
 501.000000 0.187698 0.234600
 502.000000 0.126099 0.227052
 503.000000 0.151980 0.218408
 504.000000 0.159610 0.218655
 505.000000 0.136659 0.241380
 506.000000 0.170015 0.241210
 507.000000 0.133977 0.221696
 508.000000 0.162599 0.246731
 509.000000 0.147492 0.228246
 510.000000 0.175080 0.268188
 511.000000 0.154105 0.251606
 512.000000 0.116300 0.211990
 513.000000 0.137958 0.232473
 514.000000 0.148960 0.268405
 515.000000 0.152645 0.238646
 516.000000 0.134416 0.228864
 517.000000 0.131178 0.229219
 518.000000 0.146527 0.234266
 519.000000 0.128415 0.245411
 520.000000 0.133315 0.241182
 521.000000 0.115733 0.187838
 522.000000 0.147586 0.221450
 523.000000 0.122660 0.225968
 524.000000 0.152894 0.243516
 525.000000 0.114346 0.235151
 526.000000 0.136637 0.228263
 527.000000 0.118238 0.220395
 528.000000 0.137979 0.226290
 529.000000 0.136509 0.235058
 530.000000 0.131139 0.225329
 531.000000 0.129979 0.260924
 532.000000 0.142484 0.243657
 533.000000 0.143997 0.237300
 534.000000 0.162358 0.255777
 535.000000 0.142064 0.238277
 536.000000 0.163861 0.239322
 537.000000 0.140077 0.210466
 538.000000 0.147423 0.245099
 539.000000 0.161324 0.236258
 540.000000 0.190258 0.263268
 541.000000 0.169930 0.244512
 542.000000 0.149759 0.224367
 543.000000 0.172139 0.258721
 544.000000 0.192072 0.266663
 545.000000 0.159915 0.233428
 546.000000 0.174765 0.225890
 547.000000 0.155048 0.237941
 548.000000 0.153046 0.225446
 549.000000 0.145802 0.250948
 550.000000 0.153792 0.225981
 551.000000 0.137514 0.208867
 552.000000 0.187119 0.223467
 553.000000 0.160223 0.236425
 554.000000 0.181262 0.256435
 555.000000 0.186808 0.242186
 556.000000 0.165691 0.233466
 557.000000 0.136037 0.243094
 558.000000 0.147993 0.235081
 559.000000 0.170957 0.245060
 560.000000 0.157143 0.233528
 561.000000 0.111395 0.184003
 562.000000 0.114326 0.188018
 563.000000 0.108789 0.206885
 564.000000 0.143730 0.208323
 565.000000 0.121300 0.186631
 566.000000 0.103405 0.193306
 567.000000 0.111608 0.218851
 568.000000 0.114282 0.175585
 569.000000 0.119303 0.161166
 570.000000 0.124461 0.209260
 571.000000 0.121126 0.193579
 572.000000 0.145340 0.191406
 573.000000 0.093081 0.182642
 574.000000 0.120514 0.206113
 575.000000 0.106372 0.187070
 576.000000 0.111451 0.196513
 577.000000 0.117085 0.171397
 578.000000 0.122868 0.206296
 579.000000 0.116306 0.197776
 580.000000 0.113440 0.193473
 581.000000 0.105591 0.169367
 582.000000 0.117018 0.154562
 583.000000 0.136976 0.168431
 584.000000 0.117605 0.162472
 585.000000 0.107802 0.151623
 586.000000 0.120590 0.161572
 587.000000 0.121292 0.155112
 588.000000 0.127304 0.180500
 589.000000 0.152157 0.193476
 590.000000 0.122431 0.185431
 591.000000 0.122865 0.169146
 592.000000 0.115151 0.172625
 593.000000 0.112590 0.168244
 594.000000 0.126361 0.173422
 595.000000 0.134871 0.161355
 596.000000 0.123251 0.145766
 597.000000 0.132087 0.189633
 598.000000 0.114381 0.157960
 599.000000 0.110005 0.167826
 600.000000 0.127795 0.144812
 601.000000 0.126347 0.157068
 602.000000 0.129263 0.164765
 603.000000 0.107428 0.158330
 604.000000 0.142961 0.173502
 605.000000 0.126583 0.163722
 606.000000 0.124544 0.169770
 607.000000 0.120607 0.151946
 608.000000 0.115331 0.159998
 609.000000 0.116915 0.170006
 610.000000 0.136185 0.160471
 611.000000 0.121179 0.154474
 612.000000 0.121130 0.145758
 613.000000 0.115042 0.161830
 614.000000 0.121518 0.151264
 615.000000 0.113455 0.148284
 616.000000 0.124588 0.166432
 617.000000 0.113342 0.165614
 618.000000 0.118052 0.149843
 619.000000 0.113122 0.163965
 620.000000 0.122432 0.172006
 621.000000 0.106960 0.155808
 622.000000 0.123630 0.161980
 623.000000 0.132590 0.159126
 624.000000 0.133202 0.159450
 625.000000 0.110477 0.170243
 626.000000 0.116416 0.184455
 627.000000 0.110816 0.162366
 628.000000 0.120790 0.159909
 629.000000 0.114240 0.173815
 630.000000 0.112883 0.156732
 631.000000 0.124505 0.181272
 632.000000 0.105509 0.161408
 633.000000 0.127485 0.174547
 634.000000 0.133966 0.168850
 635.000000 0.127747 0.164223
 636.000000 0.141314 0.192076
 637.000000 0.122638 0.183595
 638.000000 0.110765 0.172448
 639.000000 0.113164 0.171332
 640.000000 0.122468 0.160164
 641.000000 0.118710 0.179194
 642.000000 0.137787 0.170122
 643.000000 0.132104 0.152296
 644.000000 0.125930 0.182937
 645.000000 0.143035 0.167859
 646.000000 0.142367 0.169574
 647.000000 0.119527 0.185756
 648.000000 0.125337 0.153278
 649.000000 0.169532 0.166724
 650.000000 0.130132 0.170481
 651.000000 0.136010 0.171554
 652.000000 0.127131 0.165363
 653.000000 0.116990 0.167700
 654.000000 0.111766 0.145268
 655.000000 0.111751 0.155734
 656.000000 0.119300 0.181200
 657.000000 0.119309 0.158565
 658.000000 0.152074 0.165514
 659.000000 0.153758 0.152870
 660.000000 0.157092 0.150633
 661.000000 0.121619 0.176588
 662.000000 0.109510 0.176849
 663.000000 0.107934 0.160874
 664.000000 0.135139 0.181064
 665.000000 0.138395 0.190941
 666.000000 0.141767 0.192923
 667.000000 0.131042 0.186450
 668.000000 0.140609 0.172385
 669.000000 0.121920 0.183506
 670.000000 0.169181 0.166359
 671.000000 0.134477 0.168781
 672.000000 0.143385 0.178113
 673.000000 0.164849 0.165851
 674.000000 0.157965 0.181732
 675.000000 0.114371 0.156552
 676.000000 0.120709 0.151288
 677.000000 0.113493 0.149952
 678.000000 0.152629 0.198071
 679.000000 0.125706 0.183300
 680.000000 0.147035 0.169424
 681.000000 0.144355 0.201979
 682.000000 0.153643 0.162007
 683.000000 0.156159 0.221305
 684.000000 0.150834 0.194339
 685.000000 0.167221 0.189562
 686.000000 0.156407 0.181094
 687.000000 0.157069 0.199970
 688.000000 0.130929 0.190794
 689.000000 0.134434 0.179425
 690.000000 0.112743 0.145718
 691.000000 0.129836 0.150644
 692.000000 0.126535 0.151147
 693.000000 0.121000 0.169212
 694.000000 0.108648 0.162445
 695.000000 0.124061 0.159478
 696.000000 0.107248 0.152794
 697.000000 0.106473 0.185400
 698.000000 0.106532 0.174675
 699.000000 0.109007 0.155953
 700.000000 0.116863 0.155418
 701.000000 0.113713 0.159901
 702.000000 0.121578 0.164111
 703.000000 0.125745 0.170171
 704.000000 0.127478 0.149834
 705.000000 0.137958 0.183074
 706.000000 0.141136 0.179822
 707.000000 0.110346 0.151652
 708.000000 0.122603 0.121806
 709.000000 0.118677 0.147513
 710.000000 0.143840 0.188612
 711.000000 0.135326 0.173181
 712.000000 0.139214 0.175690
 713.000000 0.131698 0.176696
 714.000000 0.148625 0.194130
 715.000000 0.137338 0.179419
 716.000000 0.110023 0.188026
 717.000000 0.124671 0.202240
 718.000000 0.137654 0.178126
 719.000000 0.168204 0.196484
 720.000000 0.120108 0.197394
 721.000000 0.111864 0.205378
 722.000000 0.170044 0.268654
 723.000000 0.185134 0.241223
 724.000000 0.150716 0.224970
 725.000000 0.162891 0.220999
 726.000000 0.171513 0.239742
 727.000000 0.199623 0.262602
 728.000000 0.150621 0.230546
 729.000000 0.165845 0.247596
 730.000000 0.168753 0.253723
 731.000000 0.181089 0.238637
 732.000000 0.172802 0.252270
 733.000000 0.181916 0.244278
 734.000000 0.137257 0.211352
 735.000000 0.154156 0.250136
 736.000000 0.165484 0.221645
 737.000000 0.176024 0.254914
 738.000000 0.167385 0.242193
 739.000000 0.161693 0.240297
 740.000000 0.143691 0.229095
 741.000000 0.152038 0.223606
 742.000000 0.166159 0.248652
 743.000000 0.174277 0.251435
 744.000000 0.158999 0.224585
 745.000000 0.184497 0.230406
 746.000000 0.148942 0.202373
 747.000000 0.189603 0.251029
 748.000000 0.182344 0.247893
 749.000000 0.171100 0.246229
 750.000000 0.182218 0.246988
 751.000000 0.157506 0.253853
 752.000000 0.184412 0.241388
 753.000000 0.192535 0.259194
 754.000000 0.161138 0.240607
 755.000000 0.158055 0.214376
 756.000000 0.172877 0.262831
 757.000000 0.161182 0.247157
 758.000000 0.177546 0.233053
 759.000000 0.176694 0.249784
 760.000000 0.147622 0.208523
 761.000000 0.147708 0.210820
 762.000000 0.192432 0.225464
 763.000000 0.172374 0.233027
 764.000000 0.158497 0.217820
 765.000000 0.185768 0.231316
 766.000000 0.169840 0.240857
 767.000000 0.157922 0.224649
 768.000000 0.183878 0.247662
 769.000000 0.193486 0.251110
 770.000000 0.176164 0.242367
 771.000000 0.184782 0.252267
 772.000000 0.184610 0.259232
 773.000000 0.158907 0.234703
 774.000000 0.179006 0.249299
 775.000000 0.196238 0.245904
 776.000000 0.180458 0.249926
 777.000000 0.187757 0.243099
 778.000000 0.188827 0.258109
 779.000000 0.171307 0.220882
 780.000000 0.175933 0.242995
 781.000000 0.173770 0.225805
 782.000000 0.189882 0.245756
 783.000000 0.180819 0.226540
 784.000000 0.208554 0.269056
 785.000000 0.199890 0.259154
 786.000000 0.191014 0.251233
 787.000000 0.208962 0.264247
 788.000000 0.160779 0.217213
 789.000000 0.190764 0.246898
 790.000000 0.160013 0.235162
 791.000000 0.191212 0.262341
 792.000000 0.150511 0.200470
 793.000000 0.200742 0.255129
 794.000000 0.165979 0.223021
 795.000000 0.193106 0.242820
 796.000000 0.198356 0.249251
 797.000000 0.188766 0.244798
 798.000000 0.215581 0.266918
 799.000000 0.194082 0.275779
 800.000000 0.203539 0.246718
 801.000000 0.187379 0.260171
 802.000000 0.179744 0.248430
 803.000000 0.189015 0.252307
 804.000000 0.170643 0.242302
 805.000000 0.180005 0.244203
 806.000000 0.185580 0.239181
 807.000000 0.206490 0.247307
 808.000000 0.210566 0.245818
 809.000000 0.192868 0.239911
 810.000000 0.189963 0.234624
 811.000000 0.177060 0.234615
 812.000000 0.180017 0.245579
 813.000000 0.206275 0.254290
 814.000000 0.161248 0.227625
 815.000000 0.152642 0.218393
 816.000000 0.184871 0.237265
 817.000000 0.159266 0.213267
 818.000000 0.205427 0.249460
 819.000000 0.173226 0.246753
 820.000000 0.156997 0.203659
 821.000000 0.193793 0.251335
 822.000000 0.191431 0.244803
 823.000000 0.156649 0.241355
 824.000000 0.142247 0.215209
 825.000000 0.132621 0.208339
 826.000000 0.146621 0.249297
 827.000000 0.151779 0.220476
 828.000000 0.141162 0.231543
 829.000000 0.141229 0.231558
 830.000000 0.155207 0.216914
 831.000000 0.161749 0.247095
 832.000000 0.137735 0.243129
 833.000000 0.151985 0.218724
 834.000000 0.151832 0.245693
 835.000000 0.142019 0.240870
 836.000000 0.114303 0.209863
 837.000000 0.109805 0.228069
 838.000000 0.133059 0.210820
 839.000000 0.126374 0.219058
 840.000000 0.130982 0.228834
 841.000000 0.159455 0.219419
 842.000000 0.156923 0.214766
 843.000000 0.162999 0.237235
 844.000000 0.131149 0.195686
 845.000000 0.155521 0.229577
 846.000000 0.168690 0.245086
 847.000000 0.149413 0.231686
 848.000000 0.184352 0.256294
 849.000000 0.154592 0.222227
 850.000000 0.164467 0.241908
 851.000000 0.204735 0.241780
 852.000000 0.149587 0.216205
 853.000000 0.185229 0.255323
 854.000000 0.191582 0.238643
 855.000000 0.161474 0.209134
 856.000000 0.161816 0.219164
 857.000000 0.165689 0.212945
 858.000000 0.153457 0.220060
 859.000000 0.158388 0.237398
 860.000000 0.147290 0.213228
 861.000000 0.138672 0.224716
 862.000000 0.150598 0.231470
 863.000000 0.131447 0.224207
 864.000000 0.171963 0.241003
 865.000000 0.124500 0.205734
 866.000000 0.162336 0.249730
 867.000000 0.159329 0.229112
 868.000000 0.140628 0.204929
 869.000000 0.151243 0.215719
 870.000000 0.128576 0.194605
 871.000000 0.197546 0.237351
 872.000000 0.141542 0.215894
 873.000000 0.146774 0.222327
 874.000000 0.178636 0.255902
 875.000000 0.159753 0.239147
 876.000000 0.172635 0.229758
 877.000000 0.138436 0.228216
 878.000000 0.160945 0.238250
 879.000000 0.153408 0.239259
 880.000000 0.158496 0.248475
 881.000000 0.125587 0.228127
 882.000000 0.177795 0.258334
 883.000000 0.133485 0.241725
 884.000000 0.184088 0.242001
 885.000000 0.136622 0.232505
 886.000000 0.134241 0.244278
 887.000000 0.152640 0.272093
 888.000000 0.129955 0.215437
 889.000000 0.140497 0.253985
 890.000000 0.117132 0.233047
 891.000000 0.148987 0.233617
 892.000000 0.144298 0.239412
 893.000000 0.125832 0.233682
 894.000000 0.147424 0.230101
 895.000000 0.141792 0.248836
 896.000000 0.109616 0.231323
 897.000000 0.135861 0.210942
 898.000000 0.123198 0.239283
 899.000000 0.163015 0.227175
 900.000000 0.115838 0.220960
 901.000000 0.166436 0.247204
 902.000000 0.158880 0.238850
 903.000000 0.144773 0.230384
 904.000000 0.118161 0.234179
 905.000000 0.145011 0.215289
 906.000000 0.134844 0.223141
 907.000000 0.144811 0.238885
 908.000000 0.161715 0.250155
 909.000000 0.135657 0.233991
 910.000000 0.174071 0.261841
 911.000000 0.155993 0.248085
 912.000000 0.146249 0.212683
 913.000000 0.176009 0.240439
 914.000000 0.187507 0.246556
 915.000000 0.143811 0.222120
 916.000000 0.156255 0.248952
 917.000000 0.157453 0.246764
 918.000000 0.121829 0.234980
 919.000000 0.119849 0.215207
 920.000000 0.156788 0.247509
 921.000000 0.167928 0.252462
 922.000000 0.152613 0.225856
 923.000000 0.163354 0.251390
 924.000000 0.104299 0.209511
 925.000000 0.138250 0.258908
 926.000000 0.186048 0.234907
 927.000000 0.152851 0.228127
 928.000000 0.139334 0.231339
 929.000000 0.176928 0.235427
 930.000000 0.179563 0.247388
 931.000000 0.147513 0.210183
 932.000000 0.181037 0.244541
 933.000000 0.148164 0.224892
 934.000000 0.144342 0.220375
 935.000000 0.157335 0.239352
 936.000000 0.164447 0.229334
 937.000000 0.186045 0.256700
 938.000000 0.144940 0.232283
 939.000000 0.147002 0.237280
 940.000000 0.133671 0.232991
 941.000000 0.206728 0.258912
 942.000000 0.167390 0.254184
 943.000000 0.182387 0.252144
 944.000000 0.165968 0.228065
 945.000000 0.170095 0.236163
 946.000000 0.215190 0.240342
 947.000000 0.146800 0.222925
 948.000000 0.170042 0.234454
 949.000000 0.157979 0.229625
 950.000000 0.182207 0.262801
 951.000000 0.150406 0.235483
 952.000000 0.161123 0.251391
 953.000000 0.185989 0.259348
 954.000000 0.174417 0.250660
 955.000000 0.190569 0.246020
 956.000000 0.193826 0.250647
 957.000000 0.206835 0.273094
 958.000000 0.191432 0.269450
 959.000000 0.211656 0.272100
 960.000000 0.194234 0.248844
 961.000000 0.203437 0.271450
 962.000000 0.211364 0.283376
 963.000000 0.196860 0.258480
 964.000000 0.197377 0.254093
 965.000000 0.190668 0.262130
 966.000000 0.193526 0.262402
 967.000000 0.167473 0.216368
 968.000000 0.206917 0.276016
 969.000000 0.194847 0.263174
 970.000000 0.193034 0.248362
 971.000000 0.149191 0.244218
 972.000000 0.150483 0.225176
 973.000000 0.175480 0.258822
 974.000000 0.189962 0.253260
 975.000000 0.177912 0.240453
 976.000000 0.184126 0.249998
 977.000000 0.179540 0.227767
 978.000000 0.197538 0.256328
 979.000000 0.198933 0.247894
 980.000000 0.198965 0.233028
 981.000000 0.179046 0.235558
 982.000000 0.192816 0.272360
 983.000000 0.213841 0.288268
 984.000000 0.195380 0.255984
 985.000000 0.222319 0.275174
 986.000000 0.186828 0.245097
 987.000000 0.223559 0.279492
 988.000000 0.190884 0.258707
 989.000000 0.196158 0.264971
 990.000000 0.179869 0.238162
 991.000000 0.155731 0.231764
 992.000000 0.194506 0.257303
 993.000000 0.173113 0.266172
 994.000000 0.205925 0.243610
 995.000000 0.177895 0.251888
 996.000000 0.169982 0.245363
 997.000000 0.176898 0.238538
 998.000000 0.185212 0.245664
 999.000000 0.162886 0.221586
 1000.000000 0.175010 0.254955
 1001.000000 0.172778 0.228856
 1002.000000 0.186955 0.274663
 1003.000000 0.201124 0.271621
 1004.000000 0.198802 0.275836
 1005.000000 0.210994 0.278092
 1006.000000 0.208852 0.268375
 1007.000000 0.207446 0.259364
 1008.000000 0.173173 0.243327
 1009.000000 0.207342 0.256067
 1010.000000 0.175968 0.231214
 1011.000000 0.201013 0.262355
 1012.000000 0.212155 0.299984
 1013.000000 0.192983 0.240723
 1014.000000 0.204047 0.262072
 1015.000000 0.165562 0.196081
 1016.000000 0.136854 0.181307
 1017.000000 0.171847 0.250157
 1018.000000 0.213944 0.281968
 1019.000000 0.185697 0.262755
 1020.000000 0.164287 0.245131
 1021.000000 0.175346 0.242149
 1022.000000 0.193812 0.240917
 1023.000000 0.200562 0.262730
 1024.000000 0.190594 0.258919
 1025.000000 0.211757 0.282091
 1026.000000 0.197661 0.247256
 1027.000000 0.210267 0.264407
 1028.000000 0.198195 0.249881
 1029.000000 0.169920 0.249235
 1030.000000 0.178027 0.249451
 1031.000000 0.199107 0.261919
 1032.000000 0.212268 0.268826
 1033.000000 0.149414 0.227526
 1034.000000 0.158276 0.233562
 1035.000000 0.185334 0.246208
 1036.000000 0.186032 0.251828
 1037.000000 0.159382 0.223257
 1038.000000 0.150837 0.227091
 1039.000000 0.130977 0.254249
 1040.000000 0.127048 0.243120
 1041.000000 0.115303 0.228234
 1042.000000 0.120056 0.239088
 1043.000000 0.157174 0.279027
 1044.000000 0.141345 0.255091
 1045.000000 0.140097 0.247870
 1046.000000 0.137853 0.242158
 1047.000000 0.128558 0.232400
 1048.000000 0.129820 0.253448
 1049.000000 0.137192 0.278463
 1050.000000 0.141498 0.241212
 1051.000000 0.158612 0.273415
 1052.000000 0.179770 0.257255
 1053.000000 0.162527 0.235935
 1054.000000 0.142136 0.234699
 1055.000000 0.151919 0.223740
 1056.000000 0.146734 0.227755
 1057.000000 0.125778 0.211734
 1058.000000 0.126017 0.200520
 1059.000000 0.144298 0.234683
 1060.000000 0.131480 0.211226
 1061.000000 0.145654 0.231788
 1062.000000 0.166672 0.230971
 1063.000000 0.146987 0.232295
 1064.000000 0.140083 0.209711
 1065.000000 0.144947 0.229338
 1066.000000 0.198564 0.265201
 1067.000000 0.141207 0.232728
 1068.000000 0.153801 0.211658
 1069.000000 0.120870 0.207077
 1070.000000 0.149173 0.244747
 1071.000000 0.114968 0.217732
 1072.000000 0.104708 0.195490
 1073.000000 0.145378 0.216489
 1074.000000 0.145192 0.222814
 1075.000000 0.139757 0.206928
 1076.000000 0.110440 0.179095
 1077.000000 0.124562 0.189633
 1078.000000 0.115224 0.180147
 1079.000000 0.133152 0.175275
 1080.000000 0.116181 0.187646
 1081.000000 0.111780 0.172400
 1082.000000 0.136933 0.183336
 1083.000000 0.116651 0.190320
 1084.000000 0.120001 0.190998
 1085.000000 0.119195 0.177254
 1086.000000 0.130087 0.191743
 1087.000000 0.134007 0.185259
 1088.000000 0.134623 0.195023
 1089.000000 0.128156 0.166635
 1090.000000 0.107530 0.164482
 1091.000000 0.137599 0.183304
 1092.000000 0.097674 0.190551
 1093.000000 0.112654 0.155434
 1094.000000 0.111948 0.189783
 1095.000000 0.105331 0.194646
 1096.000000 0.103955 0.173667
 1097.000000 0.140317 0.185025
 1098.000000 0.147352 0.198508
 1099.000000 0.099145 0.190531
 1100.000000 0.112520 0.197559
 1101.000000 0.136047 0.189697
 1102.000000 0.125513 0.196596
 1103.000000 0.101560 0.152181
 1104.000000 0.118076 0.182882
 1105.000000 0.168817 0.208652
 1106.000000 0.218707 0.229932
 1107.000000 0.214665 0.241937
 1108.000000 0.223615 0.260182
 1109.000000 0.205735 0.239438
 1110.000000 0.227371 0.252799
 1111.000000 0.214156 0.256600
 1112.000000 0.229991 0.254627
 1113.000000 0.216298 0.266655
 1114.000000 0.230327 0.250653
 1115.000000 0.209123 0.248284
 1116.000000 0.232391 0.254964
 1117.000000 0.202451 0.240221
 1118.000000 0.215379 0.251631
 1119.000000 0.219108 0.259022
 1120.000000 0.217966 0.241161
 1121.000000 0.213986 0.258897
 1122.000000 0.220842 0.276849
 1123.000000 0.221541 0.245736
 1124.000000 0.229434 0.269231
 1125.000000 0.219378 0.266001
 1126.000000 0.217413 0.244958
 1127.000000 0.206984 0.236288
 1128.000000 0.224956 0.252312
 1129.000000 0.208575 0.240410
 1130.000000 0.225787 0.268436
 1131.000000 0.217612 0.256500
 1132.000000 0.204474 0.256579
 1133.000000 0.210569 0.246808
 1134.000000 0.209214 0.248482
 1135.000000 0.203656 0.233134
 1136.000000 0.205093 0.231526
 1137.000000 0.196637 0.240489
 1138.000000 0.221594 0.252525
 1139.000000 0.211462 0.238426
 1140.000000 0.226129 0.278870
 1141.000000 0.204481 0.234061
 1142.000000 0.200788 0.250793
 1143.000000 0.220475 0.261891
 1144.000000 0.214039 0.263800
 1145.000000 0.211775 0.234398
 1146.000000 0.215522 0.269649
 1147.000000 0.205351 0.259817
 1148.000000 0.216179 0.250990
 1149.000000 0.214541 0.244682
 1150.000000 0.216848 0.273114
 1151.000000 0.193509 0.254717
 1152.000000 0.214816 0.253239
 1153.000000 0.216528 0.253784
 1154.000000 0.222783 0.248190
 1155.000000 0.206284 0.249395
 1156.000000 0.212792 0.246912
 1157.000000 0.235325 0.261917
 1158.000000 0.219549 0.252600
 1159.000000 0.227330 0.268268
 1160.000000 0.196686 0.233148
 1161.000000 0.212938 0.248740
 1162.000000 0.233432 0.283943
 1163.000000 0.204273 0.232198
 1164.000000 0.201936 0.224871
 1165.000000 0.205998 0.242096
 1166.000000 0.194468 0.244187
 1167.000000 0.211206 0.261655
 1168.000000 0.196499 0.244158
 1169.000000 0.230126 0.278609
 1170.000000 0.216758 0.273619
 1171.000000 0.218553 0.261506
 1172.000000 0.206408 0.249744
 1173.000000 0.194493 0.227392
 1174.000000 0.171852 0.211460
 1175.000000 0.215105 0.258374
 1176.000000 0.190695 0.246570
 1177.000000 0.181773 0.248467
 1178.000000 0.208688 0.217173
 1179.000000 0.195246 0.244967
 1180.000000 0.224201 0.248404
 1181.000000 0.200653 0.248556
 1182.000000 0.193650 0.250657
 1183.000000 0.217588 0.280182
 1184.000000 0.230557 0.267778
 1185.000000 0.202971 0.246875
 1186.000000 0.179347 0.207375
 1187.000000 0.180070 0.238113
 1188.000000 0.191001 0.252391
 1189.000000 0.202734 0.236957
 1190.000000 0.233787 0.253673
 1191.000000 0.206311 0.254424
 1192.000000 0.191826 0.234544
 1193.000000 0.179471 0.241820
 1194.000000 0.178768 0.222160
 1195.000000 0.178743 0.226666
 1196.000000 0.159100 0.208800
 1197.000000 0.219049 0.263814
 1198.000000 0.214009 0.250969
 1199.000000 0.203484 0.244490
 1200.000000 0.178300 0.227985
 1201.000000 0.196888 0.226904
 1202.000000 0.210852 0.256229
 1203.000000 0.186404 0.222202
 1204.000000 0.175367 0.240939
 1205.000000 0.204559 0.244898
 1206.000000 0.214188 0.248322
 1207.000000 0.221483 0.273681
 1208.000000 0.217161 0.256176
 1209.000000 0.210513 0.244907
 1210.000000 0.162196 0.244282
 1211.000000 0.200808 0.265422
 1212.000000 0.165958 0.216614
 1213.000000 0.189204 0.272543
 1214.000000 0.161496 0.230144
 1215.000000 0.175998 0.252806
 1216.000000 0.177457 0.257600
 1217.000000 0.158551 0.226662
 1218.000000 0.170473 0.254617
 1219.000000 0.169005 0.221463
 1220.000000 0.174832 0.247566
 1221.000000 0.175354 0.245249
 1222.000000 0.169351 0.241934
 1223.000000 0.176972 0.243080
 1224.000000 0.195133 0.251473
 1225.000000 0.142549 0.240189
 1226.000000 0.166173 0.229404
 1227.000000 0.164844 0.208745
 1228.000000 0.143706 0.188351
 1229.000000 0.182201 0.241238
 1230.000000 0.181978 0.232786
 1231.000000 0.163132 0.238403
 1232.000000 0.164930 0.218176
 1233.000000 0.214378 0.254964
 1234.000000 0.211749 0.257165
 1235.000000 0.205699 0.259434
 1236.000000 0.182134 0.236639
 1237.000000 0.168100 0.218372
 1238.000000 0.181496 0.236549
 1239.000000 0.210994 0.243129
 1240.000000 0.197670 0.226808
 1241.000000 0.213559 0.245351
 1242.000000 0.186527 0.217781
 1243.000000 0.223235 0.258955
 1244.000000 0.199612 0.249497
 1245.000000 0.193343 0.224553
 1246.000000 0.188292 0.220322
 1247.000000 0.175110 0.214249
 1248.000000 0.177319 0.224966
 1249.000000 0.223760 0.265433
 1250.000000 0.174977 0.204492
 1251.000000 0.180582 0.230007
 1252.000000 0.225650 0.259582
 1253.000000 0.197092 0.235646
 1254.000000 0.204213 0.240511
 1255.000000 0.205217 0.231710
 1256.000000 0.216242 0.240211
 1257.000000 0.191293 0.228093
 1258.000000 0.191041 0.208444
 1259.000000 0.169205 0.245008
 1260.000000 0.218805 0.223590
 1261.000000 0.157308 0.194107
 1262.000000 0.195065 0.225816
 1263.000000 0.179275 0.232905
 1264.000000 0.155508 0.210523
 1265.000000 0.133862 0.219061
 1266.000000 0.148354 0.220113
 1267.000000 0.191324 0.241857
 1268.000000 0.155465 0.223718
 1269.000000 0.154420 0.242868
 1270.000000 0.154442 0.233968
 1271.000000 0.159754 0.222932
 1272.000000 0.159209 0.218414
 1273.000000 0.148417 0.204039
 1274.000000 0.139264 0.204749
 1275.000000 0.132046 0.207038
 1276.000000 0.139425 0.187800
 1277.000000 0.153090 0.217488
 1278.000000 0.146148 0.217137
 1279.000000 0.165260 0.231206
 1280.000000 0.151597 0.234715
 1281.000000 0.175823 0.246633
 1282.000000 0.164709 0.247836
 1283.000000 0.130536 0.218898
 1284.000000 0.170320 0.237377
 1285.000000 0.144048 0.221775
 1286.000000 0.178668 0.228380
 1287.000000 0.141674 0.218129
 1288.000000 0.163002 0.203674
 1289.000000 0.165639 0.214580
 1290.000000 0.183471 0.225293
 1291.000000 0.192479 0.211400
 1292.000000 0.174086 0.211286
 1293.000000 0.195767 0.233595
 1294.000000 0.214659 0.260592
 1295.000000 0.180966 0.242854
 1296.000000 0.202206 0.237440
 1297.000000 0.183778 0.225244
 1298.000000 0.211527 0.255891
 1299.000000 0.200911 0.255245
 1300.000000 0.222102 0.280065
 1301.000000 0.220033 0.262866
 1302.000000 0.218025 0.270055
 1303.000000 0.209498 0.245057
 1304.000000 0.215377 0.260596
 1305.000000 0.210270 0.247405
 1306.000000 0.173521 0.222161
 1307.000000 0.224152 0.255617
 1308.000000 0.227718 0.267201
 1309.000000 0.177085 0.225808
 1310.000000 0.229720 0.263370
 1311.000000 0.221717 0.260539
 1312.000000 0.158222 0.234024
 1313.000000 0.225497 0.229430
 1314.000000 0.179497 0.219779
 1315.000000 0.181949 0.219957
 1316.000000 0.128296 0.181682
 1317.000000 0.123212 0.209843
 1318.000000 0.145576 0.198420
 1319.000000 0.167978 0.231688
 1320.000000 0.132345 0.189463
 1321.000000 0.127746 0.181495
 1322.000000 0.126932 0.172650
 1323.000000 0.164425 0.216900
 1324.000000 0.107787 0.172411
 1325.000000 0.122759 0.201248
 1326.000000 0.124306 0.200872
 1327.000000 0.110667 0.184947
 1328.000000 0.097636 0.174918
 1329.000000 0.116208 0.181462
 1330.000000 0.120926 0.155855
 1331.000000 0.121127 0.182704
 1332.000000 0.110364 0.174139
 1333.000000 0.090699 0.197285
 1334.000000 0.118508 0.190785
 1335.000000 0.118132 0.206429
 1336.000000 0.131251 0.168642
 1337.000000 0.120050 0.173779
 1338.000000 0.114297 0.194798
 1339.000000 0.166555 0.224312
 1340.000000 0.111180 0.192090
 1341.000000 0.127988 0.186020
 1342.000000 0.128919 0.196785
 1343.000000 0.121804 0.184627
 1344.000000 0.124855 0.197951
 1345.000000 0.127323 0.183259
 1346.000000 0.117882 0.231813
 1347.000000 0.111818 0.183164
 1348.000000 0.107855 0.200401
 1349.000000 0.124693 0.167381
 1350.000000 0.111724 0.163192
 1351.000000 0.109187 0.147500
 1352.000000 0.106608 0.178552
 1353.000000 0.111262 0.187427
 1354.000000 0.147005 0.176366
 1355.000000 0.117676 0.183342
 1356.000000 0.109701 0.197226
 1357.000000 0.105773 0.165111
 1358.000000 0.116757 0.172457
 1359.000000 0.104798 0.200972
 1360.000000 0.138105 0.183782
 1361.000000 0.105295 0.164308
 1362.000000 0.123157 0.206747
 1363.000000 0.145322 0.190164
 1364.000000 0.121296 0.180636
 1365.000000 0.142302 0.210170
 1366.000000 0.136726 0.163706
 1367.000000 0.131673 0.168736
 1368.000000 0.125232 0.136720
 1369.000000 0.123698 0.170222
 1370.000000 0.118619 0.147761
 1371.000000 0.126987 0.158052
 1372.000000 0.140614 0.166976
 1373.000000 0.115880 0.146887
 1374.000000 0.132891 0.169592
 1375.000000 0.121678 0.166317
 1376.000000 0.104992 0.197326
 1377.000000 0.112898 0.147660
 1378.000000 0.139843 0.203677
 1379.000000 0.128906 0.187147
 1380.000000 0.125453 0.195614
 1381.000000 0.120177 0.193449
 1382.000000 0.122687 0.171029
 1383.000000 0.131374 0.172261
 1384.000000 0.120540 0.180381
 1385.000000 0.113136 0.192464
 1386.000000 0.137351 0.203730
 1387.000000 0.124634 0.185065
 1388.000000 0.113042 0.165811
 1389.000000 0.133818 0.175070
 1390.000000 0.127420 0.161855
 1391.000000 0.120527 0.163095
 1392.000000 0.117492 0.123948
 1393.000000 0.115182 0.186520
 1394.000000 0.133171 0.166407
 1395.000000 0.109357 0.165026
 1396.000000 0.110200 0.141704
 1397.000000 0.150671 0.148203
 1398.000000 0.160133 0.175776
 1399.000000 0.134868 0.192663
 1400.000000 0.144628 0.181757
 1401.000000 0.155937 0.201226
 1402.000000 0.136025 0.187696
 1403.000000 0.123103 0.185895
 1404.000000 0.139131 0.187282
 1405.000000 0.184990 0.230511
 1406.000000 0.186851 0.236014
 1407.000000 0.188479 0.205208
 1408.000000 0.222476 0.267946
 1409.000000 0.190482 0.258459
 1410.000000 0.160358 0.244226
 1411.000000 0.177801 0.221916
 1412.000000 0.215620 0.245093
 1413.000000 0.226459 0.242447
 1414.000000 0.177069 0.254587
 1415.000000 0.191829 0.261130
 1416.000000 0.189225 0.255221
 1417.000000 0.198463 0.229790
 1418.000000 0.216236 0.258177
 1419.000000 0.184253 0.254056
 1420.000000 0.185957 0.241484
 1421.000000 0.195021 0.217006
 1422.000000 0.151850 0.224831
 1423.000000 0.208854 0.244045
 1424.000000 0.193937 0.250347
 1425.000000 0.197071 0.220224
 1426.000000 0.203467 0.224369
 1427.000000 0.229264 0.264099
 1428.000000 0.188172 0.246034
 1429.000000 0.200251 0.258694
 1430.000000 0.223130 0.261298
 1431.000000 0.170842 0.253826
 1432.000000 0.193480 0.238446
 1433.000000 0.151933 0.214735
 1434.000000 0.179566 0.239393
 1435.000000 0.159388 0.211308
 1436.000000 0.194242 0.243231
 1437.000000 0.164202 0.231867
 1438.000000 0.197304 0.230686
 1439.000000 0.196378 0.246277
 1440.000000 0.167566 0.222164
 1441.000000 0.194960 0.220574
 1442.000000 0.227808 0.264491
 1443.000000 0.186887 0.228470
 1444.000000 0.190628 0.225611
 1445.000000 0.219982 0.254564
 1446.000000 0.215094 0.251634
 1447.000000 0.208547 0.264193
 1448.000000 0.210861 0.253692
 1449.000000 0.193942 0.245457
 1450.000000 0.198025 0.236543
 1451.000000 0.195238 0.237015
 1452.000000 0.184615 0.253474
 1453.000000 0.208644 0.244039
 1454.000000 0.228805 0.257391
 1455.000000 0.235280 0.272262
 1456.000000 0.210863 0.249344
 1457.000000 0.165897 0.232901
 1458.000000 0.168015 0.225233
 1459.000000 0.198462 0.234866
 1460.000000 0.195075 0.247959
 1461.000000 0.205833 0.262489
 1462.000000 0.212320 0.267568
 1463.000000 0.231530 0.273961
 1464.000000 0.203143 0.241518
 1465.000000 0.184814 0.233134
 1466.000000 0.190124 0.243737
 1467.000000 0.175182 0.228779
 1468.000000 0.228906 0.245400
 1469.000000 0.200746 0.244646
 1470.000000 0.155871 0.232947
 1471.000000 0.174003 0.243558
 1472.000000 0.160302 0.256060
 1473.000000 0.165706 0.239782
 1474.000000 0.153528 0.247501
 1475.000000 0.168297 0.243864
 1476.000000 0.145017 0.246316
 1477.000000 0.147597 0.242032
 1478.000000 0.169900 0.253341
 1479.000000 0.176151 0.247404
 1480.000000 0.160508 0.225016
 1481.000000 0.200799 0.246053
 1482.000000 0.156869 0.234445
 1483.000000 0.165423 0.243670
 1484.000000 0.171560 0.259758
 1485.000000 0.161005 0.254874
 1486.000000 0.159365 0.212633
 1487.000000 0.166276 0.239465
 1488.000000 0.206420 0.243904
 1489.000000 0.186541 0.240729
 1490.000000 0.159126 0.225389
 1491.000000 0.175526 0.233015
 1492.000000 0.190827 0.239441
 1493.000000 0.189431 0.230467
 1494.000000 0.234164 0.273914
 1495.000000 0.169425 0.215348
 1496.000000 0.155385 0.230496
 1497.000000 0.156332 0.193844
 1498.000000 0.162851 0.201620
 1499.000000 0.158037 0.199679
 1500.000000 0.147248 0.189180
 1501.000000 0.146954 0.176534
 1502.000000 0.128791 0.166089
 1503.000000 0.159395 0.207640
 1504.000000 0.135026 0.175364
 1505.000000 0.150184 0.185276
 1506.000000 0.146975 0.219398
 1507.000000 0.149532 0.176554
 1508.000000 0.138700 0.184990
 1509.000000 0.169842 0.215608
 1510.000000 0.162005 0.181274
 1511.000000 0.189181 0.201261
 1512.000000 0.149363 0.183107
 1513.000000 0.177504 0.211992
 1514.000000 0.188739 0.216275
 1515.000000 0.172403 0.233772
 1516.000000 0.157223 0.211705
 1517.000000 0.166328 0.190560
 1518.000000 0.188805 0.241070
 1519.000000 0.191660 0.228742
 1520.000000 0.226147 0.255202
 1521.000000 0.193136 0.262854
 1522.000000 0.222498 0.251911
 1523.000000 0.151096 0.248755
 1524.000000 0.194736 0.255339
 1525.000000 0.175967 0.251798
 1526.000000 0.221521 0.279018
 1527.000000 0.210013 0.268612
 1528.000000 0.226497 0.260980
 1529.000000 0.223327 0.247562
 1530.000000 0.198377 0.275189
 1531.000000 0.204921 0.239285
 1532.000000 0.173931 0.247010
 1533.000000 0.176775 0.237770
 1534.000000 0.159580 0.234412
 1535.000000 0.153330 0.209902
