#! FIELDS time d1 d2
 0.000000 0.038053 0.149284
 1.000000 0.045661 0.151593
 2.000000 0.047089 0.154011
 3.000000 0.057842 0.163573
 4.000000 0.035151 0.144543
 5.000000 0.049454 0.166861
 6.000000 0.024209 0.134943
 7.000000 0.038037 0.125419
 8.000000 0.056932 0.162847
 9.000000 0.044926 0.153017
 10.000000 0.041160 0.153764
 11.000000 0.038199 0.141173
 12.000000 0.034426 0.146885
 13.000000 0.030036 0.107339
 14.000000 0.045945 0.147475
 15.000000 0.065505 0.167973
 16.000000 0.023879 0.138206
 17.000000 0.029606 0.127386
 18.000000 0.076308 0.170823
 19.000000 0.068135 0.151784
 20.000000 0.066463 0.157086
 21.000000 0.063876 0.151315
 22.000000 0.075291 0.162846
 23.000000 0.060021 0.147298
 24.000000 0.055086 0.157445
 25.000000 0.104351 0.177438
 26.000000 0.099050 0.181301
 27.000000 0.117185 0.204978
 28.000000 0.103600 0.194348
 29.000000 0.100428 0.186382
 30.000000 0.122288 0.230926
 31.000000 0.111825 0.211459
 32.000000 0.092454 0.181582
 33.000000 0.094113 0.178956
 34.000000 0.094845 0.168047
 35.000000 0.088897 0.191268
 36.000000 0.093360 0.202537
 37.000000 0.101498 0.199060
 38.000000 0.099701 0.182751
 39.000000 0.101834 0.187942
 40.000000 0.117497 0.207778
 41.000000 0.108976 0.190808
 42.000000 0.057001 0.138154
 43.000000 0.059522 0.156440
 44.000000 0.069934 0.160942
 45.000000 0.056223 0.141815
 46.000000 0.047330 0.148704
 47.000000 0.058390 0.153690
 48.000000 0.057540 0.141041
 49.000000 0.065072 0.164639
 50.000000 0.063024 0.151141
 51.000000 0.070478 0.164976
 52.000000 0.064198 0.164281
 53.000000 0.071292 0.150068
 54.000000 0.067718 0.143897
 55.000000 0.075262 0.162475
 56.000000 0.053013 0.129863
 57.000000 0.103869 0.195402
 58.000000 0.107250 0.178694
 59.000000 0.124136 0.241305
 60.000000 0.101475 0.189231
 61.000000 0.091950 0.195116
 62.000000 0.062639 0.159335
 63.000000 0.069086 0.151832
 64.000000 0.077504 0.183093
 65.000000 0.066870 0.136848
 66.000000 0.063294 0.148981
 67.000000 0.078958 0.186133
 68.000000 0.068546 0.166545
 69.000000 0.061276 0.149917
 70.000000 0.055935 0.141808
 71.000000 0.063910 0.147398
 72.000000 0.079005 0.173824
 73.000000 0.082026 0.166210
 74.000000 0.074018 0.155395
 75.000000 0.080168 0.153535
 76.000000 0.077829 0.160610
 77.000000 0.090252 0.175712
 78.000000 0.075163 0.178213
 79.000000 0.089663 0.166997
 80.000000 0.081070 0.185365
 81.000000 0.079382 0.159088
 82.000000 0.067997 0.164649
 83.000000 0.079470 0.159360
 84.000000 0.059555 0.142190
 85.000000 0.085386 0.189012
 86.000000 0.107270 0.208024
 87.000000 0.099291 0.213597
 88.000000 0.097552 0.179361
 89.000000 0.124351 0.230005
 90.000000 0.099790 0.197378
 91.000000 0.126585 0.234246
 92.000000 0.115493 0.201058
 93.000000 0.096967 0.178857
 94.000000 0.100405 0.192345
 95.000000 0.092228 0.195665
 96.000000 0.094608 0.203808
 97.000000 0.116144 0.206244
 98.000000 0.120854 0.225689
 99.000000 0.116200 0.201604
 100.000000 0.115707 0.191896
 101.000000 0.091955 0.190730
 102.000000 0.099330 0.204251
 103.000000 0.106660 0.199610
 104.000000 0.099138 0.188027
 105.000000 0.086738 0.184839
 106.000000 0.105513 0.195003
 107.000000 0.093356 0.196101
 108.000000 0.096448 0.203861
 109.000000 0.089505 0.189651
 110.000000 0.094585 0.178049
 111.000000 0.094929 0.189527
 112.000000 0.091552 0.183828
 113.000000 0.090512 0.179388
 114.000000 0.120714 0.197903
 115.000000 0.096459 0.199687
 116.000000 0.094504 0.171982
 117.000000 0.097936 0.189078
 118.000000 0.059283 0.150717
 119.000000 0.064304 0.151292
 120.000000 0.070492 0.168236
 121.000000 0.059163 0.159011
 122.000000 0.062696 0.150522
 123.000000 0.045968 0.141294
 124.000000 0.096905 0.206693
 125.000000 0.087743 0.196146
 126.000000 0.088562 0.207987
 127.000000 0.075037 0.174334
 128.000000 0.071493 0.169765
 129.000000 0.067566 0.162883
 130.000000 0.060861 0.144839
 131.000000 0.061839 0.158049
 132.000000 0.060612 0.161438
 133.000000 0.077532 0.179054
 134.000000 0.061066 0.166505
 135.000000 0.065854 0.162696
 136.000000 0.084000 0.191923
 137.000000 0.079607 0.176672
 138.000000 0.064881 0.179770
 139.000000 0.062435 0.162902
 140.000000 0.076537 0.188615
 141.000000 0.119877 0.216123
 142.000000 0.179751 0.253676
 143.000000 0.189848 0.252556
 144.000000 0.214887 0.297959
 145.000000 0.175889 0.250488
 146.000000 0.182706 0.276177
 147.000000 0.173522 0.242278
 148.000000 0.166683 0.238903
 149.000000 0.210865 0.274037
 150.000000 0.253542 0.316347
 151.000000 0.205742 0.274187
 152.000000 0.220255 0.250638
 153.000000 0.167153 0.218769
 154.000000 0.131116 0.178580
 155.000000 0.160664 0.238182
 156.000000 0.152178 0.219009
 157.000000 0.154733 0.245782
 158.000000 0.154439 0.269779
 159.000000 0.160158 0.275304
 160.000000 0.133034 0.177978
 161.000000 0.158671 0.234701
 162.000000 0.145371 0.215491
 163.000000 0.154479 0.228389
 164.000000 0.120624 0.175186
 165.000000 0.128272 0.213969
 166.000000 0.142855 0.206499
 167.000000 0.136418 0.194508
 168.000000 0.130264 0.192123
 169.000000 0.157157 0.231472
 170.000000 0.215212 0.273953
 171.000000 0.190095 0.252084
 172.000000 0.197289 0.262678
 173.000000 0.196511 0.254945
 174.000000 0.209728 0.297250
 175.000000 0.210611 0.279209
 176.000000 0.225914 0.307893
 177.000000 0.207716 0.284586
 178.000000 0.187936 0.252675
 179.000000 0.186832 0.244318
 180.000000 0.154963 0.211311
 181.000000 0.126446 0.191888
 182.000000 0.131087 0.183878
 183.000000 0.140168 0.189222
 184.000000 0.155875 0.207791
 185.000000 0.136580 0.181710
 186.000000 0.125848 0.195308
 187.000000 0.138547 0.220204
 188.000000 0.138754 0.198096
 189.000000 0.126758 0.185166
 190.000000 0.146603 0.207806
 191.000000 0.142880 0.189490
 192.000000 0.101541 0.170349
 193.000000 0.123559 0.159965
 194.000000 0.107047 0.157903
 195.000000 0.143210 0.234415
 196.000000 0.127469 0.189911
 197.000000 0.112101 0.171349
 198.000000 0.126093 0.176329
 199.000000 0.127466 0.166822
 200.000000 0.117578 0.150325
 201.000000 0.104483 0.168108
 202.000000 0.117810 0.186620
 203.000000 0.119162 0.189662
 204.000000 0.134245 0.205382
 205.000000 0.130877 0.182237
 206.000000 0.150541 0.196502
 207.000000 0.152016 0.208165
 208.000000 0.192860 0.263789
 209.000000 0.196104 0.281207
 210.000000 0.185478 0.239863
 211.000000 0.187696 0.241958
 212.000000 0.195226 0.242225
 213.000000 0.182522 0.262442
 214.000000 0.176659 0.233344
 215.000000 0.175152 0.238032
 216.000000 0.195587 0.269788
 217.000000 0.213605 0.256497
 218.000000 0.200866 0.247070
 219.000000 0.203994 0.269335
 220.000000 0.163403 0.251078
 221.000000 0.147617 0.201404
 222.000000 0.139704 0.190230
 223.000000 0.142034 0.224084
 224.000000 0.128375 0.194702
 225.000000 0.155138 0.193991
 226.000000 0.161746 0.215208
 227.000000 0.152869 0.192479
 228.000000 0.141320 0.201037
 229.000000 0.139278 0.182259
 230.000000 0.149409 0.202719
 231.000000 0.157923 0.227198
 232.000000 0.146979 0.200378
 233.000000 0.117888 0.192479
 234.000000 0.135736 0.178921
 235.000000 0.138656 0.219428
 236.000000 0.129815 0.190526
 237.000000 0.120377 0.195060
 238.000000 0.122126 0.186914
 239.000000 0.152506 0.221140
 240.000000 0.175334 0.247875
 241.000000 0.126557 0.185310
 242.000000 0.169220 0.238221
 243.000000 0.185883 0.239812
 244.000000 0.205513 0.259681
 245.000000 0.184781 0.248443
 246.000000 0.235963 0.294025
 247.000000 0.222442 0.284259
 248.000000 0.227801 0.309005
 249.000000 0.230612 0.320009
 250.000000 0.173488 0.240564
 251.000000 0.175090 0.255701
 252.000000 0.226419 0.282999
 253.000000 0.223305 0.289556
 254.000000 0.217910 0.282839
 255.000000 0.230051 0.297080
 256.000000 0.220180 0.278092
 257.000000 0.210939 0.276897
 258.000000 0.229097 0.312642
 259.000000 0.208538 0.261563
 260.000000 0.207034 0.261013
 261.000000 0.211337 0.262678
 262.000000 0.239965 0.306504
 263.000000 0.219863 0.258008
 264.000000 0.222179 0.276012
 265.000000 0.251738 0.300911
 266.000000 0.207154 0.265058
 267.000000 0.253990 0.329064
 268.000000 0.239962 0.295991
 269.000000 0.240360 0.310097
 270.000000 0.244638 0.326710
 271.000000 0.258037 0.336934
 272.000000 0.231372 0.309022
 273.000000 0.226492 0.279497
 274.000000 0.235231 0.304989
 275.000000 0.245674 0.332428
 276.000000 0.213450 0.254839
 277.000000 0.261505 0.349012
 278.000000 0.208191 0.273080
 279.000000 0.252459 0.320033
 280.000000 0.261877 0.335764
 281.000000 0.173022 0.232310
 282.000000 0.166596 0.240228
 283.000000 0.189139 0.236590
 284.000000 0.194442 0.243235
 285.000000 0.235713 0.309678
 286.000000 0.220956 0.280938
 287.000000 0.187737 0.220855
 288.000000 0.273499 0.345229
 289.000000 0.250046 0.298067
 290.000000 0.253264 0.324141
 291.000000 0.248466 0.305467
 292.000000 0.257635 0.314538
 293.000000 0.251155 0.332469
 294.000000 0.206013 0.263906
 295.000000 0.284666 0.355375
 296.000000 0.267357 0.332447
 297.000000 0.237191 0.316256
 298.000000 0.213208 0.284588
 299.000000 0.196112 0.235759
 300.000000 0.186915 0.234795
 301.000000 0.209818 0.268518
 302.000000 0.176256 0.229521
 303.000000 0.177912 0.250384
 304.000000 0.177409 0.232150
 305.000000 0.197950 0.250079
 306.000000 0.212104 0.270843
 307.000000 0.215344 0.275155
 308.000000 0.210879 0.278878
 309.000000 0.274109 0.349539
 310.000000 0.226540 0.301553
 311.000000 0.173831 0.223929
 312.000000 0.155571 0.229847
 313.000000 0.199257 0.239698
 314.000000 0.276500 0.287217
 315.000000 0.287381 0.287441
 316.000000 0.290508 0.294675
 317.000000 0.272213 0.270639
 318.000000 0.292154 0.303969
 319.000000 0.288690 0.285959
 320.000000 0.278050 0.287841
 321.000000 0.304465 0.297299
 322.000000 0.277726 0.286653
 323.000000 0.287803 0.288699
 324.000000 0.255470 0.267060
 325.000000 0.297349 0.275624
 326.000000 0.299455 0.314516
 327.000000 0.265557 0.299300
 328.000000 0.278880 0.298333
 329.000000 0.271397 0.315926
 330.000000 0.273845 0.346773
 331.000000 0.260221 0.310861
 332.000000 0.262179 0.314673
 333.000000 0.268259 0.321044
 334.000000 0.232346 0.307738
 335.000000 0.254423 0.315732
 336.000000 0.267056 0.324873
 337.000000 0.314587 0.385273
 338.000000 0.328296 0.414562
 339.000000 0.330797 0.391578
 340.000000 0.305898 0.380680
 341.000000 0.324112 0.386728
 342.000000 0.331923 0.406899
 343.000000 0.285195 0.334864
 344.000000 0.310218 0.413013
 345.000000 0.304247 0.378656
 346.000000 0.323806 0.372580
 347.000000 0.339520 0.395122
 348.000000 0.327969 0.390299
 349.000000 0.341053 0.421343
 350.000000 0.330046 0.404420
 351.000000 0.337990 0.401974
 352.000000 0.321786 0.397018
 353.000000 0.300255 0.357569
 354.000000 0.284781 0.394693
 355.000000 0.276213 0.421640
 356.000000 0.306933 0.409749
 357.000000 0.297385 0.405457
 358.000000 0.300624 0.405746
 359.000000 0.284899 0.383112
 360.000000 0.273914 0.365902
 361.000000 0.300129 0.416788
 362.000000 0.324275 0.446038
 363.000000 0.261814 0.400311
 364.000000 0.266111 0.430905
 365.000000 0.273454 0.402653
 366.000000 0.264631 0.352666
 367.000000 0.265083 0.380944
 368.000000 0.246716 0.386975
 369.000000 0.279349 0.382459
 370.000000 0.243385 0.385969
 371.000000 0.254098 0.389685
 372.000000 0.349006 0.426747
 373.000000 0.296700 0.421000
 374.000000 0.276114 0.385688
 375.000000 0.292066 0.394368
 376.000000 0.270851 0.373339
 377.000000 0.258528 0.401128
 378.000000 0.260200 0.375233
 379.000000 0.244203 0.382197
 380.000000 0.260862 0.406605
 381.000000 0.268959 0.414189
 382.000000 0.259219 0.386636
 383.000000 0.247970 0.376362
 384.000000 0.244858 0.378155
 385.000000 0.250606 0.402220
 386.000000 0.272343 0.409168
 387.000000 0.252786 0.375560
 388.000000 0.273256 0.409510
 389.000000 0.264042 0.409663
 390.000000 0.230115 0.353685
 391.000000 0.235744 0.374179
 392.000000 0.291868 0.399835
 393.000000 0.306356 0.437272
 394.000000 0.246253 0.360270
 395.000000 0.275382 0.386940
 396.000000 0.275431 0.383387
 397.000000 0.314822 0.398205
 398.000000 0.334297 0.421791
 399.000000 0.350461 0.442985
 400.000000 0.281553 0.382164
 401.000000 0.306376 0.400172
 402.000000 0.276943 0.355461
 403.000000 0.259427 0.339421
 404.000000 0.291664 0.343857
 405.000000 0.284878 0.352937
 406.000000 0.278550 0.391556
 407.000000 0.277573 0.377841
 408.000000 0.308930 0.358126
 409.000000 0.280749 0.356185
 410.000000 0.250336 0.350375
 411.000000 0.289613 0.363351
 412.000000 0.236071 0.353167
 413.000000 0.273947 0.362809
 414.000000 0.252485 0.348762
 415.000000 0.229678 0.352069
 416.000000 0.249555 0.375600
 417.000000 0.236688 0.351880
 418.000000 0.236683 0.345665
 419.000000 0.230366 0.328450
 420.000000 0.252926 0.378387
 421.000000 0.221781 0.314171
 422.000000 0.224682 0.334973
 423.000000 0.219200 0.320971
 424.000000 0.245877 0.348332
 425.000000 0.266511 0.312810
 426.000000 0.211974 0.285817
 427.000000 0.229279 0.290502
 428.000000 0.220460 0.291760
 429.000000 0.244022 0.311574
 430.000000 0.248774 0.304114
 431.000000 0.249244 0.288683
 432.000000 0.242804 0.289915
 433.000000 0.234941 0.304458
 434.000000 0.240717 0.310372
 435.000000 0.221920 0.289300
 436.000000 0.286143 0.322966
 437.000000 0.214913 0.276426
 438.000000 0.218976 0.310299
 439.000000 0.190739 0.281363
 440.000000 0.200666 0.298170
 441.000000 0.189256 0.283211
 442.000000 0.174895 0.286604
 443.000000 0.180855 0.301009
 444.000000 0.206635 0.305010
 445.000000 0.195265 0.311152
 446.000000 0.164992 0.274118
 447.000000 0.208276 0.296450
 448.000000 0.229163 0.319354
 449.000000 0.212299 0.328642
 450.000000 0.160343 0.287033
 451.000000 0.221529 0.306860
 452.000000 0.249305 0.334833
 453.000000 0.287637 0.396093
 454.000000 0.270273 0.350359
 455.000000 0.224794 0.293952
 456.000000 0.242177 0.315498
 457.000000 0.227426 0.316913
 458.000000 0.253482 0.331502
 459.000000 0.270647 0.361186
 460.000000 0.237311 0.302776
 461.000000 0.235814 0.328917
 462.000000 0.266177 0.365946
 463.000000 0.225110 0.326655
 464.000000 0.246307 0.326678
 465.000000 0.249407 0.312846
 466.000000 0.232568 0.293831
 467.000000 0.242030 0.297087
 468.000000 0.195781 0.286227
 469.000000 0.266292 0.347875
 470.000000 0.259489 0.315306
 471.000000 0.288108 0.338819
 472.000000 0.254704 0.307010
 473.000000 0.231994 0.300129
 474.000000 0.265904 0.304570
 475.000000 0.257951 0.298830
 476.000000 0.257752 0.323214
 477.000000 0.239756 0.308896
 478.000000 0.270773 0.342786
 479.000000 0.232892 0.317690
 480.000000 0.233044 0.303658
 481.000000 0.230638 0.309110
 482.000000 0.246905 0.314518
 483.000000 0.244228 0.320908
 484.000000 0.208248 0.301037
 485.000000 0.222269 0.297062
 486.000000 0.241302 0.328447
 487.000000 0.170612 0.306913
 488.000000 0.217775 0.318718
 489.000000 0.233881 0.323670
 490.000000 0.214570 0.319766
 491.000000 0.216157 0.314445
 492.000000 0.184358 0.281268
 493.000000 0.196615 0.287021
 494.000000 0.218320 0.316410
 495.000000 0.246507 0.348219
 496.000000 0.208244 0.316225
 497.000000 0.188164 0.299577
 498.000000 0.186478 0.287970
 499.000000 0.207194 0.326145
 500.000000 0.161236 0.288035
 501.000000 0.204377 0.309911
 502.000000 0.199858 0.332999
 503.000000 0.229360 0.353380
 504.000000 0.232292 0.315634
 505.000000 0.200290 0.320272
 506.000000 0.210988 0.314089
 507.000000 0.207219 0.306033
 508.000000 0.216287 0.315642
 509.000000 0.205761 0.285192
 510.000000 0.221191 0.315162
 511.000000 0.192041 0.301165
 512.000000 0.248523 0.360735
 513.000000 0.255457 0.385960
 514.000000 0.181762 0.326158
 515.000000 0.232924 0.301598
 516.000000 0.207358 0.321397
 517.000000 0.210010 0.313577
 518.000000 0.185924 0.284724
 519.000000 0.225589 0.299130
 520.000000 0.217226 0.326234
 521.000000 0.178839 0.306530
 522.000000 0.185288 0.330666
 523.000000 0.165411 0.242365
 524.000000 0.239520 0.329881
 525.000000 0.245063 0.296842
 526.000000 0.315246 0.365892
 527.000000 0.282513 0.367370
 528.000000 0.275585 0.353879
 529.000000 0.274234 0.345813
 530.000000 0.219864 0.311136
 531.000000 0.252642 0.313087
 532.000000 0.231569 0.321255
 533.000000 0.248315 0.313484
 534.000000 0.202550 0.293597
 535.000000 0.242686 0.338496
 536.000000 0.260001 0.338528
 537.000000 0.285393 0.358719
 538.000000 0.291303 0.377000
 539.000000 0.283449 0.379135
 540.000000 0.274094 0.348892
 541.000000 0.251571 0.331764
 542.000000 0.259857 0.347673
 543.000000 0.265909 0.351955
 544.000000 0.342069 0.455217
 545.000000 0.331043 0.475531
 546.000000 0.365329 0.484318
 547.000000 0.345907 0.472798
 548.000000 0.340119 0.477509
 549.000000 0.336004 0.448489
 550.000000 0.357199 0.487699
 551.000000 0.332818 0.465710
 552.000000 0.343342 0.448099
 553.000000 0.382513 0.498282
 554.000000 0.388643 0.496139
 555.000000 0.390842 0.491093
 556.000000 0.395309 0.501201
 557.000000 0.357531 0.482396
 558.000000 0.350483 0.459417
 559.000000 0.377911 0.440294
 560.000000 0.373074 0.447935
 561.000000 0.404414 0.467833
 562.000000 0.413526 0.493873
 563.000000 0.379017 0.461733
 564.000000 0.420674 0.496298
 565.000000 0.400302 0.455128
 566.000000 0.409249 0.501785
 567.000000 0.406356 0.479017
 568.000000 0.349427 0.459120
 569.000000 0.347660 0.462786
 570.000000 0.368148 0.449951
 571.000000 0.373926 0.458265
 572.000000 0.359582 0.459691
 573.000000 0.360553 0.472105
 574.000000 0.358116 0.461617
 575.000000 0.374488 0.504897
 576.000000 0.332798 0.432461
 577.000000 0.331683 0.469901
 578.000000 0.369203 0.467634
 579.000000 0.337479 0.462186
 580.000000 0.354077 0.449956
 581.000000 0.366666 0.465613
 582.000000 0.333000 0.444353
 583.000000 0.350984 0.471944
 584.000000 0.361034 0.460405
 585.000000 0.319976 0.456152
 586.000000 0.316730 0.398484
 587.000000 0.340566 0.447053
 588.000000 0.338174 0.462900
 589.000000 0.334172 0.439506
 590.000000 0.341017 0.454402
 591.000000 0.336726 0.433771
 592.000000 0.381122 0.469382
 593.000000 0.320339 0.420071
 594.000000 0.318733 0.427860
 595.000000 0.362374 0.484252
 596.000000 0.385725 0.523816
 597.000000 0.337105 0.445060
 598.000000 0.348538 0.438567
 599.000000 0.324455 0.429082
 600.000000 0.324671 0.448075
 601.000000 0.331199 0.446553
 602.000000 0.347064 0.463882
 603.000000 0.320579 0.424206
 604.000000 0.306293 0.411925
 605.000000 0.278057 0.383492
 606.000000 0.333411 0.445404
 607.000000 0.285632 0.391302
 608.000000 0.331534 0.458952
 609.000000 0.315113 0.455742
 610.000000 0.317388 0.443867
 611.000000 0.360651 0.470575
 612.000000 0.308174 0.436661
 613.000000 0.299828 0.424494
 614.000000 0.344436 0.459376
 615.000000 0.320437 0.441181
 616.000000 0.342081 0.450545
 617.000000 0.309289 0.420096
 618.000000 0.371501 0.471180
 619.000000 0.351996 0.473599
 620.000000 0.346071 0.454020
 621.000000 0.331955 0.444494
 622.000000 0.369973 0.479674
 623.000000 0.430165 0.542541
 624.000000 0.423186 0.536999
 625.000000 0.401217 0.526052
 626.000000 0.393295 0.529815
 627.000000 0.409405 0.525315
 628.000000 0.374336 0.499941
 629.000000 0.370642 0.488566
 630.000000 0.371930 0.488463
 631.000000 0.385828 0.487977
 632.000000 0.373356 0.476579
 633.000000 0.410614 0.497868
 634.000000 0.363539 0.506660
 635.000000 0.355438 0.469204
 636.000000 0.374575 0.494085
 637.000000 0.354061 0.501367
 638.000000 0.371665 0.511741
 639.000000 0.322209 0.465438
 640.000000 0.346020 0.476914
 641.000000 0.391112 0.530138
 642.000000 0.356192 0.512006
 643.000000 0.335013 0.511564
 644.000000 0.379793 0.512117
 645.000000 0.327535 0.454955
 646.000000 0.336012 0.441620
 647.000000 0.380420 0.477594
 648.000000 0.389555 0.511584
 649.000000 0.372421 0.493472
 650.000000 0.337627 0.464027
 651.000000 0.392638 0.518985
 652.000000 0.408294 0.503998
 653.000000 0.399751 0.513339
 654.000000 0.390403 0.518026
 655.000000 0.392066 0.514413
 656.000000 0.377099 0.500464
 657.000000 0.399979 0.517684
 658.000000 0.384775 0.497224
 659.000000 0.363463 0.480184
 660.000000 0.416378 0.542016
 661.000000 0.334584 0.464368
 662.000000 0.300173 0.425165
 663.000000 0.380248 0.497831
 664.000000 0.335111 0.441867
 665.000000 0.318117 0.434936
 666.000000 0.282721 0.406155
 667.000000 0.314086 0.417167
 668.000000 0.325900 0.408937
 669.000000 0.321060 0.421126
 670.000000 0.290996 0.385858
 671.000000 0.284748 0.380072
 672.000000 0.294368 0.396447
 673.000000 0.285028 0.361732
 674.000000 0.314489 0.430123
 675.000000 0.315902 0.399911
 676.000000 0.303113 0.424096
 677.000000 0.306762 0.424635
 678.000000 0.325580 0.434774
 679.000000 0.298318 0.397362
 680.000000 0.312087 0.419957
 681.000000 0.287884 0.397322
 682.000000 0.333494 0.438592
 683.000000 0.305921 0.411394
 684.000000 0.306753 0.393345
 685.000000 0.319054 0.381922
 686.000000 0.293232 0.376286
 687.000000 0.307006 0.376617
 688.000000 0.296075 0.383255
 689.000000 0.320326 0.376515
 690.000000 0.321489 0.370878
 691.000000 0.286419 0.357131
 692.000000 0.295869 0.354299
 693.000000 0.319905 0.398558
 694.000000 0.300096 0.384467
 695.000000 0.281644 0.326248
 696.000000 0.305719 0.371041
 697.000000 0.285396 0.343765
 698.000000 0.281479 0.366790
 699.000000 0.299687 0.355119
 700.000000 0.368295 0.447949
 701.000000 0.355365 0.440622
 702.000000 0.335042 0.400680
 703.000000 0.324328 0.399157
 704.000000 0.306477 0.393875
 705.000000 0.278560 0.347756
 706.000000 0.277716 0.345813
 707.000000 0.280399 0.359342
 708.000000 0.306164 0.363988
 709.000000 0.331862 0.418637
 710.000000 0.337271 0.394653
 711.000000 0.369227 0.428616
 712.000000 0.359574 0.446591
 713.000000 0.308355 0.362149
 714.000000 0.275653 0.373186
 715.000000 0.296149 0.377281
 716.000000 0.286989 0.354542
 717.000000 0.380706 0.445865
 718.000000 0.315794 0.375942
 719.000000 0.314088 0.376870
 720.000000 0.309333 0.361903
 721.000000 0.255320 0.325888
 722.000000 0.293461 0.379216
 723.000000 0.279278 0.318548
 724.000000 0.267341 0.318097
 725.000000 0.276070 0.323985
 726.000000 0.268827 0.341511
 727.000000 0.283412 0.350379
 728.000000 0.273694 0.315188
 729.000000 0.297880 0.346218
 730.000000 0.332780 0.383158
 731.000000 0.281370 0.336905
 732.000000 0.323976 0.372396
 733.000000 0.331333 0.383182
 734.000000 0.300483 0.356544
 735.000000 0.322792 0.387928
 736.000000 0.268737 0.320493
 737.000000 0.246884 0.285315
 738.000000 0.334203 0.385368
 739.000000 0.301935 0.365557
 740.000000 0.291782 0.352515
 741.000000 0.314967 0.359598
 742.000000 0.326813 0.394091
 743.000000 0.334774 0.399799
 744.000000 0.295689 0.342113
 745.000000 0.320184 0.383103
 746.000000 0.335795 0.388091
 747.000000 0.351893 0.413483
 748.000000 0.334530 0.402379
 749.000000 0.323799 0.393291
 750.000000 0.307336 0.369515
 751.000000 0.255122 0.323282
 752.000000 0.312589 0.372439
 753.000000 0.273939 0.360834
 754.000000 0.276788 0.359773
 755.000000 0.306746 0.383345
 756.000000 0.279314 0.388978
 757.000000 0.278291 0.352973
 758.000000 0.284779 0.369226
 759.000000 0.288074 0.366481
 760.000000 0.323013 0.380900
 761.000000 0.338511 0.395913
 762.000000 0.334583 0.394923
 763.000000 0.315461 0.386931
 764.000000 0.254637 0.320770
 765.000000 0.266942 0.355736
 766.000000 0.270072 0.373047
 767.000000 0.271399 0.386821
 768.000000 0.281432 0.363585
 769.000000 0.292663 0.414011
 770.000000 0.277802 0.378532
 771.000000 0.263831 0.359051
 772.000000 0.286825 0.396782
 773.000000 0.295895 0.391022
 774.000000 0.307762 0.384282
 775.000000 0.329924 0.421466
 776.000000 0.324990 0.434522
 777.000000 0.336292 0.449817
 778.000000 0.327157 0.435090
 779.000000 0.339065 0.418134
 780.000000 0.332567 0.453814
 781.000000 0.322141 0.444825
 782.000000 0.364091 0.439649
 783.000000 0.327510 0.391081
 784.000000 0.328351 0.401305
 785.000000 0.276593 0.303401
 786.000000 0.318560 0.370793
 787.000000 0.310032 0.387914
 788.000000 0.347252 0.405205
 789.000000 0.290366 0.348380
 790.000000 0.312876 0.360214
 791.000000 0.275551 0.342142
 792.000000 0.350537 0.410572
 793.000000 0.355204 0.411579
 794.000000 0.356650 0.410880
 795.000000 0.371718 0.437218
 796.000000 0.373516 0.443356
 797.000000 0.344281 0.387802
 798.000000 0.304803 0.359500
 799.000000 0.308165 0.386279
 800.000000 0.264440 0.348442
 801.000000 0.254489 0.331074
 802.000000 0.299954 0.370873
 803.000000 0.349118 0.435777
 804.000000 0.369099 0.419891
 805.000000 0.357795 0.411742
 806.000000 0.350838 0.409224
 807.000000 0.360339 0.454099
 808.000000 0.358828 0.448826
 809.000000 0.346596 0.417325
 810.000000 0.301059 0.362764
 811.000000 0.317279 0.388872
 812.000000 0.322956 0.396639
 813.000000 0.297859 0.361479
 814.000000 0.356582 0.451029
 815.000000 0.319622 0.373036
 816.000000 0.299776 0.391912
 817.000000 0.332043 0.396765
 818.000000 0.364345 0.416172
 819.000000 0.368128 0.436342
 820.000000 0.363667 0.425225
 821.000000 0.349105 0.435511
 822.000000 0.342038 0.392801
 823.000000 0.389166 0.445874
 824.000000 0.345701 0.405071
 825.000000 0.388066 0.456633
 826.000000 0.386665 0.481677
 827.000000 0.392366 0.476999
 828.000000 0.416966 0.471638
 829.000000 0.394445 0.487530
 830.000000 0.427063 0.517573
 831.000000 0.410214 0.494073
 832.000000 0.406877 0.489308
 833.000000 0.440070 0.513125
 834.000000 0.425144 0.494904
 835.000000 0.340331 0.434034
 836.000000 0.369731 0.433070
 837.000000 0.303477 0.364133
 838.000000 0.255239 0.336103
 839.000000 0.301707 0.383107
 840.000000 0.289701 0.389815
 841.000000 0.283609 0.341669
 842.000000 0.291914 0.348855
 843.000000 0.266559 0.336129
 844.000000 0.355311 0.401454
 845.000000 0.403702 0.457600
 846.000000 0.389942 0.451656
 847.000000 0.383529 0.447745
 848.000000 0.386919 0.442269
 849.000000 0.397238 0.437385
 850.000000 0.412315 0.476890
 851.000000 0.356012 0.410250
 852.000000 0.431303 0.478606
 853.000000 0.405864 0.464867
 854.000000 0.418515 0.487620
 855.000000 0.396542 0.463076
 856.000000 0.411791 0.485103
 857.000000 0.413284 0.472185
 858.000000 0.399628 0.475253
 859.000000 0.341388 0.415706
 860.000000 0.346937 0.394641
 861.000000 0.424414 0.465989
 862.000000 0.377119 0.433844
 863.000000 0.412663 0.444691
 864.000000 0.308951 0.371213
 865.000000 0.332743 0.389680
 866.000000 0.341936 0.419964
 867.000000 0.264984 0.323694
 868.000000 0.345042 0.411558
 869.000000 0.387784 0.433160
 870.000000 0.380637 0.430743
 871.000000 0.415385 0.455455
 872.000000 0.382760 0.410279
 873.000000 0.323692 0.358233
 874.000000 0.326138 0.349707
 875.000000 0.301993 0.345679
 876.000000 0.330241 0.378736
 877.000000 0.265137 0.298993
 878.000000 0.267005 0.304978
 879.000000 0.305120 0.334592
 880.000000 0.252713 0.303941
 881.000000 0.244104 0.273090
 882.000000 0.248461 0.279693
 883.000000 0.265792 0.303657
 884.000000 0.267707 0.289243
 885.000000 0.263879 0.279901
 886.000000 0.273285 0.308372
 887.000000 0.285289 0.318620
 888.000000 0.298115 0.327702
 889.000000 0.265245 0.298387
 890.000000 0.273960 0.299952
 891.000000 0.309949 0.356409
 892.000000 0.227265 0.258690
 893.000000 0.246028 0.251789
 894.000000 0.267035 0.293757
 895.000000 0.311931 0.353221
 896.000000 0.320562 0.357450
 897.000000 0.334471 0.352841
 898.000000 0.307944 0.350835
 899.000000 0.345436 0.381786
 900.000000 0.315207 0.354412
 901.000000 0.321106 0.356895
 902.000000 0.386697 0.446140
 903.000000 0.374401 0.424715
 904.000000 0.341942 0.379029
 905.000000 0.263014 0.295234
 906.000000 0.281724 0.321935
 907.000000 0.260690 0.275821
 908.000000 0.269159 0.295037
 909.000000 0.323951 0.389767
 910.000000 0.285243 0.327258
 911.000000 0.256620 0.279767
 912.000000 0.260399 0.296803
 913.000000 0.260986 0.315264
 914.000000 0.237432 0.285211
 915.000000 0.242239 0.294050
 916.000000 0.266037 0.306701
 917.000000 0.246949 0.276269
 918.000000 0.265450 0.316981
 919.000000 0.245833 0.297858
 920.000000 0.249815 0.275739
 921.000000 0.270996 0.305021
 922.000000 0.251160 0.302079
 923.000000 0.276628 0.325352
 924.000000 0.275174 0.318120
 925.000000 0.224311 0.266001
 926.000000 0.251271 0.283499
 927.000000 0.250332 0.296890
 928.000000 0.281138 0.346380
 929.000000 0.263860 0.313827
 930.000000 0.269709 0.327342
 931.000000 0.293743 0.321307
 932.000000 0.259396 0.323727
 933.000000 0.281525 0.329914
 934.000000 0.250560 0.306207
 935.000000 0.257414 0.314823
 936.000000 0.277394 0.294854
 937.000000 0.302425 0.333712
 938.000000 0.287956 0.343765
 939.000000 0.343025 0.404398
 940.000000 0.328194 0.374069
 941.000000 0.287079 0.335213
 942.000000 0.285873 0.351964
 943.000000 0.281868 0.316291
 944.000000 0.347402 0.380056
 945.000000 0.268158 0.333163
 946.000000 0.334055 0.380066
 947.000000 0.279178 0.362348
 948.000000 0.321667 0.367063
 949.000000 0.284411 0.329064
 950.000000 0.343094 0.364074
 951.000000 0.342113 0.414533
 952.000000 0.246515 0.286874
 953.000000 0.314581 0.367428
 954.000000 0.316955 0.371281
 955.000000 0.304238 0.351852
 956.000000 0.334041 0.366447
 957.000000 0.344882 0.414867
 958.000000 0.356642 0.426577
 959.000000 0.319523 0.361181
 960.000000 0.271264 0.315564
 961.000000 0.300498 0.356730
 962.000000 0.252380 0.288191
 963.000000 0.231208 0.256332
 964.000000 0.238951 0.282766
 965.000000 0.263079 0.308612
 966.000000 0.267441 0.318477
 967.000000 0.268727 0.292656
 968.000000 0.274802 0.324277
 969.000000 0.260302 0.308217
 970.000000 0.267775 0.333391
 971.000000 0.301950 0.357474
 972.000000 0.274502 0.332713
 973.000000 0.299413 0.342046
 974.000000 0.223626 0.286592
 975.000000 0.275011 0.332736
 976.000000 0.256986 0.325838
 977.000000 0.276010 0.345002
 978.000000 0.260731 0.301852
 979.000000 0.306058 0.347334
 980.000000 0.313933 0.369677
 981.000000 0.321596 0.370241
 982.000000 0.337713 0.412183
 983.000000 0.334692 0.408196
 984.000000 0.341887 0.424430
 985.000000 0.379678 0.433954
 986.000000 0.339552 0.402329
 987.000000 0.332932 0.385618
 988.000000 0.350914 0.394516
 989.000000 0.388852 0.438227
 990.000000 0.372582 0.436090
 991.000000 0.388508 0.445447
 992.000000 0.410619 0.464812
 993.000000 0.370572 0.429683
 994.000000 0.371648 0.439938
 995.000000 0.316881 0.373075
 996.000000 0.350954 0.367639
 997.000000 0.388416 0.443401
 998.000000 0.372846 0.443813
 999.000000 0.373051 0.428779
 1000.000000 0.357265 0.414246
 1001.000000 0.324545 0.375434
 1002.000000 0.347413 0.407920
 1003.000000 0.310241 0.359296
 1004.000000 0.285367 0.361934
 1005.000000 0.294072 0.375353
 1006.000000 0.258250 0.313717
 1007.000000 0.253251 0.288985
 1008.000000 0.281839 0.307389
 1009.000000 0.346809 0.396755
 1010.000000 0.364136 0.437042
 1011.000000 0.368479 0.446100
 1012.000000 0.379331 0.444706
 1013.000000 0.382108 0.424072
 1014.000000 0.370164 0.447125
 1015.000000 0.399165 0.459987
 1016.000000 0.391182 0.435843
 1017.000000 0.403468 0.462696
 1018.000000 0.353651 0.411900
 1019.000000 0.343428 0.406471
 1020.000000 0.350111 0.384454
 1021.000000 0.376708 0.431620
 1022.000000 0.350372 0.395087
 1023.000000 0.369589 0.433636
 1024.000000 0.351243 0.403145
 1025.000000 0.363247 0.427757
 1026.000000 0.383871 0.445512
 1027.000000 0.363574 0.409407
 1028.000000 0.329453 0.399466
 1029.000000 0.329947 0.399443
 1030.000000 0.368020 0.426219
 1031.000000 0.382026 0.450538
 1032.000000 0.352131 0.413908
 1033.000000 0.300865 0.356475
 1034.000000 0.322162 0.400054
 1035.000000 0.357663 0.439898
 1036.000000 0.351760 0.444362
 1037.000000 0.337996 0.395551
 1038.000000 0.377387 0.434442
 1039.000000 0.382422 0.439003
 1040.000000 0.357023 0.435096
 1041.000000 0.346737 0.421178
 1042.000000 0.383128 0.463760
 1043.000000 0.417676 0.476011
 1044.000000 0.392459 0.459983
 1045.000000 0.330640 0.389668
 1046.000000 0.348074 0.424724
 1047.000000 0.321563 0.384386
 1048.000000 0.337832 0.404410
 1049.000000 0.320065 0.372075
 1050.000000 0.446425 0.513557
 1051.000000 0.376673 0.427120
 1052.000000 0.435021 0.502424
 1053.000000 0.440147 0.483226
 1054.000000 0.437507 0.500462
 1055.000000 0.443540 0.477336
 1056.000000 0.345095 0.409352
 1057.000000 0.352864 0.416698
 1058.000000 0.428518 0.492135
 1059.000000 0.399766 0.449234
 1060.000000 0.390714 0.449030
 1061.000000 0.410214 0.451863
 1062.000000 0.435947 0.502604
 1063.000000 0.446061 0.474041
 1064.000000 0.419572 0.494115
 1065.000000 0.394361 0.456696
 1066.000000 0.418469 0.496300
 1067.000000 0.379131 0.430665
 1068.000000 0.361391 0.400294
 1069.000000 0.366977 0.419295
 1070.000000 0.403487 0.448159
 1071.000000 0.373198 0.452677
 1072.000000 0.327815 0.375013
 1073.000000 0.418605 0.476224
 1074.000000 0.400485 0.460273
 1075.000000 0.406533 0.470701
 1076.000000 0.386806 0.454466
 1077.000000 0.374570 0.435900
 1078.000000 0.377793 0.443454
 1079.000000 0.360421 0.431957
 1080.000000 0.351001 0.396827
 1081.000000 0.361884 0.433414
 1082.000000 0.422696 0.479036
 1083.000000 0.323490 0.386917
 1084.000000 0.382879 0.432971
 1085.000000 0.370813 0.447593
 1086.000000 0.419961 0.517450
 1087.000000 0.357978 0.449680
 1088.000000 0.417547 0.491122
 1089.000000 0.402729 0.467098
 1090.000000 0.328261 0.374085
 1091.000000 0.400987 0.471005
 1092.000000 0.400414 0.473830
 1093.000000 0.384884 0.449804
 1094.000000 0.384408 0.468743
 1095.000000 0.369672 0.448233
 1096.000000 0.415591 0.455732
 1097.000000 0.379383 0.411754
 1098.000000 0.399128 0.472007
 1099.000000 0.386267 0.422602
 1100.000000 0.328658 0.377654
 1101.000000 0.347498 0.408747
 1102.000000 0.308200 0.380480
 1103.000000 0.327211 0.403620
 1104.000000 0.309743 0.397454
 1105.000000 0.355380 0.432168
 1106.000000 0.355754 0.430612
 1107.000000 0.339393 0.426679
 1108.000000 0.339725 0.413134
 1109.000000 0.375331 0.435715
 1110.000000 0.387490 0.461787
 1111.000000 0.362708 0.445826
 1112.000000 0.311770 0.391798
 1113.000000 0.355132 0.417087
 1114.000000 0.351147 0.470894
 1115.000000 0.276313 0.348797
 1116.000000 0.300061 0.389944
 1117.000000 0.291688 0.360642
 1118.000000 0.286053 0.373057
 1119.000000 0.268170 0.368073
 1120.000000 0.281619 0.413047
 1121.000000 0.272385 0.386703
 1122.000000 0.288118 0.381922
 1123.000000 0.247750 0.356656
 1124.000000 0.240100 0.332908
 1125.000000 0.240579 0.340048
 1126.000000 0.242728 0.357794
 1127.000000 0.296545 0.433993
 1128.000000 0.229258 0.343967
 1129.000000 0.249984 0.367069
 1130.000000 0.253299 0.368962
 1131.000000 0.249521 0.341485
 1132.000000 0.227744 0.323463
 1133.000000 0.247358 0.356625
 1134.000000 0.254403 0.353259
 1135.000000 0.237711 0.334880
 1136.000000 0.247096 0.356374
 1137.000000 0.243651 0.308644
 1138.000000 0.234992 0.309426
 1139.000000 0.246602 0.319972
 1140.000000 0.251558 0.314607
 1141.000000 0.261957 0.354419
 1142.000000 0.237463 0.352627
 1143.000000 0.226957 0.303297
 1144.000000 0.260952 0.345976
 1145.000000 0.247601 0.303891
 1146.000000 0.258827 0.332625
 1147.000000 0.235215 0.340263
 1148.000000 0.240539 0.316167
 1149.000000 0.240737 0.316427
 1150.000000 0.232089 0.308814
 1151.000000 0.272690 0.342986
 1152.000000 0.225752 0.321569
 1153.000000 0.259060 0.355704
 1154.000000 0.257874 0.342114
 1155.000000 0.310820 0.389086
 1156.000000 0.279061 0.376884
 1157.000000 0.265526 0.371489
 1158.000000 0.278552 0.364128
 1159.000000 0.270930 0.357018
 1160.000000 0.237701 0.326093
 1161.000000 0.275396 0.354988
 1162.000000 0.237458 0.320727
 1163.000000 0.251319 0.326408
 1164.000000 0.263136 0.355091
 1165.000000 0.244121 0.340066
 1166.000000 0.243045 0.337694
 1167.000000 0.256555 0.316468
 1168.000000 0.273090 0.337795
 1169.000000 0.287534 0.376195
 1170.000000 0.243367 0.297101
 1171.000000 0.268004 0.341744
 1172.000000 0.238182 0.289228
 1173.000000 0.253272 0.344654
 1174.000000 0.271765 0.362771
 1175.000000 0.307686 0.395245
 1176.000000 0.285379 0.382011
 1177.000000 0.320653 0.422468
 1178.000000 0.323746 0.430530
 1179.000000 0.297728 0.413323
 1180.000000 0.306131 0.411569
 1181.000000 0.321830 0.421472
 1182.000000 0.316778 0.421541
 1183.000000 0.316204 0.401194
 1184.000000 0.313297 0.413619
 1185.000000 0.318615 0.423470
 1186.000000 0.333653 0.427032
 1187.000000 0.278109 0.405560
 1188.000000 0.315216 0.392084
 1189.000000 0.273338 0.358478
 1190.000000 0.326759 0.424780
 1191.000000 0.321878 0.416268
 1192.000000 0.336389 0.439151
 1193.000000 0.267906 0.354829
 1194.000000 0.296289 0.376829
 1195.000000 0.262055 0.315019
 1196.000000 0.253074 0.347624
 1197.000000 0.256037 0.342249
 1198.000000 0.322113 0.391321
 1199.000000 0.305829 0.372867
 1200.000000 0.288469 0.390003
 1201.000000 0.255009 0.339053
 1202.000000 0.233383 0.294123
 1203.000000 0.253325 0.341928
 1204.000000 0.268163 0.352048
 1205.000000 0.242785 0.361446
 1206.000000 0.265478 0.381244
 1207.000000 0.246448 0.323707
 1208.000000 0.223989 0.315207
 1209.000000 0.276700 0.366204
 1210.000000 0.233024 0.340361
 1211.000000 0.250124 0.348320
 1212.000000 0.274667 0.366607
 1213.000000 0.264460 0.377331
 1214.000000 0.263240 0.336382
 1215.000000 0.266385 0.367272
 1216.000000 0.260383 0.341771
 1217.000000 0.253534 0.323507
 1218.000000 0.317287 0.361997
 1219.000000 0.284835 0.339975
 1220.000000 0.284256 0.332334
 1221.000000 0.338082 0.412651
 1222.000000 0.372691 0.431501
 1223.000000 0.402405 0.466257
 1224.000000 0.337082 0.381656
 1225.000000 0.382570 0.438726
 1226.000000 0.361719 0.406381
 1227.000000 0.323487 0.385203
 1228.000000 0.341297 0.378270
 1229.000000 0.316266 0.365550
 1230.000000 0.297006 0.364422
 1231.000000 0.296806 0.359138
 1232.000000 0.319435 0.381595
 1233.000000 0.262995 0.325582
 1234.000000 0.260402 0.307006
 1235.000000 0.242905 0.298526
 1236.000000 0.251327 0.306708
 1237.000000 0.299017 0.374453
 1238.000000 0.307183 0.354229
 1239.000000 0.293925 0.340555
 1240.000000 0.374594 0.424313
 1241.000000 0.321229 0.377357
 1242.000000 0.380473 0.428557
 1243.000000 0.399169 0.434677
 1244.000000 0.414355 0.477267
 1245.000000 0.393957 0.435049
 1246.000000 0.427150 0.462609
 1247.000000 0.359509 0.415467
 1248.000000 0.407920 0.468164
 1249.000000 0.384009 0.439223
 1250.000000 0.374909 0.414001
 1251.000000 0.349080 0.409163
 1252.000000 0.376465 0.452567
 1253.000000 0.378852 0.480588
 1254.000000 0.363958 0.407579
 1255.000000 0.425869 0.483947
 1256.000000 0.400907 0.442051
 1257.000000 0.418182 0.462081
 1258.000000 0.419501 0.482760
 1259.000000 0.421048 0.495536
 1260.000000 0.407354 0.454687
 1261.000000 0.409448 0.462223
 1262.000000 0.422182 0.469308
 1263.000000 0.384405 0.432483
 1264.000000 0.432200 0.467469
 1265.000000 0.388372 0.451974
 1266.000000 0.397414 0.447645
 1267.000000 0.409758 0.481730
 1268.000000 0.408661 0.457460
 1269.000000 0.335653 0.396591
 1270.000000 0.428495 0.489658
 1271.000000 0.467129 0.507345
 1272.000000 0.464773 0.498471
 1273.000000 0.465183 0.518629
 1274.000000 0.440093 0.491481
 1275.000000 0.476424 0.538100
 1276.000000 0.480422 0.548679
 1277.000000 0.460629 0.529329
 1278.000000 0.459794 0.524493
 1279.000000 0.460051 0.534005
 1280.000000 0.483426 0.553118
 1281.000000 0.482674 0.539029
 1282.000000 0.507819 0.551237
 1283.000000 0.461211 0.532066
 1284.000000 0.450918 0.528277
 1285.000000 0.446215 0.525121
 1286.000000 0.422781 0.506677
 1287.000000 0.445568 0.529099
 1288.000000 0.433377 0.526468
 1289.000000 0.433424 0.516180
 1290.000000 0.433758 0.514660
 1291.000000 0.433164 0.503447
 1292.000000 0.445377 0.517581
 1293.000000 0.443866 0.521567
 1294.000000 0.474704 0.509900
 1295.000000 0.458236 0.498426
 1296.000000 0.472441 0.532116
 1297.000000 0.487820 0.544544
 1298.000000 0.457947 0.513766
 1299.000000 0.468340 0.518320
 1300.000000 0.448366 0.506628
 1301.000000 0.437703 0.493424
 1302.000000 0.444888 0.502187
 1303.000000 0.437247 0.496124
 1304.000000 0.430533 0.464108
 1305.000000 0.462762 0.532110
 1306.000000 0.446120 0.492705
 1307.000000 0.431680 0.498492
 1308.000000 0.461633 0.492787
 1309.000000 0.468889 0.516465
 1310.000000 0.498003 0.552789
 1311.000000 0.462685 0.504783
 1312.000000 0.466245 0.497395
 1313.000000 0.486865 0.514568
 1314.000000 0.461031 0.501349
 1315.000000 0.476532 0.572702
 1316.000000 0.498972 0.534657
 1317.000000 0.467403 0.525053
 1318.000000 0.443755 0.472995
 1319.000000 0.454356 0.476800
 1320.000000 0.475217 0.529514
 1321.000000 0.429317 0.495607
 1322.000000 0.458551 0.497109
 1323.000000 0.433887 0.481716
 1324.000000 0.465425 0.497975
 1325.000000 0.484701 0.518220
 1326.000000 0.489429 0.529139
 1327.000000 0.495371 0.518045
 1328.000000 0.496721 0.533199
 1329.000000 0.489437 0.515980
 1330.000000 0.488129 0.529297
 1331.000000 0.478898 0.510635
 1332.000000 0.431452 0.465924
 1333.000000 0.435002 0.466719
 1334.000000 0.506349 0.543140
 1335.000000 0.468390 0.500335
 1336.000000 0.438219 0.494284
 1337.000000 0.436496 0.489540
 1338.000000 0.474496 0.517605
 1339.000000 0.485720 0.543769
 1340.000000 0.478245 0.520257
 1341.000000 0.466762 0.510757
 1342.000000 0.479628 0.497163
 1343.000000 0.489940 0.544018
 1344.000000 0.475907 0.520825
 1345.000000 0.501543 0.553845
 1346.000000 0.443298 0.485624
 1347.000000 0.503975 0.561253
 1348.000000 0.492362 0.517934
 1349.000000 0.491339 0.540244
 1350.000000 0.465381 0.500200
 1351.000000 0.465118 0.512344
 1352.000000 0.419135 0.501550
 1353.000000 0.434134 0.472683
 1354.000000 0.416945 0.474269
 1355.000000 0.502916 0.551259
 1356.000000 0.452928 0.503552
 1357.000000 0.415849 0.463963
 1358.000000 0.410442 0.463985
 1359.000000 0.434649 0.471711
 1360.000000 0.469463 0.504554
 1361.000000 0.484462 0.528870
 1362.000000 0.509798 0.518321
 1363.000000 0.468298 0.497906
 1364.000000 0.449198 0.487200
 1365.000000 0.459628 0.515636
 1366.000000 0.431186 0.455915
 1367.000000 0.477792 0.513602
 1368.000000 0.455720 0.496550
 1369.000000 0.429161 0.445788
 1370.000000 0.426189 0.469888
 1371.000000 0.417994 0.448504
 1372.000000 0.499963 0.537595
 1373.000000 0.505116 0.530424
 1374.000000 0.508714 0.549993
 1375.000000 0.514986 0.566378
 1376.000000 0.529174 0.572862
 1377.000000 0.530997 0.559416
 1378.000000 0.503596 0.543428
 1379.000000 0.485768 0.536407
 1380.000000 0.464045 0.526039
 1381.000000 0.509996 0.544738
 1382.000000 0.506882 0.542061
 1383.000000 0.505954 0.561972
 1384.000000 0.540376 0.553860
 1385.000000 0.521869 0.565395
 1386.000000 0.465258 0.527650
 1387.000000 0.531497 0.545726
 1388.000000 0.469564 0.530745
 1389.000000 0.438535 0.508145
 1390.000000 0.434991 0.482359
 1391.000000 0.417964 0.468579
 1392.000000 0.420865 0.484289
 1393.000000 0.448224 0.512087
 1394.000000 0.440238 0.479411
 1395.000000 0.465105 0.504528
 1396.000000 0.437036 0.475280
 1397.000000 0.420530 0.473710
 1398.000000 0.446794 0.522889
 1399.000000 0.399502 0.444660
 1400.000000 0.405321 0.464516
 1401.000000 0.420205 0.491084
 1402.000000 0.438620 0.508014
 1403.000000 0.434268 0.509122
 1404.000000 0.425839 0.498678
 1405.000000 0.436417 0.480218
 1406.000000 0.451135 0.500850
 1407.000000 0.465094 0.518991
 1408.000000 0.487827 0.539821
 1409.000000 0.525759 0.564518
 1410.000000 0.496588 0.541085
 1411.000000 0.462194 0.518040
 1412.000000 0.473203 0.515010
 1413.000000 0.462147 0.511370
 1414.000000 0.439367 0.504619
 1415.000000 0.449614 0.475792
 1416.000000 0.464298 0.547399
 1417.000000 0.412309 0.487787
 1418.000000 0.392458 0.452707
 1419.000000 0.407142 0.466121
 1420.000000 0.465079 0.536363
 1421.000000 0.474791 0.550893
 1422.000000 0.472227 0.528556
 1423.000000 0.528913 0.588008
 1424.000000 0.505688 0.571488
 1425.000000 0.488790 0.535686
 1426.000000 0.512485 0.511878
 1427.000000 0.517638 0.538653
 1428.000000 0.507511 0.531391
 1429.000000 0.496989 0.533586
 1430.000000 0.520940 0.563558
 1431.000000 0.536861 0.572096
 1432.000000 0.543019 0.590751
 1433.000000 0.537683 0.568049
 1434.000000 0.537415 0.592247
 1435.000000 0.555665 0.598073
 1436.000000 0.557500 0.606672
 1437.000000 0.542707 0.585292
 1438.000000 0.523112 0.560204
 1439.000000 0.479815 0.544078
 1440.000000 0.465673 0.513762
 1441.000000 0.496710 0.554154
 1442.000000 0.472212 0.547907
 1443.000000 0.505775 0.547474
 1444.000000 0.544067 0.586731
 1445.000000 0.530549 0.575295
 1446.000000 0.466603 0.514736
 1447.000000 0.506992 0.549842
 1448.000000 0.473637 0.541564
 1449.000000 0.502138 0.559781
 1450.000000 0.475840 0.569480
 1451.000000 0.475878 0.549113
 1452.000000 0.487969 0.583045
 1453.000000 0.463319 0.536703
 1454.000000 0.489263 0.580172
 1455.000000 0.462750 0.533528
 1456.000000 0.427785 0.493151
 1457.000000 0.418688 0.473006
 1458.000000 0.402269 0.472026
 1459.000000 0.416719 0.462283
 1460.000000 0.420611 0.454945
 1461.000000 0.418477 0.476977
 1462.000000 0.400349 0.465081
 1463.000000 0.435578 0.485599
 1464.000000 0.453209 0.523000
 1465.000000 0.412070 0.449090
 1466.000000 0.408083 0.447960
 1467.000000 0.404152 0.448026
 1468.000000 0.404507 0.478630
 1469.000000 0.448601 0.505976
 1470.000000 0.419746 0.497960
 1471.000000 0.447749 0.503134
 1472.000000 0.474580 0.553844
 1473.000000 0.442852 0.513236
 1474.000000 0.403078 0.468590
 1475.000000 0.429618 0.515003
 1476.000000 0.437277 0.522670
 1477.000000 0.420500 0.516277
 1478.000000 0.413608 0.472262
 1479.000000 0.492147 0.546877
 1480.000000 0.455527 0.509637
 1481.000000 0.449639 0.511941
 1482.000000 0.417526 0.485647
 1483.000000 0.454057 0.523275
 1484.000000 0.408397 0.477978
 1485.000000 0.418776 0.493765
 1486.000000 0.430155 0.535871
 1487.000000 0.429332 0.488306
 1488.000000 0.434874 0.500200
 1489.000000 0.413528 0.486009
 1490.000000 0.405357 0.464757
 1491.000000 0.340393 0.383154
 1492.000000 0.353052 0.409858
 1493.000000 0.304688 0.363426
 1494.000000 0.323304 0.366777
 1495.000000 0.277389 0.353855
 1496.000000 0.325754 0.383259
 1497.000000 0.312164 0.336915
 1498.000000 0.340837 0.383613
 1499.000000 0.317087 0.392361
 1500.000000 0.277920 0.342672
 1501.000000 0.286495 0.341854
 1502.000000 0.310384 0.357660
 1503.000000 0.303218 0.358829
 1504.000000 0.321268 0.376121
 1505.000000 0.311947 0.380626
 1506.000000 0.287363 0.340633
 1507.000000 0.273726 0.328742
 1508.000000 0.283159 0.338314
 1509.000000 0.286304 0.358163
 1510.000000 0.327811 0.372665
 1511.000000 0.320780 0.346538
 1512.000000 0.333293 0.372004
 1513.000000 0.351263 0.358409
 1514.000000 0.342273 0.375173
 1515.000000 0.305659 0.341773
 1516.000000 0.271746 0.312003
 1517.000000 0.269440 0.315987
 1518.000000 0.297628 0.370009
 1519.000000 0.267867 0.334558
 1520.000000 0.244293 0.312417
 1521.000000 0.282032 0.355259
 1522.000000 0.332358 0.419129
 1523.000000 0.327931 0.381857
 1524.000000 0.301286 0.362592
 1525.000000 0.290036 0.348844
 1526.000000 0.283205 0.312566
 1527.000000 0.285510 0.324976
 1528.000000 0.291366 0.318335
 1529.000000 0.305099 0.364071
 1530.000000 0.274288 0.326236
 1531.000000 0.288908 0.369698
 1532.000000 0.275339 0.330377
 1533.000000 0.258283 0.300752
 1534.000000 0.241983 0.295500
 1535.000000 0.258352 0.300570
