#! FIELDS time d1 d2
 0.000000 0.038053 0.149284
 1.000000 0.026434 0.123112
 2.000000 0.061438 0.143294
 3.000000 0.011325 0.104699
 4.000000 0.047019 0.157763
 5.000000 0.042417 0.157302
 6.000000 0.046546 0.168285
 7.000000 0.009670 0.109694
 8.000000 0.044138 0.154742
 9.000000 0.011895 0.121621
 10.000000 0.023162 0.147368
 11.000000 0.023880 0.125837
 12.000000 0.055836 0.162286
 13.000000 0.043766 0.159592
 14.000000 0.055849 0.162659
 15.000000 0.059834 0.187310
 16.000000 0.035548 0.131208
 17.000000 0.053632 0.163910
 18.000000 0.050963 0.143362
 19.000000 0.027607 0.145713
 20.000000 0.041113 0.147211
 21.000000 0.044292 0.148129
 22.000000 0.036094 0.133283
 23.000000 0.033404 0.134349
 24.000000 0.041292 0.145058
 25.000000 0.039969 0.143866
 26.000000 0.029255 0.139953
 27.000000 0.038205 0.156897
 28.000000 0.051412 0.186040
 29.000000 0.026402 0.139915
 30.000000 0.010367 0.136449
 31.000000 0.029235 0.151338
 32.000000 0.024874 0.121096
 33.000000 0.042265 0.139290
 34.000000 0.005220 0.112104
 35.000000 0.038610 0.149105
 36.000000 0.025314 0.133464
 37.000000 0.035861 0.155211
 38.000000 0.017753 0.110730
 39.000000 0.035501 0.121426
 40.000000 0.022383 0.154476
 41.000000 0.047327 0.164492
 42.000000 0.028329 0.145158
 43.000000 0.050453 0.187064
 44.000000 0.037401 0.145646
 45.000000 0.026151 0.136136
 46.000000 0.063236 0.181808
 47.000000 0.045338 0.165703
 48.000000 0.028068 0.144730
 49.000000 0.027575 0.123886
 50.000000 0.028889 0.145127
 51.000000 0.058895 0.161600
 52.000000 0.044048 0.164501
 53.000000 0.054351 0.170911
 54.000000 0.026213 0.139367
 55.000000 0.009488 0.107414
 56.000000 0.024030 0.127291
 57.000000 0.002321 0.121836
 58.000000 0.014538 0.106834
 59.000000 0.055038 0.165499
 60.000000 0.028931 0.145398
 61.000000 0.016761 0.142756
 62.000000 0.020035 0.141408
 63.000000 0.053498 0.168365
 64.000000 0.040268 0.135699
 65.000000 0.066594 0.168425
 66.000000 0.031890 0.158648
 67.000000 0.033722 0.134401
 68.000000 0.020514 0.105088
 69.000000 0.025902 0.145171
 70.000000 0.013018 0.146556
 71.000000 0.003590 0.120163
 72.000000 0.003083 0.097318
 73.000000 0.016732 0.133190
 74.000000 0.005462 0.125173
 75.000000 0.031472 0.135418
 76.000000 0.056361 0.165619
 77.000000 0.045809 0.142276
 78.000000 0.028439 0.122526
 79.000000 0.039386 0.141152
 80.000000 0.022934 0.125337
 81.000000 0.044623 0.153990
 82.000000 0.056944 0.179533
 83.000000 0.036511 0.151678
 84.000000 0.027370 0.138626
 85.000000 0.031510 0.141244
 86.000000 0.000667 0.102501
 87.000000 0.123010 0.228936
 88.000000 0.065594 0.175273
 89.000000 0.084906 0.196483
 90.000000 0.069429 0.198517
 91.000000 0.119483 0.232804
 92.000000 0.112727 0.233369
 93.000000 0.069350 0.182602
 94.000000 0.205368 0.267443
 95.000000 0.080124 0.192060
 96.000000 0.083879 0.186769
 97.000000 0.081349 0.197853
 98.000000 0.096933 0.211781
 99.000000 0.068726 0.177553
 100.000000 0.077844 0.204653
 101.000000 0.077840 0.196373
 102.000000 0.072423 0.195609
 103.000000 0.079597 0.185482
 104.000000 0.082233 0.203541
 105.000000 0.089729 0.226097
 106.000000 0.085325 0.205760
 107.000000 0.085053 0.209454
 108.000000 0.067716 0.188906
 109.000000 0.067900 0.183256
 110.000000 0.065826 0.174576
 111.000000 0.087219 0.208311
 112.000000 0.084711 0.195839
 113.000000 0.079411 0.199428
 114.000000 0.077430 0.184298
 115.000000 0.078229 0.194350
 116.000000 0.095273 0.205415
 117.000000 0.060985 0.177040
 118.000000 0.077579 0.199731
 119.000000 0.084304 0.206056
 120.000000 0.078125 0.194781
 121.000000 0.076623 0.195913
 122.000000 0.075950 0.180925
 123.000000 0.083070 0.198675
 124.000000 0.068609 0.191459
 125.000000 0.091863 0.202766
 126.000000 0.064467 0.175646
 127.000000 0.179433 0.253947
 128.000000 0.195487 0.254112
 129.000000 0.205372 0.271376
 130.000000 0.182610 0.252568
 131.000000 0.226938 0.311130
 132.000000 0.203978 0.256042
 133.000000 0.175321 0.248622
 134.000000 0.150606 0.203903
 135.000000 0.130340 0.199264
 136.000000 0.138757 0.207094
 137.000000 0.175902 0.246331
 138.000000 0.158048 0.215567
 139.000000 0.176354 0.249160
 140.000000 0.167499 0.227213
 141.000000 0.169981 0.221751
 142.000000 0.200958 0.258192
 143.000000 0.197525 0.249778
 144.000000 0.186544 0.235758
 145.000000 0.216796 0.299787
 146.000000 0.233816 0.281976
 147.000000 0.206534 0.273989
 148.000000 0.224600 0.281259
 149.000000 0.241178 0.296212
 150.000000 0.197506 0.246688
 151.000000 0.234786 0.308023
 152.000000 0.258891 0.330349
 153.000000 0.258944 0.332025
 154.000000 0.275325 0.387637
 155.000000 0.256378 0.355669
 156.000000 0.278866 0.395289
 157.000000 0.245744 0.368709
 158.000000 0.259263 0.372879
 159.000000 0.245389 0.378967
 160.000000 0.236868 0.370853
 161.000000 0.308529 0.423520
 162.000000 0.300533 0.405861
 163.000000 0.252062 0.355837
 164.000000 0.233659 0.355927
 165.000000 0.236426 0.338664
 166.000000 0.216573 0.325336
 167.000000 0.293279 0.389343
 168.000000 0.257413 0.356246
 169.000000 0.307368 0.412689
 170.000000 0.258372 0.345581
 171.000000 0.285377 0.373821
 172.000000 0.317330 0.392550
 173.000000 0.302091 0.387688
 174.000000 0.251292 0.335118
 175.000000 0.237283 0.319284
 176.000000 0.278012 0.372964
 177.000000 0.331362 0.401625
 178.000000 0.272100 0.352515
 179.000000 0.259475 0.340379
 180.000000 0.268681 0.365052
 181.000000 0.307668 0.392187
 182.000000 0.231504 0.317349
 183.000000 0.287051 0.369337
 184.000000 0.312965 0.409641
 185.000000 0.331315 0.450465
 186.000000 0.349840 0.432649
 187.000000 0.324194 0.432507
 188.000000 0.373134 0.491268
 189.000000 0.359048 0.452769
 190.000000 0.399534 0.465059
 191.000000 0.401155 0.470910
 192.000000 0.355857 0.422793
 193.000000 0.333685 0.398841
 194.000000 0.372310 0.435474
 195.000000 0.368738 0.442357
 196.000000 0.376614 0.475728
 197.000000 0.410911 0.480088
 198.000000 0.401866 0.463792
 199.000000 0.339000 0.404323
 200.000000 0.402627 0.459280
 201.000000 0.409297 0.469489
 202.000000 0.411448 0.475634
 203.000000 0.406446 0.432834
 204.000000 0.363323 0.445906
 205.000000 0.441676 0.491034
 206.000000 0.472930 0.514830
 207.000000 0.414547 0.452827
 208.000000 0.461466 0.495747
 209.000000 0.409066 0.463404
 210.000000 0.332690 0.387128
 211.000000 0.359832 0.424697
 212.000000 0.317431 0.391612
 213.000000 0.325911 0.384486
 214.000000 0.327707 0.400398
 215.000000 0.315262 0.374149
 216.000000 0.324172 0.394714
 217.000000 0.342860 0.404068
 218.000000 0.384089 0.434498
 219.000000 0.342695 0.417648
 220.000000 0.354481 0.430756
 221.000000 0.425487 0.459935
 222.000000 0.409564 0.442458
 223.000000 0.391990 0.447894
 224.000000 0.387866 0.430723
 225.000000 0.343556 0.431687
 226.000000 0.332551 0.414941
 227.000000 0.387776 0.442673
 228.000000 0.398377 0.456328
 229.000000 0.330981 0.432256
 230.000000 0.329212 0.409977
 231.000000 0.335536 0.431271
 232.000000 0.372900 0.437717
 233.000000 0.340473 0.407844
 234.000000 0.335372 0.374793
 235.000000 0.429552 0.484169
 236.000000 0.395824 0.461116
 237.000000 0.356243 0.426976
 238.000000 0.310011 0.390944
 239.000000 0.300987 0.353584
 240.000000 0.301732 0.359186
 241.000000 0.343568 0.410070
 242.000000 0.369953 0.425517
 243.000000 0.391780 0.438118
 244.000000 0.441925 0.487332
 245.000000 0.496764 0.533475
 246.000000 0.556241 0.593372
 247.000000 0.575625 0.613927
 248.000000 0.527079 0.569763
 249.000000 0.480665 0.554583
 250.000000 0.510785 0.569157
 251.000000 0.507910 0.562314
 252.000000 0.539035 0.604196
 253.000000 0.494715 0.547185
 254.000000 0.497349 0.557068
 255.000000 0.508367 0.552841
 256.000000 0.550316 0.591216
 257.000000 0.509978 0.575248
 258.000000 0.509449 0.554704
 259.000000 0.453843 0.502802
 260.000000 0.523417 0.545045
 261.000000 0.571107 0.607361
 262.000000 0.578022 0.601643
 263.000000 0.563014 0.577392
 264.000000 0.558647 0.560717
 265.000000 0.539143 0.552287
 266.000000 0.484520 0.532615
 267.000000 0.456520 0.510295
 268.000000 0.496581 0.536817
 269.000000 0.461592 0.511639
 270.000000 0.468572 0.516774
 271.000000 0.440721 0.481251
 272.000000 0.444492 0.483450
 273.000000 0.472553 0.506671
 274.000000 0.463995 0.518058
 275.000000 0.459922 0.495337
 276.000000 0.427326 0.480541
 277.000000 0.438050 0.506262
 278.000000 0.486769 0.506623
 279.000000 0.431420 0.462001
 280.000000 0.427645 0.457747
 281.000000 0.494730 0.526217
 282.000000 0.486742 0.547163
 283.000000 0.542773 0.579582
 284.000000 0.417158 0.431311
 285.000000 0.396424 0.466898
 286.000000 0.377211 0.411212
 287.000000 0.377951 0.424493
 288.000000 0.392596 0.441424
 289.000000 0.403219 0.440699
 290.000000 0.394497 0.449582
 291.000000 0.366499 0.422329
 292.000000 0.337931 0.410546
 293.000000 0.432680 0.453831
 294.000000 0.407715 0.444754
 295.000000 0.357084 0.398529
 296.000000 0.402527 0.451351
 297.000000 0.362046 0.410136
 298.000000 0.369993 0.418204
 299.000000 0.380572 0.436201
 300.000000 0.389075 0.443600
 301.000000 0.442987 0.486238
 302.000000 0.417543 0.461428
 303.000000 0.467676 0.500136
 304.000000 0.514401 0.523204
 305.000000 0.509737 0.524940
 306.000000 0.493863 0.498628
 307.000000 0.491972 0.490496
 308.000000 0.551205 0.583481
 309.000000 0.581133 0.589493
 310.000000 0.609603 0.618641
 311.000000 0.583694 0.584379
 312.000000 0.597515 0.585515
 313.000000 0.580408 0.601081
 314.000000 0.558633 0.573395
 315.000000 0.603501 0.615891
 316.000000 0.555948 0.572643
 317.000000 0.529986 0.576031
 318.000000 0.518268 0.523294
 319.000000 0.561265 0.561709
 320.000000 0.541776 0.536525
 321.000000 0.562862 0.540709
 322.000000 0.601960 0.608858
 323.000000 0.577402 0.598593
 324.000000 0.602678 0.595522
 325.000000 0.666380 0.674557
 326.000000 0.652137 0.664411
 327.000000 0.654361 0.682036
 328.000000 0.638273 0.651498
 329.000000 0.644237 0.636614
 330.000000 0.540295 0.571340
 331.000000 0.623345 0.637755
 332.000000 0.643735 0.674592
 333.000000 0.665113 0.689923
 334.000000 0.655121 0.686151
 335.000000 0.611601 0.653648
 336.000000 0.640537 0.672959
 337.000000 0.635013 0.660849
 338.000000 0.588459 0.593021
 339.000000 0.580645 0.599874
 340.000000 0.542167 0.542392
 341.000000 0.519586 0.547366
 342.000000 0.478595 0.512937
 343.000000 0.528011 0.555366
 344.000000 0.512531 0.549978
 345.000000 0.528218 0.546095
 346.000000 0.468782 0.497604
 347.000000 0.489076 0.535690
 348.000000 0.476105 0.528226
 349.000000 0.452460 0.499717
 350.000000 0.493738 0.557243
 351.000000 0.454249 0.520134
 352.000000 0.465703 0.540651
 353.000000 0.460643 0.545073
 354.000000 0.468278 0.527317
 355.000000 0.476740 0.559368
 356.000000 0.470246 0.533439
 357.000000 0.449492 0.507977
 358.000000 0.480418 0.540874
 359.000000 0.433662 0.511305
 360.000000 0.437340 0.508734
 361.000000 0.463794 0.513004
 362.000000 0.463395 0.520456
 363.000000 0.470209 0.524179
 364.000000 0.456345 0.507709
 365.000000 0.455233 0.533939
 366.000000 0.503182 0.548720
 367.000000 0.411803 0.480474
 368.000000 0.452679 0.515558
 369.000000 0.425133 0.499611
 370.000000 0.402433 0.502194
 371.000000 0.430498 0.537756
 372.000000 0.419325 0.522303
 373.000000 0.391272 0.508539
 374.000000 0.374615 0.470662
 375.000000 0.384660 0.490646
 376.000000 0.381257 0.479257
 377.000000 0.434795 0.514407
 378.000000 0.382747 0.481875
 379.000000 0.396825 0.487599
 380.000000 0.372515 0.478432
 381.000000 0.395364 0.496945
 382.000000 0.426162 0.517043
 383.000000 0.357009 0.447543
 384.000000 0.426678 0.480383
 385.000000 0.450284 0.511917
 386.000000 0.449983 0.495588
 387.000000 0.437651 0.491049
 388.000000 0.429022 0.490824
 389.000000 0.460818 0.523934
 390.000000 0.505340 0.535889
 391.000000 0.427041 0.477124
 392.000000 0.454097 0.504630
 393.000000 0.503800 0.542015
 394.000000 0.582162 0.595477
 395.000000 0.551469 0.587727
 396.000000 0.538250 0.541035
 397.000000 0.585800 0.615838
 398.000000 0.589862 0.612796
 399.000000 0.523502 0.572126
 400.000000 0.592320 0.613589
 401.000000 0.537807 0.583975
 402.000000 0.557780 0.565136
 403.000000 0.527160 0.547300
 404.000000 0.520919 0.563275
 405.000000 0.556895 0.595292
 406.000000 0.577321 0.606927
 407.000000 0.549903 0.574090
 408.000000 0.556291 0.608293
 409.000000 0.608793 0.642198
 410.000000 0.608796 0.628871
 411.000000 0.573107 0.576205
 412.000000 0.549458 0.555958
 413.000000 0.557833 0.559570
 414.000000 0.510924 0.548724
 415.000000 0.585785 0.584685
 416.000000 0.562481 0.605294
 417.000000 0.486838 0.534009
 418.000000 0.475546 0.506963
 419.000000 0.542822 0.579478
 420.000000 0.491581 0.570455
 421.000000 0.512260 0.558778
 422.000000 0.460756 0.506976
 423.000000 0.489787 0.521798
 424.000000 0.437159 0.508319
 425.000000 0.501481 0.526292
 426.000000 0.491944 0.558606
 427.000000 0.586264 0.616113
 428.000000 0.585760 0.599483
 429.000000 0.582639 0.600989
 430.000000 0.571226 0.599121
 431.000000 0.551047 0.591065
 432.000000 0.569482 0.588209
 433.000000 0.532289 0.566780
 434.000000 0.478327 0.572115
 435.000000 0.511031 0.552518
 436.000000 0.483972 0.566155
 437.000000 0.525085 0.545510
 438.000000 0.593154 0.629564
 439.000000 0.552080 0.611738
 440.000000 0.611178 0.658921
 441.000000 0.607884 0.627266
 442.000000 0.631623 0.659581
 443.000000 0.606779 0.601758
 444.000000 0.623525 0.628179
 445.000000 0.662300 0.640350
 446.000000 0.588702 0.598894
 447.000000 0.579251 0.594390
 448.000000 0.579141 0.610321
 449.000000 0.541162 0.581611
 450.000000 0.517486 0.578794
 451.000000 0.483422 0.543883
 452.000000 0.500200 0.527481
 453.000000 0.485720 0.562775
 454.000000 0.509509 0.540047
 455.000000 0.489223 0.516772
 456.000000 0.473034 0.543772
 457.000000 0.503092 0.529313
 458.000000 0.487137 0.544642
 459.000000 0.452673 0.499323
 460.000000 0.492688 0.532666
 461.000000 0.501964 0.558649
 462.000000 0.491076 0.539971
 463.000000 0.492383 0.556600
 464.000000 0.425623 0.479165
 465.000000 0.452083 0.491821
 466.000000 0.434487 0.439591
 467.000000 0.399854 0.506903
 468.000000 0.443184 0.516061
 469.000000 0.415759 0.475543
 470.000000 0.478137 0.530876
 471.000000 0.483246 0.526182
 472.000000 0.551985 0.595174
 473.000000 0.551434 0.589878
 474.000000 0.722620 0.713073
 475.000000 0.736398 0.703093
 476.000000 0.751064 0.753258
 477.000000 0.743592 0.772713
 478.000000 0.708541 0.766055
 479.000000 0.731400 0.770294
 480.000000 0.687850 0.720627
 481.000000 0.740633 0.790899
 482.000000 0.716763 0.745793
 483.000000 0.663987 0.736312
 484.000000 0.672979 0.724080
 485.000000 0.792078 0.820571
 486.000000 0.776966 0.807373
 487.000000 0.771605 0.799757
 488.000000 0.821676 0.832132
 489.000000 0.785508 0.848332
 490.000000 0.731178 0.768775
 491.000000 0.717209 0.738561
 492.000000 0.704793 0.779799
 493.000000 0.680240 0.776468
 494.000000 0.760051 0.803363
 495.000000 0.678682 0.738379
 496.000000 0.818458 0.876387
 497.000000 0.826553 0.852083
 498.000000 0.820904 0.839443
 499.000000 0.829858 0.872700
 500.000000 0.782025 0.841225
 501.000000 0.678832 0.777482
 502.000000 0.676938 0.734575
 503.000000 0.697881 0.782693
 504.000000 0.778069 0.810786
 505.000000 0.878859 0.892107
 506.000000 0.921321 0.949466
 507.000000 0.976277 0.989768
 508.000000 0.906006 0.961035
 509.000000 1.065738 1.082377
 510.000000 1.103707 1.177044
 511.000000 0.908294 0.997744
 512.000000 0.889789 1.075166
 513.000000 0.996399 1.151150
 514.000000 1.033106 1.143663
 515.000000 1.136761 1.188686
 516.000000 1.279940 1.357633
 517.000000 1.144438 1.255873
 518.000000 1.166851 1.250656
 519.000000 1.096145 1.207947
 520.000000 1.066146 1.189444
 521.000000 0.994361 1.096964
 522.000000 1.014711 1.142191
 523.000000 0.921593 1.080917
 524.000000 0.966754 1.101929
 525.000000 1.062435 1.159577
 526.000000 0.966764 1.128878
 527.000000 0.968771 1.143143
 528.000000 1.054635 1.206409
 529.000000 1.341751 1.492585
 530.000000 1.316941 1.430370
 531.000000 1.275496 1.430692
 532.000000 1.202992 1.319387
 533.000000 1.237487 1.410320
 534.000000 1.320713 1.436241
 535.000000 1.205309 1.313776
 536.000000 1.212318 1.318152
 537.000000 1.156365 1.275418
 538.000000 1.159903 1.260705
 539.000000 1.196006 1.303731
 540.000000 1.161096 1.276650
 541.000000 1.123126 1.175176
 542.000000 1.040413 1.157900
 543.000000 1.118592 1.240448
 544.000000 0.860705 1.037185
 545.000000 0.901526 1.094900
 546.000000 1.301150 1.489114
 547.000000 1.296716 1.479018
 548.000000 1.145868 1.320933
 549.000000 0.919221 1.120028
 550.000000 0.920156 1.139349
 551.000000 0.839773 1.012849
 552.000000 0.900236 1.066241
 553.000000 1.083820 1.247201
 554.000000 1.191604 1.346474
 555.000000 1.068792 1.251679
 556.000000 1.157035 1.296187
 557.000000 1.045608 1.207597
 558.000000 1.308304 1.464493
 559.000000 1.177015 1.311854
 560.000000 1.235438 1.354312
 561.000000 1.328539 1.427466
 562.000000 1.253922 1.326924
 563.000000 1.018795 1.128298
 564.000000 0.970593 1.066434
 565.000000 0.926161 1.069577
 566.000000 0.871019 1.004467
 567.000000 1.067931 1.170074
 568.000000 1.160749 1.186078
 569.000000 1.090863 1.209980
 570.000000 0.987070 1.148916
 571.000000 0.989024 1.097909
 572.000000 0.897178 1.055945
 573.000000 0.946979 1.098702
 574.000000 0.905086 1.039858
 575.000000 0.850832 0.990482
 576.000000 0.809111 0.964350
 577.000000 1.027576 1.167589
 578.000000 1.053412 1.160749
 579.000000 1.006916 1.102756
 580.000000 0.893154 1.034187
 581.000000 0.787418 0.909143
 582.000000 1.089208 1.166912
 583.000000 1.348566 1.433597
 584.000000 1.257325 1.342923
 585.000000 1.285891 1.354141
 586.000000 1.252386 1.324555
 587.000000 1.335871 1.414627
 588.000000 1.230556 1.362449
 589.000000 1.321142 1.413718
 590.000000 1.379036 1.429636
 591.000000 1.177697 1.262334
 592.000000 1.088443 1.192243
 593.000000 1.054623 1.144558
 594.000000 1.003225 1.063715
 595.000000 0.955474 1.061863
 596.000000 0.962912 1.051740
 597.000000 0.957806 1.041334
 598.000000 0.811517 0.882219
 599.000000 0.896079 0.949488
 600.000000 0.868042 0.926091
 601.000000 0.896626 0.968537
 602.000000 0.943631 0.991573
 603.000000 1.050959 1.060832
 604.000000 1.041189 1.047497
 605.000000 0.916017 0.956321
 606.000000 0.891474 0.938314
 607.000000 0.797059 0.836785
 608.000000 0.731500 0.775549
 609.000000 0.851601 0.905549
 610.000000 0.918505 0.953884
 611.000000 0.918907 0.937488
 612.000000 0.959496 1.002661
 613.000000 0.936360 0.991974
 614.000000 1.090852 1.142707
 615.000000 1.135221 1.156820
 616.000000 1.127120 1.147425
 617.000000 1.130260 1.155151
 618.000000 1.019509 1.047190
 619.000000 1.031433 1.088060
 620.000000 1.113935 1.144616
 621.000000 1.040494 1.112289
 622.000000 1.116844 1.149280
 623.000000 1.168687 1.161841
 624.000000 1.265042 1.259086
 625.000000 1.196946 1.216833
 626.000000 1.339366 1.332324
 627.000000 1.309865 1.288842
 628.000000 1.337328 1.336922
 629.000000 1.304707 1.276313
 630.000000 1.277641 1.281268
 631.000000 1.212041 1.225283
 632.000000 1.232280 1.255831
 633.000000 1.135143 1.150073
 634.000000 1.107676 1.150885
 635.000000 1.187221 1.222638
 636.000000 1.182943 1.222122
 637.000000 1.191149 1.234084
 638.000000 1.362504 1.379061
 639.000000 1.247806 1.262265
 640.000000 1.094134 1.119275
 641.000000 1.044817 1.080061
 642.000000 1.151602 1.217708
 643.000000 1.295685 1.304053
 644.000000 1.269954 1.361748
 645.000000 1.088820 1.193393
 646.000000 1.009532 1.080312
 647.000000 1.299161 1.350446
 648.000000 1.348448 1.416116
 649.000000 1.230008 1.284201
 650.000000 1.330572 1.410936
 651.000000 1.164978 1.274340
 652.000000 1.253006 1.326269
 653.000000 1.382705 1.481045
 654.000000 1.060709 1.145739
 655.000000 1.305147 1.344347
 656.000000 1.070216 1.140550
 657.000000 1.040804 1.098770
 658.000000 1.040013 1.100192
 659.000000 1.061186 1.103414
 660.000000 1.149868 1.223272
 661.000000 0.978557 1.045049
 662.000000 1.053109 1.063871
 663.000000 1.241872 1.277780
 664.000000 1.227241 1.276390
 665.000000 1.144741 1.171097
 666.000000 1.043720 1.078895
 667.000000 1.146696 1.182605
 668.000000 1.273336 1.339976
 669.000000 1.335364 1.388804
 670.000000 1.352447 1.418177
 671.000000 1.337880 1.380741
 672.000000 1.286251 1.307794
 673.000000 1.245313 1.334750
 674.000000 1.200246 1.292225
 675.000000 1.254509 1.318900
 676.000000 1.213127 1.277706
 677.000000 1.298586 1.344313
 678.000000 1.353136 1.403483
 679.000000 1.331539 1.364363
 680.000000 1.273870 1.321770
 681.000000 1.239170 1.259885
 682.000000 1.134271 1.191427
 683.000000 1.161972 1.205664
 684.000000 1.212446 1.258454
 685.000000 1.243572 1.294131
 686.000000 1.214413 1.254626
 687.000000 1.231907 1.241120
 688.000000 1.133276 1.142378
 689.000000 1.099214 1.127586
 690.000000 1.003266 1.004515
 691.000000 0.888214 0.930052
 692.000000 0.917532 0.952718
 693.000000 0.846265 0.900175
 694.000000 0.862434 0.874215
 695.000000 0.773048 0.792222
 696.000000 0.904729 0.909113
 697.000000 0.855971 0.841954
 698.000000 0.862407 0.872568
 699.000000 0.944950 0.962758
 700.000000 0.829991 0.872640
 701.000000 0.862200 0.891377
 702.000000 0.845981 0.882125
 703.000000 0.778682 0.839622
 704.000000 0.759052 0.820050
 705.000000 0.766348 0.838414
 706.000000 0.817377 0.857324
 707.000000 0.778605 0.832286
 708.000000 0.806637 0.870533
 709.000000 0.742132 0.794754
 710.000000 0.824248 0.867340
 711.000000 0.832207 0.888210
 712.000000 0.892329 0.931990
 713.000000 0.856140 0.913458
 714.000000 0.810800 0.856872
 715.000000 0.820371 0.875437
 716.000000 0.737756 0.806154
 717.000000 0.816492 0.867787
 718.000000 0.768960 0.827631
 719.000000 0.880363 0.953276
 720.000000 0.952296 1.015547
 721.000000 0.895184 0.947719
 722.000000 0.898287 0.950864
 723.000000 1.002243 1.022967
 724.000000 0.922927 0.960540
 725.000000 0.740523 0.804727
 726.000000 0.735198 0.820239
 727.000000 0.870658 0.932793
 728.000000 0.969801 1.016401
 729.000000 0.908339 0.954149
 730.000000 0.938890 0.982588
 731.000000 0.974367 1.015203
 732.000000 0.965911 1.045657
 733.000000 0.937863 1.039971
 734.000000 0.931708 0.980344
 735.000000 0.923712 0.979654
 736.000000 0.819979 0.896005
 737.000000 0.947790 0.995428
 738.000000 0.932693 0.959777
 739.000000 0.938129 0.989928
 740.000000 0.995030 1.040812
 741.000000 0.930473 0.976991
 742.000000 0.997061 1.060912
 743.000000 0.981750 1.034901
 744.000000 0.915953 0.993149
 745.000000 0.911262 0.988416
 746.000000 0.991442 1.036366
 747.000000 1.004671 1.048034
 748.000000 1.046032 1.075537
 749.000000 1.072275 1.122466
 750.000000 1.147463 1.160255
 751.000000 1.079230 1.105842
 752.000000 1.135739 1.129926
 753.000000 1.158101 1.168454
 754.000000 1.140475 1.162551
 755.000000 1.195712 1.212017
 756.000000 1.187815 1.176245
 757.000000 1.168257 1.167578
 758.000000 1.125872 1.163629
 759.000000 1.159105 1.174294
 760.000000 1.060703 1.107903
 761.000000 0.972590 1.005942
 762.000000 1.015079 1.076298
 763.000000 1.094885 1.136367
 764.000000 1.088356 1.134192
 765.000000 0.906572 0.947680
 766.000000 1.078932 1.098902
 767.000000 0.947440 1.004792
 768.000000 0.975409 1.016479
 769.000000 1.019427 1.070020
 770.000000 1.091520 1.134844
 771.000000 0.932561 0.987560
 772.000000 1.009092 1.038931
 773.000000 0.915154 0.957407
 774.000000 0.861248 0.912095
 775.000000 0.883489 0.935761
 776.000000 0.791836 0.838774
 777.000000 0.812369 0.862950
 778.000000 0.855121 0.908712
 779.000000 0.749999 0.792589
 780.000000 0.763996 0.821218
 781.000000 0.740994 0.833703
 782.000000 0.710713 0.784873
 783.000000 0.786993 0.866126
 784.000000 0.763582 0.853502
 785.000000 0.700136 0.827343
 786.000000 0.762249 0.835374
 787.000000 0.705755 0.812526
 788.000000 0.786770 0.889766
 789.000000 0.911567 0.991770
 790.000000 0.891741 0.950337
 791.000000 0.797577 0.884604
 792.000000 0.789133 0.856043
 793.000000 0.807179 0.875156
 794.000000 0.696171 0.789905
 795.000000 0.713502 0.832241
 796.000000 0.696995 0.817935
 797.000000 0.687667 0.792560
 798.000000 0.681037 0.795641
 799.000000 0.754627 0.871683
 800.000000 0.693618 0.814488
 801.000000 0.744661 0.835266
 802.000000 0.805485 0.864025
 803.000000 0.758451 0.840123
 804.000000 0.665942 0.773971
 805.000000 0.713873 0.809401
 806.000000 0.805970 0.890198
 807.000000 0.814722 0.860988
 808.000000 0.669767 0.756700
 809.000000 0.800141 0.868031
 810.000000 0.839462 0.880177
 811.000000 0.734185 0.836051
 812.000000 0.813937 0.878339
 813.000000 0.851594 0.925536
 814.000000 0.858821 0.930956
 815.000000 0.742255 0.842513
 816.000000 0.791716 0.874118
 817.000000 0.797783 0.882496
 818.000000 0.679711 0.754789
 819.000000 0.648500 0.798436
 820.000000 0.661621 0.776426
 821.000000 0.677145 0.765848
 822.000000 0.640950 0.752957
 823.000000 0.647385 0.762070
 824.000000 0.648884 0.748258
 825.000000 0.686519 0.774402
 826.000000 0.728365 0.812998
 827.000000 0.747401 0.839667
 828.000000 0.741002 0.839726
 829.000000 0.701773 0.778818
 830.000000 0.755680 0.849801
 831.000000 0.674476 0.769356
 832.000000 0.639452 0.747531
 833.000000 0.649070 0.759413
 834.000000 0.687502 0.786135
 835.000000 0.657910 0.778199
 836.000000 0.640114 0.762344
 837.000000 0.700967 0.812287
 838.000000 0.786754 0.911698
 839.000000 0.776273 0.884814
 840.000000 0.780930 0.878317
 841.000000 0.876128 0.959598
 842.000000 0.867274 0.962259
 843.000000 0.817721 0.886707
 844.000000 0.772866 0.872307
 845.000000 0.876710 0.965273
 846.000000 0.880960 0.951113
 847.000000 0.849378 0.930903
 848.000000 0.882582 0.973741
 849.000000 0.787175 0.880633
 850.000000 0.804943 0.887924
 851.000000 0.790015 0.906426
 852.000000 0.839097 0.935804
 853.000000 0.827050 0.931061
 854.000000 0.860874 0.945765
 855.000000 0.725318 0.832508
 856.000000 0.723576 0.839030
 857.000000 0.718693 0.844500
 858.000000 0.694987 0.801960
 859.000000 0.755127 0.862855
 860.000000 0.785982 0.876152
 861.000000 0.730716 0.821229
 862.000000 0.778448 0.880547
 863.000000 0.808163 0.880284
 864.000000 0.870036 0.972878
 865.000000 0.896352 0.974975
 866.000000 0.931533 0.974372
 867.000000 0.906521 0.956704
 868.000000 0.939720 1.006727
 869.000000 1.036492 1.089183
 870.000000 0.983746 1.018805
 871.000000 0.914078 0.928407
 872.000000 0.945655 0.978509
 873.000000 0.925270 0.996568
 874.000000 1.032665 1.064404
 875.000000 0.992488 1.026332
 876.000000 1.044402 1.078948
 877.000000 1.079059 1.108985
 878.000000 1.170563 1.164572
 879.000000 1.172880 1.194572
 880.000000 1.200539 1.221215
 881.000000 1.115651 1.126184
 882.000000 1.194559 1.213496
 883.000000 1.139091 1.148397
 884.000000 1.121882 1.145767
 885.000000 1.165003 1.168110
 886.000000 1.228139 1.222237
 887.000000 1.167972 1.175698
 888.000000 1.159618 1.149865
 889.000000 1.177892 1.167765
 890.000000 1.235347 1.270863
 891.000000 1.326615 1.354306
 892.000000 1.298213 1.333677
 893.000000 1.310624 1.317601
 894.000000 1.195185 1.243489
 895.000000 1.390999 1.378905
 896.000000 1.317744 1.335281
 897.000000 1.214421 1.235881
 898.000000 1.296742 1.334809
 899.000000 1.084990 1.143042
 900.000000 1.076315 1.145192
 901.000000 1.030170 1.089920
 902.000000 0.916416 1.003499
 903.000000 1.082442 1.143856
 904.000000 1.136905 1.209767
 905.000000 0.992639 1.068141
 906.000000 1.159563 1.194384
 907.000000 1.212337 1.259111
 908.000000 1.123000 1.149040
 909.000000 1.103964 1.134867
 910.000000 1.128113 1.169794
 911.000000 1.185933 1.231539
 912.000000 1.185849 1.232704
 913.000000 1.191409 1.234735
 914.000000 1.245284 1.257052
 915.000000 1.143323 1.155537
 916.000000 1.237674 1.265255
 917.000000 1.179588 1.202682
 918.000000 1.260619 1.263430
 919.000000 1.203528 1.238090
 920.000000 1.204698 1.194147
 921.000000 1.120683 1.154896
 922.000000 1.214180 1.237475
 923.000000 1.317769 1.365074
 924.000000 1.362388 1.384673
 925.000000 1.272924 1.295317
 926.000000 1.356027 1.403900
 927.000000 1.314482 1.320514
 928.000000 1.330510 1.371031
 929.000000 1.248593 1.304639
 930.000000 1.351409 1.361454
 931.000000 1.341514 1.336332
 932.000000 1.261326 1.245311
 933.000000 1.285354 1.248084
 934.000000 1.212773 1.232254
 935.000000 1.292068 1.289757
 936.000000 1.223770 1.221669
 937.000000 1.254821 1.252537
 938.000000 1.146063 1.138597
 939.000000 1.115979 1.111617
 940.000000 1.015389 1.049505
 941.000000 1.061687 1.060817
 942.000000 1.250993 1.263966
 943.000000 1.050958 1.066068
 944.000000 0.955106 0.960784
 945.000000 1.063116 1.100962
 946.000000 1.059310 1.075571
 947.000000 1.052653 1.087773
 948.000000 0.935686 0.961420
 949.000000 0.951406 0.967303
 950.000000 0.998350 1.028522
 951.000000 1.042872 1.064486
 952.000000 1.042130 1.072983
 953.000000 1.062799 1.101850
 954.000000 1.104460 1.134469
 955.000000 1.044984 1.123294
 956.000000 1.029712 1.095749
 957.000000 1.035590 1.069443
 958.000000 1.095594 1.134782
 959.000000 1.109837 1.093700
 960.000000 1.115052 1.122942
 961.000000 1.119158 1.104625
 962.000000 1.205671 1.166405
 963.000000 1.220334 1.236301
 964.000000 1.067483 1.053317
 965.000000 1.142631 1.154810
 966.000000 1.095629 1.079758
 967.000000 1.174410 1.169273
 968.000000 1.198248 1.176321
 969.000000 1.198596 1.163105
 970.000000 1.253809 1.202685
 971.000000 1.139898 1.128007
 972.000000 1.052817 1.030655
 973.000000 1.021825 1.030027
 974.000000 1.066744 1.068971
 975.000000 1.242215 1.240551
 976.000000 1.189852 1.198055
 977.000000 1.245981 1.251244
 978.000000 1.301241 1.271336
 979.000000 1.187781 1.163758
 980.000000 1.225948 1.220349
 981.000000 1.255686 1.275044
 982.000000 1.210966 1.241231
 983.000000 1.391584 1.436280
 984.000000 1.327657 1.354913
 985.000000 1.130975 1.135094
 986.000000 1.292502 1.311714
 987.000000 1.205956 1.217674
 988.000000 1.163509 1.162091
 989.000000 1.060213 1.080873
 990.000000 1.097559 1.110379
 991.000000 0.996462 1.029949
 992.000000 0.976909 1.023526
 993.000000 0.954632 0.996051
 994.000000 1.142336 1.159085
 995.000000 1.087049 1.121009
 996.000000 1.081053 1.094830
 997.000000 1.018193 1.049004
 998.000000 1.091823 1.098486
 999.000000 1.130914 1.141048
 1000.000000 1.150560 1.148137
 1001.000000 1.129775 1.142086
 1002.000000 1.184581 1.211308
 1003.000000 1.015600 1.055099
 1004.000000 1.145428 1.187126
 1005.000000 1.240230 1.294886
 1006.000000 1.130835 1.159994
 1007.000000 1.157539 1.158684
 1008.000000 1.012512 1.069984
 1009.000000 0.910819 0.950678
 1010.000000 0.876299 0.913181
 1011.000000 0.982957 1.040300
 1012.000000 0.932123 0.970920
 1013.000000 0.860089 0.916589
 1014.000000 0.837332 0.940660
 1015.000000 0.638301 0.709557
 1016.000000 0.685806 0.784750
 1017.000000 0.747382 0.805927
 1018.000000 0.633877 0.727873
 1019.000000 0.631007 0.723467
 1020.000000 0.662412 0.705243
 1021.000000 0.621374 0.723515
 1022.000000 0.709749 0.763542
 1023.000000 0.882945 0.930680
 1024.000000 0.944096 0.962225
 1025.000000 0.766937 0.859024
 1026.000000 0.897490 0.994835
 1027.000000 0.951165 1.001225
 1028.000000 0.944851 1.002640
 1029.000000 0.942349 1.013028
 1030.000000 0.935179 1.007677
 1031.000000 0.959077 1.005403
 1032.000000 1.059818 1.120351
 1033.000000 1.165080 1.248426
 1034.000000 1.241766 1.297126
 1035.000000 1.115741 1.189832
 1036.000000 0.906383 0.973023
 1037.000000 0.903189 0.973946
 1038.000000 0.969241 1.027896
 1039.000000 1.058899 1.090498
 1040.000000 1.020442 1.084577
 1041.000000 0.890278 0.975111
 1042.000000 0.898864 0.960936
 1043.000000 1.018899 1.058651
 1044.000000 0.953674 0.981233
 1045.000000 1.161598 1.221483
 1046.000000 0.892398 0.942674
 1047.000000 1.014631 1.111210
 1048.000000 1.134370 1.187681
 1049.000000 1.396993 1.440210
 1050.000000 1.325734 1.344524
 1051.000000 1.396917 1.446749
 1052.000000 1.284825 1.295927
 1053.000000 1.296819 1.292495
 1054.000000 1.364428 1.363447
 1055.000000 1.292091 1.315926
 1056.000000 1.327920 1.334947
 1057.000000 1.179908 1.204486
 1058.000000 1.257493 1.247554
 1059.000000 1.300917 1.312935
 1060.000000 1.317433 1.335144
 1061.000000 1.299095 1.279264
 1062.000000 1.409613 1.400202
 1063.000000 1.349853 1.391752
 1064.000000 1.303207 1.346029
 1065.000000 1.352217 1.366518
 1066.000000 1.283270 1.279536
 1067.000000 1.310400 1.320188
 1068.000000 1.370965 1.394539
 1069.000000 1.377018 1.373457
 1070.000000 1.301875 1.332378
 1071.000000 1.314751 1.299815
 1072.000000 1.413568 1.383099
 1073.000000 1.392174 1.414038
 1074.000000 1.331629 1.354202
 1075.000000 1.334933 1.380206
 1076.000000 1.340750 1.375345
 1077.000000 1.222735 1.230780
 1078.000000 1.225540 1.262983
 1079.000000 1.121591 1.152360
 1080.000000 1.204210 1.227812
 1081.000000 1.212310 1.261033
 1082.000000 1.261564 1.285758
 1083.000000 1.086219 1.147584
 1084.000000 1.123504 1.167142
 1085.000000 1.121222 1.187920
 1086.000000 1.102248 1.137529
 1087.000000 1.115970 1.172574
 1088.000000 1.134812 1.200657
 1089.000000 1.107075 1.168735
 1090.000000 1.078790 1.153460
 1091.000000 1.152002 1.231490
 1092.000000 1.261629 1.298286
 1093.000000 1.203474 1.253201
 1094.000000 1.108196 1.193130
 1095.000000 1.118934 1.176958
 1096.000000 1.228153 1.261024
 1097.000000 1.123238 1.144692
 1098.000000 1.263821 1.294531
 1099.000000 1.316490 1.340111
 1100.000000 1.289472 1.328686
 1101.000000 1.231927 1.263978
 1102.000000 1.247232 1.248603
 1103.000000 1.216903 1.285523
 1104.000000 1.218505 1.267542
 1105.000000 1.170396 1.220270
 1106.000000 1.181969 1.233502
 1107.000000 1.253780 1.291155
 1108.000000 1.153746 1.200433
 1109.000000 1.153941 1.179633
 1110.000000 1.224440 1.241031
 1111.000000 1.342311 1.365587
 1112.000000 1.335342 1.353914
 1113.000000 1.170211 1.224918
 1114.000000 1.033591 1.086223
 1115.000000 1.030310 1.078067
 1116.000000 0.950232 1.008219
 1117.000000 0.960260 1.024734
 1118.000000 0.886004 0.957827
 1119.000000 0.934326 0.975743
 1120.000000 0.872918 0.971717
 1121.000000 0.947105 1.005544
 1122.000000 1.007680 1.049424
 1123.000000 0.944917 1.026029
 1124.000000 0.965515 1.035191
 1125.000000 0.955654 1.019313
 1126.000000 1.089891 1.144621
 1127.000000 1.094428 1.126833
 1128.000000 1.066408 1.121042
 1129.000000 1.111511 1.154368
 1130.000000 1.000881 1.054876
 1131.000000 0.973375 1.016242
 1132.000000 1.113658 1.174820
 1133.000000 1.144201 1.161943
 1134.000000 1.214726 1.222216
 1135.000000 1.128777 1.146271
 1136.000000 1.263725 1.289474
 1137.000000 1.136587 1.143003
 1138.000000 1.295164 1.308939
 1139.000000 1.273822 1.277633
 1140.000000 1.278377 1.290897
 1141.000000 1.323028 1.323344
 1142.000000 1.233412 1.255494
 1143.000000 1.220699 1.248238
 1144.000000 1.191946 1.216331
 1145.000000 1.270596 1.284875
 1146.000000 1.307792 1.313159
 1147.000000 1.155717 1.156531
 1148.000000 1.108871 1.139656
 1149.000000 1.201131 1.236573
 1150.000000 1.134673 1.131144
 1151.000000 1.134702 1.126913
 1152.000000 1.165755 1.214009
 1153.000000 1.073253 1.132439
 1154.000000 1.170377 1.200775
 1155.000000 1.202800 1.258110
 1156.000000 1.162059 1.197196
 1157.000000 1.237100 1.260808
 1158.000000 1.246596 1.269159
 1159.000000 1.280234 1.302624
 1160.000000 1.263633 1.289436
 1161.000000 1.248217 1.250699
 1162.000000 1.228048 1.276859
 1163.000000 1.302140 1.313010
 1164.000000 1.218487 1.279225
 1165.000000 1.285555 1.322853
 1166.000000 1.360470 1.357844
 1167.000000 1.310974 1.326294
 1168.000000 1.306188 1.304860
 1169.000000 1.282550 1.312077
 1170.000000 1.325692 1.354693
 1171.000000 1.392517 1.403051
 1172.000000 1.315845 1.361085
 1173.000000 1.300917 1.355114
 1174.000000 1.296092 1.335752
 1175.000000 1.204657 1.251745
 1176.000000 1.187430 1.225369
 1177.000000 1.334789 1.360363
 1178.000000 1.164405 1.214454
 1179.000000 1.095710 1.119804
 1180.000000 1.189038 1.225190
 1181.000000 1.133382 1.144897
 1182.000000 1.114918 1.137360
 1183.000000 1.081469 1.146319
 1184.000000 1.211251 1.254295
 1185.000000 1.148223 1.189975
 1186.000000 1.174113 1.204460
 1187.000000 1.170002 1.196435
 1188.000000 1.249113 1.287074
 1189.000000 1.318529 1.296188
 1190.000000 1.288895 1.298463
 1191.000000 1.360243 1.368031
 1192.000000 1.349855 1.386276
 1193.000000 1.284534 1.326024
 1194.000000 1.284593 1.335737
 1195.000000 1.255513 1.307879
 1196.000000 1.336488 1.341328
 1197.000000 1.248770 1.280036
 1198.000000 1.190301 1.189354
 1199.000000 1.053291 1.069478
 1200.000000 0.966846 1.011514
 1201.000000 0.971313 1.001300
 1202.000000 0.871889 0.905359
 1203.000000 0.855252 0.914559
 1204.000000 0.855607 0.902077
 1205.000000 0.806804 0.816620
 1206.000000 0.649023 0.711195
 1207.000000 0.633802 0.679330
 1208.000000 0.663207 0.682883
 1209.000000 0.668412 0.658067
 1210.000000 0.701832 0.762379
 1211.000000 0.761255 0.745940
 1212.000000 0.723700 0.740687
 1213.000000 0.733277 0.736743
 1214.000000 0.726432 0.739652
 1215.000000 0.759769 0.750925
 1216.000000 0.823830 0.775579
 1217.000000 0.838317 0.794221
 1218.000000 0.859253 0.803304
 1219.000000 0.766738 0.770760
 1220.000000 0.803201 0.792769
 1221.000000 0.787488 0.806057
 1222.000000 0.782654 0.836688
 1223.000000 0.769636 0.803081
 1224.000000 0.752644 0.793249
 1225.000000 0.930298 0.935242
 1226.000000 0.908987 0.946108
 1227.000000 0.930313 0.977934
 1228.000000 0.972213 1.004566
 1229.000000 0.878779 0.954919
 1230.000000 0.967428 0.980891
 1231.000000 1.006133 1.006395
 1232.000000 0.918174 0.928054
 1233.000000 0.641698 0.707545
 1234.000000 0.646028 0.707619
 1235.000000 0.666372 0.744969
 1236.000000 0.646980 0.765349
 1237.000000 0.621342 0.684308
 1238.000000 0.616773 0.709165
 1239.000000 0.643829 0.754584
 1240.000000 0.658978 0.752094
 1241.000000 0.563033 0.702061
 1242.000000 0.600202 0.715312
 1243.000000 0.699032 0.809198
 1244.000000 0.717905 0.840702
 1245.000000 0.668333 0.790151
 1246.000000 0.669206 0.787287
 1247.000000 0.629055 0.754913
 1248.000000 0.667380 0.814153
 1249.000000 0.869119 0.988709
 1250.000000 0.799049 0.942676
 1251.000000 0.855869 0.971906
 1252.000000 0.987736 1.112940
 1253.000000 0.889127 1.005232
 1254.000000 0.958429 1.051621
 1255.000000 1.021045 1.161220
 1256.000000 1.138223 1.255061
 1257.000000 1.067591 1.142320
 1258.000000 0.880868 0.984887
 1259.000000 0.971023 1.064390
 1260.000000 0.930566 0.999669
 1261.000000 0.998181 1.062352
 1262.000000 1.054480 1.098818
 1263.000000 0.936341 1.000427
 1264.000000 0.973736 1.055907
 1265.000000 0.892985 0.943125
 1266.000000 0.791429 0.835122
 1267.000000 0.769539 0.833977
 1268.000000 0.736628 0.779074
 1269.000000 0.830342 0.863986
 1270.000000 0.873975 0.944323
 1271.000000 1.041522 1.134036
 1272.000000 1.046306 1.112899
 1273.000000 0.936663 1.053525
 1274.000000 0.841254 0.939833
 1275.000000 0.835238 0.980055
 1276.000000 0.927806 1.030421
 1277.000000 1.051706 1.148538
 1278.000000 1.036647 1.133284
 1279.000000 1.059390 1.159612
 1280.000000 1.194331 1.271011
 1281.000000 1.353149 1.421056
 1282.000000 1.265802 1.350656
 1283.000000 1.253735 1.354764
 1284.000000 1.119813 1.196311
 1285.000000 1.089671 1.154758
 1286.000000 1.110769 1.171704
 1287.000000 1.053305 1.101235
 1288.000000 0.930933 1.025136
 1289.000000 1.015756 1.097294
 1290.000000 0.964463 1.045259
 1291.000000 1.052988 1.124895
 1292.000000 1.060755 1.159515
 1293.000000 0.950514 1.030886
 1294.000000 1.083531 1.145157
 1295.000000 1.051681 1.111284
 1296.000000 0.981295 1.062802
 1297.000000 1.028600 1.112550
 1298.000000 1.090784 1.178749
 1299.000000 1.137947 1.180707
 1300.000000 1.104648 1.146972
 1301.000000 1.136664 1.186176
 1302.000000 1.224319 1.252938
 1303.000000 1.067592 1.143373
 1304.000000 1.092861 1.149589
 1305.000000 1.060701 1.104957
 1306.000000 1.157500 1.215286
 1307.000000 1.255200 1.270546
 1308.000000 1.342448 1.408747
 1309.000000 1.312463 1.360793
 1310.000000 1.288338 1.323345
 1311.000000 1.351060 1.371737
 1312.000000 1.394867 1.446420
 1313.000000 1.366169 1.376319
 1314.000000 1.209439 1.229595
 1315.000000 1.279307 1.331653
 1316.000000 1.332087 1.336113
 1317.000000 1.188536 1.189648
 1318.000000 1.331102 1.325079
 1319.000000 1.270986 1.309456
 1320.000000 1.305704 1.301210
 1321.000000 1.262218 1.299522
 1322.000000 1.269993 1.293076
 1323.000000 1.258495 1.328523
 1324.000000 1.244627 1.278929
 1325.000000 1.279730 1.328147
 1326.000000 1.233089 1.277327
 1327.000000 1.258544 1.299440
 1328.000000 1.210668 1.252824
 1329.000000 1.193926 1.236575
 1330.000000 1.141324 1.190324
 1331.000000 1.072182 1.132047
 1332.000000 0.975368 1.048335
 1333.000000 0.887813 0.961988
 1334.000000 0.891649 0.945120
 1335.000000 0.862729 0.927159
 1336.000000 0.877679 0.967195
 1337.000000 0.830311 0.907706
 1338.000000 0.854951 0.925161
 1339.000000 0.799880 0.866951
 1340.000000 0.859272 0.942236
 1341.000000 0.845949 0.926219
 1342.000000 0.823076 0.920335
 1343.000000 0.841503 0.906834
 1344.000000 0.815094 0.905129
 1345.000000 0.773538 0.844400
 1346.000000 0.670971 0.750299
 1347.000000 0.644854 0.737477
 1348.000000 0.705030 0.766766
 1349.000000 0.666098 0.739352
 1350.000000 0.642348 0.731095
 1351.000000 0.682225 0.782608
 1352.000000 0.614354 0.720178
 1353.000000 0.762369 0.831119
 1354.000000 0.770410 0.834388
 1355.000000 0.798292 0.854244
 1356.000000 0.771356 0.865032
 1357.000000 0.798866 0.879891
 1358.000000 0.694804 0.770046
 1359.000000 0.706207 0.743865
 1360.000000 0.702293 0.764869
 1361.000000 0.714400 0.763145
 1362.000000 0.646062 0.735153
 1363.000000 0.628140 0.718648
 1364.000000 0.676348 0.763911
 1365.000000 0.707792 0.778449
 1366.000000 0.682078 0.727053
 1367.000000 0.673740 0.762411
 1368.000000 0.765519 0.821084
 1369.000000 0.661857 0.724821
 1370.000000 0.655377 0.703754
 1371.000000 0.652275 0.734652
 1372.000000 0.589913 0.687370
 1373.000000 0.645291 0.712555
 1374.000000 0.597631 0.675304
 1375.000000 0.683086 0.725128
 1376.000000 0.750612 0.815953
 1377.000000 0.751086 0.824773
 1378.000000 0.763404 0.836062
 1379.000000 0.778072 0.856483
 1380.000000 0.750519 0.827804
 1381.000000 0.627221 0.694219
 1382.000000 0.590324 0.683106
 1383.000000 0.704987 0.795076
 1384.000000 0.618050 0.738302
 1385.000000 0.612568 0.705291
 1386.000000 0.602316 0.685477
 1387.000000 0.639400 0.710467
 1388.000000 0.667307 0.740658
 1389.000000 0.594435 0.667293
 1390.000000 0.646958 0.754122
 1391.000000 0.706215 0.792456
 1392.000000 0.666863 0.724502
 1393.000000 0.613170 0.708424
 1394.000000 0.644108 0.731979
 1395.000000 0.616054 0.714911
 1396.000000 0.648522 0.736902
 1397.000000 0.606682 0.682135
 1398.000000 0.698263 0.757588
 1399.000000 0.733757 0.820357
 1400.000000 0.760858 0.804369
 1401.000000 0.794437 0.851612
 1402.000000 0.788415 0.832063
 1403.000000 0.845046 0.873182
 1404.000000 0.787335 0.859019
 1405.000000 0.666958 0.722835
 1406.000000 0.762445 0.794914
 1407.000000 0.712356 0.763581
 1408.000000 0.769218 0.787701
 1409.000000 0.890432 0.898817
 1410.000000 0.935335 0.944797
 1411.000000 0.877381 0.905126
 1412.000000 0.873538 0.868015
 1413.000000 0.922283 0.909785
 1414.000000 0.922627 0.891518
 1415.000000 0.938460 0.924620
 1416.000000 0.923826 0.918321
 1417.000000 0.914643 0.900330
 1418.000000 0.922884 0.927265
 1419.000000 0.949396 0.935115
 1420.000000 0.858806 0.874375
 1421.000000 0.949340 0.937571
 1422.000000 0.770840 0.788260
 1423.000000 0.814442 0.830431
 1424.000000 0.836167 0.837594
 1425.000000 0.854702 0.872934
 1426.000000 0.746115 0.789604
 1427.000000 0.773130 0.787341
 1428.000000 0.721234 0.752356
 1429.000000 0.700799 0.730257
 1430.000000 0.753179 0.739957
 1431.000000 0.670520 0.710619
 1432.000000 0.702891 0.731624
 1433.000000 0.637314 0.691503
 1434.000000 0.588040 0.664570
 1435.000000 0.581321 0.679388
 1436.000000 0.601687 0.646281
 1437.000000 0.622494 0.673170
 1438.000000 0.648786 0.711366
 1439.000000 0.717163 0.765783
 1440.000000 0.667789 0.728030
 1441.000000 0.606851 0.633461
 1442.000000 0.594256 0.629187
 1443.000000 0.666009 0.712870
 1444.000000 0.579218 0.632972
 1445.000000 0.625897 0.672639
 1446.000000 0.573729 0.621839
 1447.000000 0.606884 0.680850
 1448.000000 0.576336 0.632157
 1449.000000 0.579656 0.634514
 1450.000000 0.644124 0.691246
 1451.000000 0.613245 0.687140
 1452.000000 0.714198 0.749756
 1453.000000 0.679730 0.684677
 1454.000000 0.722669 0.752242
 1455.000000 0.950165 0.962796
 1456.000000 0.804602 0.825674
 1457.000000 0.755806 0.804536
 1458.000000 0.859435 0.872447
 1459.000000 0.807694 0.828727
 1460.000000 0.878989 0.886382
 1461.000000 0.925741 0.932029
 1462.000000 0.936290 0.975681
 1463.000000 0.900867 0.953617
 1464.000000 1.027649 1.067984
 1465.000000 0.957792 0.969401
 1466.000000 0.868985 0.962937
 1467.000000 0.911399 0.974153
 1468.000000 1.037233 1.118713
 1469.000000 1.024336 1.097774
 1470.000000 1.016804 1.108860
 1471.000000 1.394015 1.518973
 1472.000000 1.363353 1.461334
 1473.000000 1.378558 1.465330
 1474.000000 1.362820 1.500068
 1475.000000 1.269441 1.396186
 1476.000000 1.155613 1.277661
 1477.000000 1.115256 1.205254
 1478.000000 0.927402 1.041139
 1479.000000 0.876656 0.967229
 1480.000000 0.997113 1.063865
 1481.000000 1.181991 1.177847
 1482.000000 1.204935 1.213822
 1483.000000 1.060477 1.087223
 1484.000000 1.061825 1.082263
 1485.000000 0.970332 0.976850
 1486.000000 1.002480 1.010055
 1487.000000 1.135448 1.193424
 1488.000000 1.287779 1.327997
 1489.000000 1.301501 1.328358
 1490.000000 1.164849 1.183839
 1491.000000 1.032657 1.080976
 1492.000000 0.729785 0.809612
 1493.000000 0.774907 0.827292
 1494.000000 0.766943 0.842226
 1495.000000 0.720043 0.793537
 1496.000000 0.716331 0.820751
 1497.000000 0.724267 0.837101
 1498.000000 0.811092 0.884273
 1499.000000 0.807645 0.911068
 1500.000000 0.981690 1.060690
 1501.000000 1.111537 1.157426
 1502.000000 1.254037 1.318762
 1503.000000 1.120836 1.212366
 1504.000000 1.248049 1.352320
 1505.000000 1.324038 1.398424
 1506.000000 1.118700 1.221378
 1507.000000 0.808356 0.936569
 1508.000000 1.040975 1.124277
 1509.000000 1.060448 1.121150
 1510.000000 1.059734 1.075511
 1511.000000 1.007382 1.026363
 1512.000000 0.918943 0.946676
 1513.000000 0.979552 1.002868
 1514.000000 0.935807 0.980275
 1515.000000 0.799598 0.832213
 1516.000000 0.735338 0.790654
 1517.000000 0.805798 0.855756
 1518.000000 0.758430 0.815239
 1519.000000 0.819792 0.942399
 1520.000000 0.854936 0.987352
 1521.000000 0.754167 0.932061
 1522.000000 0.801149 0.975687
 1523.000000 0.811112 0.938452
 1524.000000 0.934573 1.012734
 1525.000000 0.925358 1.029873
 1526.000000 0.754474 0.864242
 1527.000000 0.651407 0.793954
 1528.000000 0.793351 0.852760
 1529.000000 0.848958 0.885555
 1530.000000 0.853682 0.873563
 1531.000000 0.886532 0.937713
 1532.000000 0.820510 0.848051
 1533.000000 0.729871 0.754006
 1534.000000 0.689869 0.681099
 1535.000000 0.711798 0.695848
