#! FIELDS time d1 d2
 0.000000 0.038053 0.149284
 1.000000 0.067102 0.180543
 2.000000 0.027929 0.138102
 3.000000 0.012122 0.114341
 4.000000 0.039635 0.146055
 5.000000 0.030003 0.128951
 6.000000 0.076812 0.208719
 7.000000 0.098793 0.201410
 8.000000 0.083161 0.193127
 9.000000 0.102805 0.217660
 10.000000 0.070510 0.187854
 11.000000 0.099584 0.221552
 12.000000 0.111782 0.226443
 13.000000 0.149714 0.251673
 14.000000 0.155401 0.237381
 15.000000 0.182681 0.269052
 16.000000 0.133822 0.239133
 17.000000 0.200151 0.262768
 18.000000 0.201396 0.258620
 19.000000 0.171494 0.229783
 20.000000 0.130708 0.216560
 21.000000 0.157804 0.234667
 22.000000 0.129299 0.230206
 23.000000 0.147313 0.225386
 24.000000 0.134344 0.240309
 25.000000 0.153174 0.221581
 26.000000 0.151683 0.242994
 27.000000 0.185470 0.272801
 28.000000 0.164622 0.256523
 29.000000 0.136919 0.224569
 30.000000 0.115066 0.236792
 31.000000 0.151644 0.253420
 32.000000 0.143521 0.240990
 33.000000 0.159643 0.257017
 34.000000 0.166334 0.246433
 35.000000 0.182040 0.243590
 36.000000 0.129004 0.218402
 37.000000 0.138530 0.207833
 38.000000 0.161467 0.246327
 39.000000 0.149658 0.232542
 40.000000 0.148359 0.250125
 41.000000 0.110670 0.212016
 42.000000 0.135436 0.241502
 43.000000 0.088811 0.202318
 44.000000 0.062141 0.200752
 45.000000 0.070839 0.192690
 46.000000 0.018540 0.128011
 47.000000 0.058454 0.183884
 48.000000 0.016556 0.125759
 49.000000 0.024514 0.135481
 50.000000 0.022227 0.125014
 51.000000 0.025044 0.117372
 52.000000 0.031967 0.124634
 53.000000 0.035813 0.152932
 54.000000 0.028358 0.126236
 55.000000 0.025424 0.147039
 56.000000 0.023907 0.126598
 57.000000 0.052297 0.159848
 58.000000 0.030370 0.099037
 59.000000 0.049276 0.151594
 60.000000 0.044329 0.147063
 61.000000 0.003734 0.105486
 62.000000 0.044445 0.174536
 63.000000 0.015909 0.115255
 64.000000 0.010331 0.087233
 65.000000 0.049048 0.153874
 66.000000 0.072575 0.169832
 67.000000 0.050041 0.163430
 68.000000 0.041205 0.159427
 69.000000 0.030337 0.150674
 70.000000 0.050924 0.171220
 71.000000 0.017229 0.111141
 72.000000 0.024307 0.129932
 73.000000 0.026999 0.122460
 74.000000 0.042250 0.159250
 75.000000 0.015414 0.108845
 76.000000 0.018112 0.133505
 77.000000 0.063245 0.167310
 78.000000 0.022091 0.125214
 79.000000 0.052479 0.154015
 80.000000 0.034906 0.145983
 81.000000 0.058243 0.159298
 82.000000 0.011291 0.102327
 83.000000 0.042621 0.151245
 84.000000 0.024724 0.132046
 85.000000 0.059332 0.129223
 86.000000 0.038556 0.153197
 87.000000 0.049492 0.157046
 88.000000 0.017972 0.144360
 89.000000 0.045080 0.149214
 90.000000 0.021122 0.124263
 91.000000 0.016161 0.126870
 92.000000 0.013325 0.133054
 93.000000 0.047247 0.152550
 94.000000 0.068036 0.149860
 95.000000 0.105269 0.174261
 96.000000 0.099280 0.181161
 97.000000 0.096827 0.203919
 98.000000 0.088284 0.182616
 99.000000 0.089730 0.192440
 100.000000 0.089010 0.176644
 101.000000 0.105148 0.207351
 102.000000 0.088773 0.169893
 103.000000 0.085185 0.167245
 104.000000 0.100217 0.184302
 105.000000 0.094085 0.172073
 106.000000 0.082039 0.162970
 107.000000 0.067558 0.156856
 108.000000 0.060337 0.166935
 109.000000 0.064417 0.144096
 110.000000 0.063486 0.161328
 111.000000 0.063525 0.161514
 112.000000 0.066495 0.148664
 113.000000 0.066152 0.152246
 114.000000 0.072019 0.175530
 115.000000 0.085313 0.155197
 116.000000 0.069290 0.140509
 117.000000 0.087739 0.174216
 118.000000 0.072460 0.157634
 119.000000 0.059714 0.156821
 120.000000 0.058503 0.157683
 121.000000 0.073004 0.160848
 122.000000 0.075746 0.169032
 123.000000 0.062609 0.163662
 124.000000 0.058111 0.148049
 125.000000 0.067546 0.165476
 126.000000 0.081648 0.167451
 127.000000 0.063980 0.143852
 128.000000 0.063778 0.162772
 129.000000 0.081548 0.147503
 130.000000 0.073417 0.132036
 131.000000 0.076726 0.154365
 132.000000 0.063931 0.161209
 133.000000 0.053503 0.146214
 134.000000 0.076061 0.153216
 135.000000 0.078457 0.161563
 136.000000 0.060266 0.162702
 137.000000 0.079489 0.147267
 138.000000 0.065245 0.152745
 139.000000 0.100502 0.221697
 140.000000 0.091072 0.193063
 141.000000 0.089035 0.193995
 142.000000 0.099554 0.204541
 143.000000 0.101567 0.213399
 144.000000 0.066840 0.167633
 145.000000 0.080313 0.184455
 146.000000 0.055453 0.174951
 147.000000 0.069655 0.148780
 148.000000 0.052936 0.148852
 149.000000 0.064731 0.147994
 150.000000 0.002478 0.085913
 151.000000 0.004613 0.102009
 152.000000 0.003625 0.110229
 153.000000 0.018715 0.119296
 154.000000 0.002566 0.116815
 155.000000 0.006067 0.139072
 156.000000 0.004905 0.143162
 157.000000 0.004564 0.154351
 158.000000 0.001067 0.126242
 159.000000 0.002455 0.139305
 160.000000 0.004153 0.139872
 161.000000 0.030641 0.149802
 162.000000 0.061328 0.150980
 163.000000 0.083076 0.167653
 164.000000 0.054105 0.172607
 165.000000 0.064788 0.151019
 166.000000 0.084498 0.185324
 167.000000 0.073254 0.170578
 168.000000 0.057229 0.166208
 169.000000 0.056528 0.153965
 170.000000 0.079422 0.145419
 171.000000 0.063698 0.150178
 172.000000 0.069986 0.156236
 173.000000 0.074348 0.159710
 174.000000 0.073291 0.160582
 175.000000 0.073090 0.159302
 176.000000 0.043218 0.146158
 177.000000 0.085947 0.183263
 178.000000 0.084130 0.172231
 179.000000 0.071118 0.174409
 180.000000 0.071123 0.155411
 181.000000 0.082374 0.159283
 182.000000 0.077301 0.168372
 183.000000 0.068119 0.171144
 184.000000 0.084525 0.188014
 185.000000 0.080600 0.162146
 186.000000 0.082589 0.177828
 187.000000 0.073733 0.171169
 188.000000 0.066474 0.137208
 189.000000 0.072701 0.164532
 190.000000 0.060891 0.159866
 191.000000 0.094537 0.184550
 192.000000 0.107393 0.203923
 193.000000 0.071029 0.181432
 194.000000 0.088495 0.194072
 195.000000 0.104060 0.198794
 196.000000 0.086548 0.159506
 197.000000 0.082067 0.186878
 198.000000 0.068337 0.170016
 199.000000 0.094100 0.205441
 200.000000 0.090945 0.182004
 201.000000 0.094136 0.186605
 202.000000 0.089544 0.163929
 203.000000 0.078593 0.187714
 204.000000 0.092086 0.194800
 205.000000 0.108544 0.180665
 206.000000 0.081872 0.176965
 207.000000 0.094415 0.185082
 208.000000 0.113735 0.186274
 209.000000 0.091121 0.208595
 210.000000 0.104217 0.189198
 211.000000 0.108401 0.213950
 212.000000 0.107194 0.185927
 213.000000 0.088517 0.191537
 214.000000 0.108259 0.232767
 215.000000 0.086724 0.200309
 216.000000 0.094913 0.177236
 217.000000 0.089449 0.195905
 218.000000 0.107057 0.194016
 219.000000 0.112274 0.227751
 220.000000 0.097810 0.179098
 221.000000 0.086578 0.195618
 222.000000 0.094215 0.205462
 223.000000 0.100362 0.208588
 224.000000 0.101192 0.199802
 225.000000 0.112289 0.207419
 226.000000 0.111655 0.203010
 227.000000 0.089923 0.196928
 228.000000 0.095417 0.204589
 229.000000 0.078615 0.177933
 230.000000 0.062098 0.152451
 231.000000 0.056529 0.137677
 232.000000 0.061063 0.161408
 233.000000 0.074722 0.180507
 234.000000 0.078711 0.175011
 235.000000 0.059289 0.165975
 236.000000 0.060074 0.150719
 237.000000 0.065168 0.147914
 238.000000 0.073297 0.159761
 239.000000 0.075446 0.163422
 240.000000 0.065582 0.166262
 241.000000 0.060979 0.153534
 242.000000 0.071676 0.182312
 243.000000 0.055450 0.150217
 244.000000 0.057741 0.161870
 245.000000 0.076224 0.165475
 246.000000 0.060048 0.147348
 247.000000 0.076913 0.177915
 248.000000 0.072843 0.175664
 249.000000 0.073616 0.161717
 250.000000 0.079971 0.173387
 251.000000 0.073872 0.153579
 252.000000 0.076653 0.152557
 253.000000 0.067192 0.157227
 254.000000 0.063375 0.161010
 255.000000 0.088570 0.192916
 256.000000 0.082445 0.180560
 257.000000 0.073171 0.169246
 258.000000 0.074793 0.168318
 259.000000 0.062116 0.155876
 260.000000 0.067326 0.162621
 261.000000 0.064400 0.159449
 262.000000 0.067504 0.155561
 263.000000 0.074496 0.154116
 264.000000 0.067964 0.161668
 265.000000 0.052559 0.129196
 266.000000 0.083260 0.190042
 267.000000 0.077364 0.145250
 268.000000 0.063155 0.146709
 269.000000 0.078159 0.152597
 270.000000 0.076622 0.170269
 271.000000 0.062654 0.168446
 272.000000 0.067348 0.163346
 273.000000 0.079809 0.158627
 274.000000 0.062284 0.135784
 275.000000 0.100930 0.192651
 276.000000 0.096269 0.175201
 277.000000 0.085810 0.169567
 278.000000 0.095250 0.182071
 279.000000 0.094103 0.171943
 280.000000 0.090467 0.169556
 281.000000 0.075001 0.172301
 282.000000 0.068900 0.155439
 283.000000 0.071846 0.184242
 284.000000 0.051964 0.145807
 285.000000 0.081393 0.184631
 286.000000 0.070059 0.162882
 287.000000 0.079970 0.170843
 288.000000 0.067156 0.161736
 289.000000 0.078931 0.167778
 290.000000 0.057169 0.128755
 291.000000 0.062346 0.153390
 292.000000 0.083837 0.159359
 293.000000 0.078595 0.143786
 294.000000 0.070723 0.151855
 295.000000 0.067970 0.163991
 296.000000 0.061827 0.153019
 297.000000 0.060776 0.140911
 298.000000 0.068946 0.161509
 299.000000 0.076541 0.155103
 300.000000 0.071357 0.158557
 301.000000 0.090443 0.184994
 302.000000 0.101210 0.184669
 303.000000 0.094619 0.190112
 304.000000 0.083196 0.178667
 305.000000 0.096036 0.192787
 306.000000 0.096594 0.192535
 307.000000 0.083647 0.172404
 308.000000 0.088073 0.178133
 309.000000 0.089222 0.165275
 310.000000 0.095087 0.172074
 311.000000 0.095441 0.193335
 312.000000 0.091302 0.196490
 313.000000 0.094468 0.188610
 314.000000 0.110976 0.213597
 315.000000 0.088425 0.190671
 316.000000 0.104202 0.193751
 317.000000 0.068847 0.160808
 318.000000 0.070437 0.157560
 319.000000 0.067294 0.147961
 320.000000 0.063519 0.144367
 321.000000 0.089717 0.200208
 322.000000 0.078189 0.179865
 323.000000 0.095529 0.202596
 324.000000 0.084954 0.178904
 325.000000 0.091763 0.186370
 326.000000 0.109823 0.202846
 327.000000 0.089385 0.173824
 328.000000 0.080407 0.177386
 329.000000 0.092526 0.184308
 330.000000 0.086254 0.161967
 331.000000 0.088420 0.182727
 332.000000 0.092289 0.192566
 333.000000 0.083687 0.183335
 334.000000 0.088863 0.192558
 335.000000 0.109859 0.201750
 336.000000 0.052467 0.155785
 337.000000 0.075776 0.168058
 338.000000 0.092751 0.193896
 339.000000 0.096931 0.192172
 340.000000 0.098810 0.194774
 341.000000 0.091430 0.194792
 342.000000 0.060292 0.147924
 343.000000 0.061303 0.141704
 344.000000 0.063325 0.158197
 345.000000 0.066289 0.145699
 346.000000 0.074374 0.165938
 347.000000 0.063311 0.152348
 348.000000 0.048308 0.133690
 349.000000 0.064888 0.147486
 350.000000 0.069038 0.161238
 351.000000 0.071289 0.151004
 352.000000 0.064998 0.173222
 353.000000 0.080635 0.169843
 354.000000 0.076064 0.171428
 355.000000 0.072720 0.151590
 356.000000 0.067268 0.153137
 357.000000 0.067243 0.149674
 358.000000 0.059843 0.158433
 359.000000 0.056876 0.139359
 360.000000 0.071613 0.145641
 361.000000 0.055191 0.141391
 362.000000 0.070557 0.164108
 363.000000 0.081017 0.155911
 364.000000 0.081499 0.173469
 365.000000 0.060823 0.158485
 366.000000 0.068156 0.153269
 367.000000 0.081598 0.149674
 368.000000 0.075693 0.181090
 369.000000 0.067324 0.163851
 370.000000 0.068895 0.169462
 371.000000 0.081047 0.168377
 372.000000 0.068291 0.153986
 373.000000 0.071045 0.171404
 374.000000 0.092975 0.191236
 375.000000 0.108316 0.203407
 376.000000 0.101774 0.201477
 377.000000 0.091493 0.194927
 378.000000 0.080163 0.179471
 379.000000 0.090829 0.199515
 380.000000 0.084535 0.173478
 381.000000 0.065702 0.173844
 382.000000 0.054465 0.138045
 383.000000 0.064885 0.160622
 384.000000 0.050670 0.156785
 385.000000 0.064724 0.170787
 386.000000 0.065832 0.171494
 387.000000 0.065231 0.154830
 388.000000 0.073324 0.160840
 389.000000 0.068221 0.158615
 390.000000 0.070516 0.151982
 391.000000 0.062678 0.160069
 392.000000 0.066209 0.163090
 393.000000 0.066141 0.182050
 394.000000 0.059881 0.146618
 395.000000 0.061657 0.154953
 396.000000 0.071582 0.180438
 397.000000 0.070977 0.162969
 398.000000 0.072407 0.162178
 399.000000 0.078045 0.180248
 400.000000 0.077889 0.178209
 401.000000 0.070769 0.183254
 402.000000 0.059232 0.153294
 403.000000 0.068266 0.158945
 404.000000 0.087639 0.183756
 405.000000 0.086780 0.170128
 406.000000 0.094604 0.205538
 407.000000 0.091593 0.193116
 408.000000 0.098936 0.187177
 409.000000 0.079963 0.179722
 410.000000 0.056753 0.148985
 411.000000 0.057054 0.162517
 412.000000 0.082226 0.174850
 413.000000 0.111994 0.207083
 414.000000 0.089720 0.197588
 415.000000 0.103472 0.205886
 416.000000 0.103124 0.209688
 417.000000 0.101396 0.197717
 418.000000 0.092510 0.200346
 419.000000 0.095273 0.200085
 420.000000 0.104778 0.191881
 421.000000 0.088033 0.190691
 422.000000 0.096881 0.203858
 423.000000 0.099701 0.199896
 424.000000 0.113514 0.198783
 425.000000 0.107582 0.194193
 426.000000 0.102048 0.173233
 427.000000 0.125210 0.214235
 428.000000 0.116562 0.218004
 429.000000 0.106786 0.204867
 430.000000 0.111378 0.215540
 431.000000 0.109157 0.203599
 432.000000 0.097691 0.196367
 433.000000 0.096517 0.197169
 434.000000 0.114031 0.227393
 435.000000 0.085821 0.162581
 436.000000 0.095819 0.181107
 437.000000 0.093709 0.193258
 438.000000 0.100436 0.209042
 439.000000 0.118794 0.208261
 440.000000 0.106640 0.194472
 441.000000 0.087309 0.190118
 442.000000 0.061784 0.168809
 443.000000 0.072074 0.164794
 444.000000 0.073631 0.177963
 445.000000 0.076626 0.177156
 446.000000 0.082110 0.159967
 447.000000 0.071588 0.174866
 448.000000 0.067405 0.171991
 449.000000 0.060553 0.167480
 450.000000 0.094108 0.223311
 451.000000 0.090495 0.194441
 452.000000 0.106316 0.225132
 453.000000 0.098611 0.195657
 454.000000 0.107135 0.197909
 455.000000 0.085124 0.186401
 456.000000 0.097590 0.195551
 457.000000 0.098911 0.193465
 458.000000 0.095456 0.203669
 459.000000 0.060126 0.188241
 460.000000 0.081353 0.176963
 461.000000 0.088952 0.191124
 462.000000 0.087686 0.190549
 463.000000 0.077252 0.175416
 464.000000 0.076351 0.167965
 465.000000 0.075216 0.177536
 466.000000 0.065516 0.160342
 467.000000 0.097803 0.201118
 468.000000 0.071525 0.172472
 469.000000 0.071637 0.159409
 470.000000 0.077852 0.171743
 471.000000 0.064721 0.167109
 472.000000 0.083995 0.185527
 473.000000 0.078498 0.161187
 474.000000 0.069645 0.163576
 475.000000 0.093841 0.168334
 476.000000 0.059142 0.141824
 477.000000 0.064764 0.161305
 478.000000 0.073288 0.186541
 479.000000 0.069268 0.153973
 480.000000 0.060800 0.137485
 481.000000 0.071771 0.150140
 482.000000 0.065242 0.161464
 483.000000 0.065864 0.144295
 484.000000 0.054801 0.145776
 485.000000 0.078772 0.175497
 486.000000 0.083067 0.188460
 487.000000 0.079236 0.170320
 488.000000 0.058802 0.137023
 489.000000 0.040419 0.153352
 490.000000 0.073129 0.164443
 491.000000 0.076924 0.166113
 492.000000 0.069846 0.170315
 493.000000 0.064646 0.163837
 494.000000 0.063553 0.156506
 495.000000 0.054223 0.171589
 496.000000 0.053255 0.138502
 497.000000 0.063957 0.159682
 498.000000 0.075709 0.158887
 499.000000 0.065514 0.153520
 500.000000 0.057811 0.150085
 501.000000 0.074778 0.179997
 502.000000 0.071144 0.172938
 503.000000 0.069810 0.151208
 504.000000 0.068612 0.147662
 505.000000 0.063250 0.161400
 506.000000 0.071898 0.170465
 507.000000 0.063771 0.184353
 508.000000 0.081269 0.175015
 509.000000 0.076699 0.168056
 510.000000 0.075233 0.169988
 511.000000 0.075110 0.165498
 512.000000 0.082040 0.171719
 513.000000 0.075721 0.180045
 514.000000 0.065931 0.170683
 515.000000 0.078832 0.178303
 516.000000 0.071188 0.172988
 517.000000 0.063376 0.152717
 518.000000 0.062309 0.155137
 519.000000 0.079978 0.180188
 520.000000 0.058578 0.149221
 521.000000 0.067429 0.161012
 522.000000 0.065132 0.168417
 523.000000 0.064659 0.165651
 524.000000 0.072291 0.166190
 525.000000 0.066625 0.179976
 526.000000 0.063769 0.163300
 527.000000 0.080762 0.170626
 528.000000 0.059103 0.157771
 529.000000 0.060564 0.153788
 530.000000 0.062964 0.166040
 531.000000 0.060374 0.157853
 532.000000 0.088447 0.180776
 533.000000 0.069133 0.151298
 534.000000 0.067497 0.162165
 535.000000 0.059728 0.152813
 536.000000 0.055052 0.148950
 537.000000 0.065754 0.162555
 538.000000 0.073806 0.157469
 539.000000 0.079140 0.152667
 540.000000 0.070978 0.177932
 541.000000 0.069764 0.146354
 542.000000 0.075772 0.188489
 543.000000 0.086921 0.168580
 544.000000 0.081684 0.156508
 545.000000 0.068449 0.153980
 546.000000 0.056466 0.139444
 547.000000 0.056457 0.149640
 548.000000 0.060903 0.162404
 549.000000 0.061689 0.153068
 550.000000 0.078537 0.168586
 551.000000 0.063229 0.147438
 552.000000 0.093825 0.199952
 553.000000 0.091237 0.203673
 554.000000 0.087712 0.168744
 555.000000 0.099418 0.201927
 556.000000 0.099828 0.204642
 557.000000 0.094387 0.181994
 558.000000 0.102220 0.208451
 559.000000 0.103042 0.201949
 560.000000 0.103932 0.196714
 561.000000 0.088080 0.183563
 562.000000 0.094688 0.198398
 563.000000 0.099346 0.187737
 564.000000 0.089516 0.193780
 565.000000 0.107686 0.210807
 566.000000 0.099248 0.202208
 567.000000 0.084137 0.181091
 568.000000 0.086800 0.182600
 569.000000 0.089651 0.179659
 570.000000 0.063828 0.156171
 571.000000 0.083464 0.164145
 572.000000 0.076170 0.160117
 573.000000 0.058426 0.152032
 574.000000 0.002041 0.119359
 575.000000 0.005612 0.128632
 576.000000 0.006511 0.157125
 577.000000 0.008151 0.119288
 578.000000 0.001354 0.141163
 579.000000 0.004143 0.122013
 580.000000 0.001915 0.112223
 581.000000 0.001590 0.125315
 582.000000 0.067242 0.160979
 583.000000 0.048143 0.168645
 584.000000 0.062615 0.169588
 585.000000 0.071602 0.162351
 586.000000 0.064621 0.168991
 587.000000 0.080163 0.164336
 588.000000 0.063327 0.153631
 589.000000 0.066271 0.168600
 590.000000 0.069137 0.153698
 591.000000 0.070828 0.158107
 592.000000 0.073947 0.171664
 593.000000 0.069947 0.151363
 594.000000 0.063517 0.152772
 595.000000 0.055860 0.152711
 596.000000 0.062773 0.141364
 597.000000 0.074313 0.164685
 598.000000 0.065886 0.157809
 599.000000 0.069257 0.160377
 600.000000 0.056781 0.129899
 601.000000 0.062449 0.179518
 602.000000 0.068102 0.175225
 603.000000 0.064526 0.160705
 604.000000 0.078870 0.181546
 605.000000 0.098436 0.216133
 606.000000 0.100521 0.184551
 607.000000 0.095072 0.187231
 608.000000 0.086892 0.184057
 609.000000 0.100247 0.188794
 610.000000 0.110086 0.208872
 611.000000 0.091634 0.182461
 612.000000 0.100096 0.195591
 613.000000 0.111856 0.200293
 614.000000 0.091739 0.167965
 615.000000 0.090158 0.166489
 616.000000 0.093387 0.188202
 617.000000 0.110665 0.209107
 618.000000 0.114649 0.218154
 619.000000 0.085164 0.176989
 620.000000 0.093135 0.194620
 621.000000 0.097435 0.190902
 622.000000 0.057009 0.146472
 623.000000 0.086690 0.196741
 624.000000 0.081352 0.172722
 625.000000 0.085840 0.179105
 626.000000 0.097971 0.179378
 627.000000 0.104531 0.182291
 628.000000 0.090341 0.191622
 629.000000 0.091893 0.184268
 630.000000 0.052374 0.145376
 631.000000 0.052957 0.154479
 632.000000 0.062801 0.147341
 633.000000 0.054164 0.151650
 634.000000 0.062412 0.158325
 635.000000 0.062434 0.157460
 636.000000 0.063685 0.165507
 637.000000 0.056003 0.160224
 638.000000 0.104359 0.205219
 639.000000 0.088865 0.180167
 640.000000 0.088392 0.180266
 641.000000 0.088506 0.172426
 642.000000 0.087691 0.169192
 643.000000 0.084144 0.184622
 644.000000 0.102772 0.200650
 645.000000 0.083337 0.163983
 646.000000 0.087254 0.169049
 647.000000 0.079083 0.168874
 648.000000 0.094193 0.182615
 649.000000 0.105297 0.191490
 650.000000 0.101847 0.209087
 651.000000 0.070771 0.179421
 652.000000 0.057066 0.155989
 653.000000 0.060367 0.173912
 654.000000 0.068154 0.155713
 655.000000 0.061914 0.162860
 656.000000 0.061860 0.154821
 657.000000 0.075943 0.160954
 658.000000 0.062175 0.141450
 659.000000 0.056478 0.140940
 660.000000 0.057157 0.143840
 661.000000 0.056410 0.163186
 662.000000 0.073778 0.162646
 663.000000 0.063834 0.167220
 664.000000 0.061502 0.161196
 665.000000 0.065574 0.161026
 666.000000 0.081320 0.176454
 667.000000 0.062087 0.160124
 668.000000 0.002041 0.097353
 669.000000 0.063030 0.153021
 670.000000 0.054183 0.138330
 671.000000 0.060171 0.134481
 672.000000 0.063262 0.173539
 673.000000 0.070267 0.169337
 674.000000 0.001650 0.129244
 675.000000 0.055738 0.168724
 676.000000 0.055864 0.151797
 677.000000 0.051149 0.147093
 678.000000 0.063668 0.150019
 679.000000 0.062292 0.158298
 680.000000 0.002134 0.132799
 681.000000 0.003275 0.119362
 682.000000 0.073657 0.168473
 683.000000 0.075451 0.179190
 684.000000 0.061896 0.153820
 685.000000 0.002688 0.112860
 686.000000 0.012212 0.103304
 687.000000 0.002995 0.120166
 688.000000 0.019188 0.121685
 689.000000 0.050841 0.152817
 690.000000 0.072451 0.164239
 691.000000 0.055826 0.164020
 692.000000 0.058474 0.172019
 693.000000 0.061430 0.155631
 694.000000 0.076167 0.175712
 695.000000 0.075989 0.172175
 696.000000 0.053118 0.162788
 697.000000 0.070158 0.170522
 698.000000 0.059150 0.173559
 699.000000 0.066082 0.166779
 700.000000 0.065429 0.164418
 701.000000 0.060592 0.172926
 702.000000 0.063543 0.179482
 703.000000 0.107019 0.210532
 704.000000 0.096506 0.189116
 705.000000 0.096874 0.197507
 706.000000 0.099471 0.189402
 707.000000 0.093239 0.204176
 708.000000 0.102925 0.208410
 709.000000 0.090448 0.205735
 710.000000 0.083481 0.186241
 711.000000 0.096637 0.192311
 712.000000 0.100709 0.185257
 713.000000 0.088752 0.193595
 714.000000 0.086698 0.197508
 715.000000 0.102749 0.184165
 716.000000 0.093268 0.197293
 717.000000 0.087920 0.200689
 718.000000 0.087510 0.166599
 719.000000 0.075353 0.187643
 720.000000 0.092325 0.186028
 721.000000 0.073375 0.170230
 722.000000 0.099444 0.192056
 723.000000 0.096492 0.194012
 724.000000 0.091870 0.194241
 725.000000 0.091802 0.184737
 726.000000 0.088303 0.175756
 727.000000 0.084121 0.174398
 728.000000 0.104284 0.186834
 729.000000 0.084580 0.170081
 730.000000 0.095376 0.181642
 731.000000 0.093431 0.179109
 732.000000 0.103868 0.197581
 733.000000 0.084894 0.169754
 734.000000 0.092903 0.178207
 735.000000 0.084631 0.190021
 736.000000 0.098589 0.203080
 737.000000 0.095840 0.190661
 738.000000 0.098931 0.174688
 739.000000 0.084750 0.160363
 740.000000 0.073160 0.170091
 741.000000 0.005533 0.155573
 742.000000 0.002571 0.133544
 743.000000 0.003674 0.135344
 744.000000 0.002872 0.147602
 745.000000 0.008071 0.143618
 746.000000 0.011961 0.125414
 747.000000 0.005977 0.131670
 748.000000 0.007509 0.124682
 749.000000 0.014509 0.133165
 750.000000 0.012194 0.118699
 751.000000 0.061693 0.142414
 752.000000 0.055137 0.165200
 753.000000 0.046607 0.152958
 754.000000 0.049266 0.150515
 755.000000 0.069022 0.162396
 756.000000 0.002061 0.099121
 757.000000 0.065766 0.152067
 758.000000 0.065320 0.158406
 759.000000 0.053613 0.143265
 760.000000 0.058883 0.153020
 761.000000 0.066565 0.155495
 762.000000 0.073123 0.158037
 763.000000 0.072648 0.162127
 764.000000 0.084975 0.160136
 765.000000 0.063031 0.170435
 766.000000 0.068758 0.155009
 767.000000 0.056626 0.136584
 768.000000 0.060848 0.144809
 769.000000 0.069212 0.166901
 770.000000 0.075801 0.186698
 771.000000 0.078620 0.174109
 772.000000 0.061165 0.133826
 773.000000 0.092817 0.187677
 774.000000 0.062231 0.154317
 775.000000 0.062811 0.157290
 776.000000 0.056912 0.154778
 777.000000 0.058522 0.145351
 778.000000 0.069741 0.174713
 779.000000 0.061924 0.149327
 780.000000 0.051354 0.152490
 781.000000 0.047624 0.155925
 782.000000 0.069200 0.173501
 783.000000 0.054105 0.153585
 784.000000 0.059549 0.153053
 785.000000 0.073170 0.158802
 786.000000 0.016923 0.138203
 787.000000 0.001054 0.091193
 788.000000 0.021641 0.129251
 789.000000 0.039761 0.132885
 790.000000 0.021290 0.126227
 791.000000 0.009553 0.114445
 792.000000 0.049030 0.144569
 793.000000 0.071161 0.155850
 794.000000 0.069524 0.180012
 795.000000 0.060492 0.148575
 796.000000 0.069281 0.173259
 797.000000 0.061124 0.138831
 798.000000 0.067846 0.164381
 799.000000 0.040218 0.124889
 800.000000 0.085976 0.173391
 801.000000 0.053793 0.158288
 802.000000 0.069412 0.162345
 803.000000 0.059712 0.150016
 804.000000 0.063845 0.168896
 805.000000 0.081040 0.162121
 806.000000 0.072605 0.166539
 807.000000 0.064883 0.160949
 808.000000 0.071685 0.164439
 809.000000 0.009490 0.121354
 810.000000 0.045567 0.133963
 811.000000 0.073203 0.174833
 812.000000 0.098501 0.194316
 813.000000 0.091660 0.184612
 814.000000 0.087728 0.179299
 815.000000 0.087577 0.169271
 816.000000 0.111305 0.211794
 817.000000 0.095607 0.195155
 818.000000 0.091826 0.168451
 819.000000 0.083118 0.189986
 820.000000 0.108613 0.212990
 821.000000 0.099177 0.179550
 822.000000 0.100122 0.188531
 823.000000 0.110354 0.210380
 824.000000 0.072405 0.205686
 825.000000 0.070689 0.201437
 826.000000 0.017805 0.150237
 827.000000 0.009003 0.157096
 828.000000 0.002386 0.112076
 829.000000 0.018338 0.134056
 830.000000 0.010298 0.140067
 831.000000 0.001700 0.145878
 832.000000 0.002279 0.172923
 833.000000 0.012746 0.142474
 834.000000 0.008996 0.141215
 835.000000 0.003118 0.166815
 836.000000 0.003667 0.163541
 837.000000 0.001068 0.154957
 838.000000 0.002035 0.153234
 839.000000 0.007588 0.143520
 840.000000 0.018304 0.138412
 841.000000 0.009975 0.147706
 842.000000 0.001929 0.134877
 843.000000 0.001280 0.151712
 844.000000 0.005769 0.145157
 845.000000 0.001810 0.150383
 846.000000 0.010907 0.135894
 847.000000 0.013937 0.147193
 848.000000 0.001415 0.145623
 849.000000 0.002819 0.132996
 850.000000 0.001167 0.134129
 851.000000 0.016577 0.162609
 852.000000 0.002461 0.128070
 853.000000 0.019068 0.156218
 854.000000 0.013789 0.123147
 855.000000 0.025080 0.151817
 856.000000 0.019887 0.135641
 857.000000 0.004223 0.132494
 858.000000 0.020349 0.135071
 859.000000 0.013729 0.140203
 860.000000 0.001929 0.138250
 861.000000 0.001269 0.151058
 862.000000 0.026869 0.166345
 863.000000 0.002794 0.142251
 864.000000 0.025692 0.137400
 865.000000 0.016819 0.134362
 866.000000 0.022349 0.144185
 867.000000 0.006196 0.139030
 868.000000 0.018717 0.160810
 869.000000 0.020716 0.158142
 870.000000 0.021252 0.146402
 871.000000 0.002555 0.149717
 872.000000 0.021288 0.140131
 873.000000 0.012528 0.144915
 874.000000 0.004017 0.162022
 875.000000 0.005215 0.158033
 876.000000 0.002550 0.158014
 877.000000 0.015225 0.142917
 878.000000 0.013681 0.153061
 879.000000 0.016583 0.158378
 880.000000 0.014320 0.156745
 881.000000 0.002042 0.154273
 882.000000 0.003064 0.167414
 883.000000 0.002322 0.149581
 884.000000 0.002409 0.160401
 885.000000 0.020957 0.140718
 886.000000 0.003371 0.170847
 887.000000 0.005294 0.152251
 888.000000 0.005058 0.166459
 889.000000 0.000850 0.158201
 890.000000 0.011188 0.175413
 891.000000 0.002759 0.169287
 892.000000 0.003118 0.169034
 893.000000 0.006606 0.140705
 894.000000 0.005112 0.142399
 895.000000 0.016184 0.148414
 896.000000 0.002641 0.138079
 897.000000 0.005956 0.155557
 898.000000 0.002134 0.133796
 899.000000 0.002267 0.169369
 900.000000 0.014006 0.144398
 901.000000 0.002656 0.158802
 902.000000 0.002088 0.157679
 903.000000 0.001472 0.136065
 904.000000 0.016925 0.166220
 905.000000 0.019659 0.135790
 906.000000 0.003633 0.145199
 907.000000 0.003456 0.159781
 908.000000 0.012850 0.160502
 909.000000 0.002249 0.152122
 910.000000 0.001190 0.161032
 911.000000 0.002321 0.167192
 912.000000 0.002369 0.169881
 913.000000 0.002949 0.155225
 914.000000 0.013624 0.136944
 915.000000 0.006474 0.126974
 916.000000 0.006727 0.127479
 917.000000 0.017459 0.148132
 918.000000 0.014954 0.134444
 919.000000 0.001518 0.143054
 920.000000 0.013323 0.165231
 921.000000 0.021377 0.141411
 922.000000 0.000764 0.137683
 923.000000 0.002315 0.162427
 924.000000 0.004947 0.129775
 925.000000 0.013578 0.134807
 926.000000 0.001462 0.136524
 927.000000 0.002021 0.158415
 928.000000 0.005843 0.146502
 929.000000 0.008778 0.156815
 930.000000 0.011320 0.139417
 931.000000 0.007671 0.157400
 932.000000 0.014593 0.169172
 933.000000 0.013254 0.151334
 934.000000 0.000913 0.128346
 935.000000 0.001027 0.140588
 936.000000 0.006283 0.140654
 937.000000 0.008112 0.153126
 938.000000 0.020109 0.155736
 939.000000 0.002958 0.132264
 940.000000 0.002224 0.123460
 941.000000 0.002455 0.118296
 942.000000 0.011167 0.146186
 943.000000 0.001581 0.158733
 944.000000 0.003346 0.121578
 945.000000 0.009259 0.145576
 946.000000 0.004206 0.144054
 947.000000 0.003114 0.148086
 948.000000 0.001901 0.161379
 949.000000 0.001572 0.150591
 950.000000 0.002267 0.140812
 951.000000 0.004017 0.148533
 952.000000 0.002478 0.146563
 953.000000 0.001344 0.157003
 954.000000 0.002267 0.158369
 955.000000 0.000527 0.137406
 956.000000 0.024247 0.165664
 957.000000 0.003287 0.159105
 958.000000 0.013277 0.159424
 959.000000 0.002192 0.137293
 960.000000 0.003078 0.136734
 961.000000 0.000850 0.158285
 962.000000 0.000707 0.148294
 963.000000 0.011835 0.141148
 964.000000 0.002794 0.162388
 965.000000 0.016562 0.144820
 966.000000 0.003391 0.141535
 967.000000 0.001581 0.154500
 968.000000 0.002916 0.163376
 969.000000 0.005543 0.164291
 970.000000 0.002062 0.149585
 971.000000 0.003371 0.159034
 972.000000 0.002141 0.161365
 973.000000 0.003136 0.153485
 974.000000 0.001684 0.153415
 975.000000 0.011375 0.154916
 976.000000 0.003009 0.152020
 977.000000 0.004696 0.168267
 978.000000 0.002636 0.139391
 979.000000 0.001519 0.141639
 980.000000 0.004113 0.139033
 981.000000 0.002014 0.147803
 982.000000 0.006149 0.136624
 983.000000 0.019567 0.158834
 984.000000 0.006014 0.141721
 985.000000 0.002527 0.151350
 986.000000 0.013656 0.146818
 987.000000 0.010064 0.141986
 988.000000 0.006390 0.153422
 989.000000 0.012313 0.159753
 990.000000 0.014770 0.172973
 991.000000 0.003046 0.157416
 992.000000 0.008628 0.155240
 993.000000 0.001167 0.137828
 994.000000 0.001616 0.160001
 995.000000 0.006164 0.141523
 996.000000 0.002991 0.136427
 997.000000 0.001202 0.166784
 998.000000 0.002357 0.174669
 999.000000 0.013084 0.160647
 1000.000000 0.012402 0.154391
 1001.000000 0.012217 0.156028
 1002.000000 0.003312 0.141793
 1003.000000 0.003064 0.153971
 1004.000000 0.026205 0.171328
 1005.000000 0.001986 0.153316
 1006.000000 0.021120 0.143129
 1007.000000 0.001929 0.146689
 1008.000000 0.003559 0.148456
 1009.000000 0.013598 0.161702
 1010.000000 0.002128 0.188039
 1011.000000 0.003180 0.154632
 1012.000000 0.012020 0.132218
 1013.000000 0.002427 0.157633
 1014.000000 0.014388 0.157366
 1015.000000 0.002759 0.157012
 1016.000000 0.003240 0.164181
 1017.000000 0.016068 0.143624
 1018.000000 0.009057 0.151225
 1019.000000 0.000816 0.162448
 1020.000000 0.013045 0.126362
 1021.000000 0.014025 0.161929
 1022.000000 0.016396 0.122114
 1023.000000 0.003629 0.142343
 1024.000000 0.002192 0.154599
 1025.000000 0.000972 0.138833
 1026.000000 0.012672 0.160489
 1027.000000 0.013217 0.155754
 1028.000000 0.015967 0.152105
 1029.000000 0.013228 0.156916
 1030.000000 0.006329 0.153345
 1031.000000 0.002528 0.135677
 1032.000000 0.016630 0.180082
 1033.000000 0.017427 0.154882
 1034.000000 0.016890 0.159850
 1035.000000 0.017693 0.152606
 1036.000000 0.022839 0.132199
 1037.000000 0.014292 0.143565
 1038.000000 0.001434 0.130116
 1039.000000 0.001683 0.153283
 1040.000000 0.014508 0.152775
 1041.000000 0.002972 0.142585
 1042.000000 0.003655 0.143271
 1043.000000 0.003215 0.137105
 1044.000000 0.013567 0.148006
 1045.000000 0.003408 0.155989
 1046.000000 0.011819 0.158727
 1047.000000 0.002115 0.128608
 1048.000000 0.002248 0.166572
 1049.000000 0.015710 0.162540
 1050.000000 0.016470 0.138611
 1051.000000 0.002528 0.135983
 1052.000000 0.010459 0.165063
 1053.000000 0.009566 0.146936
 1054.000000 0.003287 0.139035
 1055.000000 0.011908 0.141109
 1056.000000 0.005906 0.147579
 1057.000000 0.025319 0.126705
 1058.000000 0.013491 0.143847
 1059.000000 0.003275 0.154110
 1060.000000 0.003171 0.139788
 1061.000000 0.001893 0.147005
 1062.000000 0.010199 0.160064
 1063.000000 0.013501 0.166979
 1064.000000 0.003325 0.147861
 1065.000000 0.004378 0.149405
 1066.000000 0.013406 0.178624
 1067.000000 0.000472 0.129883
 1068.000000 0.003140 0.150304
 1069.000000 0.014333 0.148540
 1070.000000 0.017099 0.168899
 1071.000000 0.004865 0.151546
 1072.000000 0.014448 0.164738
 1073.000000 0.000898 0.141223
 1074.000000 0.003644 0.164795
 1075.000000 0.024897 0.150318
 1076.000000 0.011978 0.153221
 1077.000000 0.002528 0.139902
 1078.000000 0.019178 0.154677
 1079.000000 0.016442 0.152440
 1080.000000 0.004634 0.168566
 1081.000000 0.023761 0.139121
 1082.000000 0.004681 0.153444
 1083.000000 0.020344 0.153951
 1084.000000 0.020512 0.148357
 1085.000000 0.025684 0.151539
 1086.000000 0.009907 0.147396
 1087.000000 0.017112 0.123901
 1088.000000 0.013818 0.170246
 1089.000000 0.015394 0.180804
 1090.000000 0.013844 0.130456
 1091.000000 0.011731 0.157961
 1092.000000 0.014109 0.159367
 1093.000000 0.013545 0.165012
 1094.000000 0.002683 0.153795
 1095.000000 0.019519 0.145777
 1096.000000 0.021099 0.148292
 1097.000000 0.002990 0.140440
 1098.000000 0.015873 0.171110
 1099.000000 0.012803 0.123300
 1100.000000 0.018799 0.142093
 1101.000000 0.001724 0.158077
 1102.000000 0.004180 0.173750
 1103.000000 0.003000 0.145618
 1104.000000 0.002273 0.159592
 1105.000000 0.003023 0.163184
 1106.000000 0.017649 0.133307
 1107.000000 0.013418 0.141500
 1108.000000 0.003118 0.162115
 1109.000000 0.015006 0.155548
 1110.000000 0.016428 0.164672
 1111.000000 0.000527 0.156955
 1112.000000 0.016141 0.163868
 1113.000000 0.018835 0.170625
 1114.000000 0.017564 0.148525
 1115.000000 0.016616 0.140522
 1116.000000 0.009215 0.148411
 1117.000000 0.010510 0.157591
 1118.000000 0.026281 0.131639
 1119.000000 0.015276 0.161267
 1120.000000 0.011696 0.154467
 1121.000000 0.005362 0.167393
 1122.000000 0.012025 0.147685
 1123.000000 0.015692 0.155368
 1124.000000 0.012030 0.137034
 1125.000000 0.005500 0.162786
 1126.000000 0.021121 0.150798
 1127.000000 0.018334 0.149541
 1128.000000 0.022623 0.146405
 1129.000000 0.002738 0.141257
 1130.000000 0.018194 0.151910
 1131.000000 0.013570 0.162698
 1132.000000 0.013677 0.163609
 1133.000000 0.023171 0.139966
 1134.000000 0.012817 0.146290
 1135.000000 0.015550 0.159318
 1136.000000 0.016081 0.137165
 1137.000000 0.010222 0.145257
 1138.000000 0.017861 0.152081
 1139.000000 0.013297 0.161641
 1140.000000 0.022776 0.140683
 1141.000000 0.017305 0.141628
 1142.000000 0.036573 0.142959
 1143.000000 0.014176 0.132594
 1144.000000 0.017063 0.169245
 1145.000000 0.012896 0.139865
 1146.000000 0.018861 0.149987
 1147.000000 0.018021 0.150412
 1148.000000 0.029788 0.169598
 1149.000000 0.005305 0.134201
 1150.000000 0.001732 0.142325
 1151.000000 0.018486 0.143907
 1152.000000 0.012795 0.149248
 1153.000000 0.017457 0.167108
 1154.000000 0.014616 0.148833
 1155.000000 0.010252 0.162952
 1156.000000 0.017831 0.157455
 1157.000000 0.020410 0.134970
 1158.000000 0.029027 0.155907
 1159.000000 0.004652 0.146848
 1160.000000 0.013896 0.145159
 1161.000000 0.001581 0.138402
 1162.000000 0.014586 0.166326
 1163.000000 0.001190 0.162900
 1164.000000 0.001772 0.161658
 1165.000000 0.019366 0.161680
 1166.000000 0.027557 0.163323
 1167.000000 0.023533 0.167939
 1168.000000 0.019242 0.136462
 1169.000000 0.014826 0.135276
 1170.000000 0.001616 0.140033
 1171.000000 0.020065 0.157766
 1172.000000 0.020769 0.180698
 1173.000000 0.025391 0.122746
 1174.000000 0.017957 0.145224
 1175.000000 0.010926 0.158714
 1176.000000 0.003779 0.164802
 1177.000000 0.001841 0.161889
 1178.000000 0.009558 0.169862
 1179.000000 0.001675 0.156053
 1180.000000 0.023994 0.139945
 1181.000000 0.011985 0.144149
 1182.000000 0.004298 0.152598
 1183.000000 0.009587 0.142999
 1184.000000 0.014576 0.148837
 1185.000000 0.013721 0.145924
 1186.000000 0.021992 0.146130
 1187.000000 0.016210 0.159364
 1188.000000 0.005492 0.148823
 1189.000000 0.030676 0.148079
 1190.000000 0.020156 0.149522
 1191.000000 0.007805 0.149618
 1192.000000 0.002764 0.150319
 1193.000000 0.015324 0.137729
 1194.000000 0.022663 0.159120
 1195.000000 0.003223 0.149550
 1196.000000 0.019985 0.140327
 1197.000000 0.018745 0.158583
 1198.000000 0.016092 0.156124
 1199.000000 0.016684 0.135904
 1200.000000 0.001106 0.154508
 1201.000000 0.019082 0.159106
 1202.000000 0.031429 0.146342
 1203.000000 0.004619 0.140207
 1204.000000 0.024238 0.141872
 1205.000000 0.009455 0.145378
 1206.000000 0.002779 0.159644
 1207.000000 0.008586 0.170534
 1208.000000 0.011740 0.165951
 1209.000000 0.001795 0.145298
 1210.000000 0.018805 0.164991
 1211.000000 0.004200 0.149115
 1212.000000 0.004337 0.168600
 1213.000000 0.013997 0.127267
 1214.000000 0.003962 0.147177
 1215.000000 0.027551 0.156237
 1216.000000 0.002635 0.152674
 1217.000000 0.012729 0.169709
 1218.000000 0.017834 0.149046
 1219.000000 0.020375 0.141937
 1220.000000 0.001434 0.139019
 1221.000000 0.031037 0.133477
 1222.000000 0.024755 0.186295
 1223.000000 0.016781 0.141187
 1224.000000 0.014695 0.152208
 1225.000000 0.001841 0.147550
 1226.000000 0.002363 0.138226
 1227.000000 0.020337 0.166952
 1228.000000 0.001810 0.142868
 1229.000000 0.014127 0.163410
 1230.000000 0.012699 0.174039
 1231.000000 0.002014 0.146999
 1232.000000 0.026735 0.171142
 1233.000000 0.018416 0.171413
 1234.000000 0.018319 0.162421
 1235.000000 0.015543 0.158781
 1236.000000 0.024824 0.134542
 1237.000000 0.014017 0.164682
 1238.000000 0.021266 0.154954
 1239.000000 0.023022 0.131846
 1240.000000 0.014913 0.158419
 1241.000000 0.016139 0.183336
 1242.000000 0.001922 0.142996
 1243.000000 0.000707 0.135115
 1244.000000 0.012001 0.142487
 1245.000000 0.006922 0.140676
 1246.000000 0.003354 0.140805
 1247.000000 0.013769 0.152854
 1248.000000 0.013684 0.165709
 1249.000000 0.024052 0.134517
 1250.000000 0.019958 0.148419
 1251.000000 0.001000 0.145788
 1252.000000 0.015593 0.146075
 1253.000000 0.016515 0.175735
 1254.000000 0.001258 0.148985
 1255.000000 0.012479 0.167279
 1256.000000 0.010664 0.139486
 1257.000000 0.005123 0.136995
 1258.000000 0.002892 0.139376
 1259.000000 0.001616 0.148174
 1260.000000 0.013273 0.150171
 1261.000000 0.018612 0.145606
 1262.000000 0.015803 0.147102
 1263.000000 0.016310 0.159207
 1264.000000 0.020786 0.167950
 1265.000000 0.018298 0.120209
 1266.000000 0.018222 0.153887
 1267.000000 0.016716 0.144156
 1268.000000 0.003236 0.141472
 1269.000000 0.017977 0.137502
 1270.000000 0.003073 0.143177
 1271.000000 0.016962 0.135056
 1272.000000 0.013414 0.148464
 1273.000000 0.003412 0.153076
 1274.000000 0.021305 0.141211
 1275.000000 0.012460 0.166425
 1276.000000 0.026116 0.157918
 1277.000000 0.028700 0.178211
 1278.000000 0.016988 0.146268
 1279.000000 0.016256 0.155271
 1280.000000 0.025339 0.164241
 1281.000000 0.018447 0.157956
 1282.000000 0.021030 0.168152
 1283.000000 0.034897 0.165564
 1284.000000 0.014957 0.151701
 1285.000000 0.012339 0.186045
 1286.000000 0.016811 0.156434
 1287.000000 0.016024 0.147069
 1288.000000 0.003279 0.161193
 1289.000000 0.023014 0.143061
 1290.000000 0.001000 0.168571
 1291.000000 0.010986 0.161209
 1292.000000 0.019266 0.145273
 1293.000000 0.018825 0.164394
 1294.000000 0.015326 0.145896
 1295.000000 0.016362 0.155714
 1296.000000 0.013747 0.154839
 1297.000000 0.022312 0.163668
 1298.000000 0.017727 0.164214
 1299.000000 0.001650 0.159459
 1300.000000 0.026399 0.160055
 1301.000000 0.018198 0.162777
 1302.000000 0.003745 0.148193
 1303.000000 0.023203 0.167819
 1304.000000 0.026589 0.142292
 1305.000000 0.009619 0.159068
 1306.000000 0.022556 0.143537
 1307.000000 0.012941 0.148833
 1308.000000 0.001675 0.155674
 1309.000000 0.024338 0.145889
 1310.000000 0.021250 0.133445
 1311.000000 0.003091 0.167835
 1312.000000 0.030981 0.174674
 1313.000000 0.015461 0.161125
 1314.000000 0.001633 0.149228
 1315.000000 0.017069 0.138847
 1316.000000 0.001922 0.174421
 1317.000000 0.001849 0.161079
 1318.000000 0.018835 0.156033
 1319.000000 0.002291 0.143709
 1320.000000 0.016987 0.168284
 1321.000000 0.001740 0.140502
 1322.000000 0.015933 0.164315
 1323.000000 0.019854 0.138752
 1324.000000 0.012822 0.159113
 1325.000000 0.014147 0.144012
 1326.000000 0.021207 0.190439
 1327.000000 0.014466 0.145673
 1328.000000 0.018022 0.144153
 1329.000000 0.018677 0.162394
 1330.000000 0.017946 0.163364
 1331.000000 0.018565 0.156915
 1332.000000 0.014576 0.152171
 1333.000000 0.016456 0.141050
 1334.000000 0.013591 0.168428
 1335.000000 0.014762 0.146128
 1336.000000 0.016528 0.149295
 1337.000000 0.017998 0.151743
 1338.000000 0.005234 0.146740
 1339.000000 0.015501 0.146153
 1340.000000 0.009811 0.162474
 1341.000000 0.022831 0.151930
 1342.000000 0.014982 0.133782
 1343.000000 0.012633 0.160231
 1344.000000 0.012371 0.143959
 1345.000000 0.017730 0.150211
 1346.000000 0.000726 0.151780
 1347.000000 0.011549 0.138866
 1348.000000 0.003625 0.144986
 1349.000000 0.023075 0.139486
 1350.000000 0.019042 0.167082
 1351.000000 0.024144 0.151616
 1352.000000 0.012006 0.129413
 1353.000000 0.015000 0.141151
 1354.000000 0.019427 0.150623
 1355.000000 0.016919 0.175014
 1356.000000 0.023629 0.147643
 1357.000000 0.018210 0.171383
 1358.000000 0.019813 0.144032
 1359.000000 0.020789 0.161913
 1360.000000 0.014440 0.142202
 1361.000000 0.013354 0.165362
 1362.000000 0.020852 0.148413
 1363.000000 0.023210 0.156427
 1364.000000 0.017119 0.168193
 1365.000000 0.003334 0.183005
 1366.000000 0.017927 0.172746
 1367.000000 0.023974 0.168978
 1368.000000 0.001675 0.164748
 1369.000000 0.020975 0.161290
 1370.000000 0.001810 0.153666
 1371.000000 0.030430 0.151548
 1372.000000 0.020417 0.151493
 1373.000000 0.013910 0.149018
 1374.000000 0.002369 0.167909
 1375.000000 0.001313 0.163992
 1376.000000 0.010081 0.174717
 1377.000000 0.015134 0.146967
 1378.000000 0.002198 0.149830
 1379.000000 0.017343 0.164920
 1380.000000 0.002779 0.157166
 1381.000000 0.019665 0.165254
 1382.000000 0.011587 0.158282
 1383.000000 0.021033 0.156654
 1384.000000 0.006196 0.141682
 1385.000000 0.014574 0.167565
 1386.000000 0.007983 0.172220
 1387.000000 0.006982 0.144432
 1388.000000 0.001312 0.159327
 1389.000000 0.021719 0.167277
 1390.000000 0.006149 0.172395
 1391.000000 0.015639 0.151912
 1392.000000 0.039793 0.155731
 1393.000000 0.014211 0.140939
 1394.000000 0.014551 0.160359
 1395.000000 0.002192 0.151750
 1396.000000 0.028974 0.167219
 1397.000000 0.014448 0.164041
 1398.000000 0.014799 0.184873
 1399.000000 0.030271 0.161780
 1400.000000 0.030885 0.153043
 1401.000000 0.002630 0.158803
 1402.000000 0.019692 0.157121
 1403.000000 0.002739 0.162390
 1404.000000 0.017529 0.175029
 1405.000000 0.023297 0.165816
 1406.000000 0.012720 0.175907
 1407.000000 0.021127 0.157725
 1408.000000 0.018295 0.156536
 1409.000000 0.002528 0.166806
 1410.000000 0.016745 0.158428
 1411.000000 0.005602 0.158412
 1412.000000 0.003804 0.153669
 1413.000000 0.020841 0.151633
 1414.000000 0.013906 0.171449
 1415.000000 0.003023 0.144126
 1416.000000 0.002068 0.138121
 1417.000000 0.004285 0.163869
 1418.000000 0.024806 0.146382
 1419.000000 0.016584 0.174464
 1420.000000 0.016364 0.157262
 1421.000000 0.007358 0.152576
 1422.000000 0.034504 0.143027
 1423.000000 0.004137 0.158814
 1424.000000 0.013189 0.168823
 1425.000000 0.017959 0.146989
 1426.000000 0.015975 0.141455
 1427.000000 0.001573 0.178419
 1428.000000 0.019939 0.165889
 1429.000000 0.018237 0.153452
 1430.000000 0.016304 0.161259
 1431.000000 0.021177 0.144492
 1432.000000 0.015718 0.158542
 1433.000000 0.035061 0.153208
 1434.000000 0.001572 0.153062
 1435.000000 0.025913 0.179268
 1436.000000 0.007433 0.161886
 1437.000000 0.013568 0.151491
 1438.000000 0.012527 0.144059
 1439.000000 0.001302 0.155509
 1440.000000 0.016246 0.171381
 1441.000000 0.003321 0.146379
 1442.000000 0.000958 0.170765
 1443.000000 0.010601 0.136387
 1444.000000 0.017722 0.165467
 1445.000000 0.017741 0.148293
 1446.000000 0.002230 0.155328
 1447.000000 0.014641 0.150327
 1448.000000 0.014846 0.156548
 1449.000000 0.024174 0.167119
 1450.000000 0.022748 0.162440
 1451.000000 0.011519 0.154157
 1452.000000 0.001344 0.148666
 1453.000000 0.013794 0.161019
 1454.000000 0.024335 0.155416
 1455.000000 0.025286 0.158703
 1456.000000 0.018462 0.165847
 1457.000000 0.015256 0.162787
 1458.000000 0.012445 0.159219
 1459.000000 0.006702 0.170506
 1460.000000 0.019473 0.177396
 1461.000000 0.027024 0.146316
 1462.000000 0.001572 0.162008
 1463.000000 0.022219 0.154371
 1464.000000 0.013023 0.157417
 1465.000000 0.021791 0.144738
 1466.000000 0.013665 0.157136
 1467.000000 0.003476 0.163018
 1468.000000 0.010706 0.166091
 1469.000000 0.011920 0.184353
 1470.000000 0.005003 0.151743
 1471.000000 0.003046 0.156299
 1472.000000 0.011107 0.167780
 1473.000000 0.016016 0.153969
 1474.000000 0.011133 0.166812
 1475.000000 0.005297 0.157813
 1476.000000 0.024538 0.152071
 1477.000000 0.003082 0.159685
 1478.000000 0.016108 0.166431
 1479.000000 0.002192 0.137418
 1480.000000 0.003583 0.165427
 1481.000000 0.014938 0.144023
 1482.000000 0.017228 0.148783
 1483.000000 0.015249 0.154528
 1484.000000 0.006166 0.146828
 1485.000000 0.001929 0.159847
 1486.000000 0.011556 0.140464
 1487.000000 0.001463 0.139643
 1488.000000 0.002495 0.158967
 1489.000000 0.015593 0.139892
 1490.000000 0.002528 0.140065
 1491.000000 0.000408 0.144203
 1492.000000 0.003408 0.169321
 1493.000000 0.002415 0.153455
 1494.000000 0.002511 0.142264
 1495.000000 0.020842 0.146747
 1496.000000 0.017714 0.146713
 1497.000000 0.016039 0.157572
 1498.000000 0.000373 0.146174
 1499.000000 0.001740 0.147918
 1500.000000 0.014843 0.153914
 1501.000000 0.015335 0.145262
 1502.000000 0.001280 0.160160
 1503.000000 0.010569 0.157201
 1504.000000 0.022460 0.141991
 1505.000000 0.013737 0.166909
 1506.000000 0.024925 0.135709
 1507.000000 0.004365 0.142378
 1508.000000 0.017475 0.167120
 1509.000000 0.004014 0.158390
 1510.000000 0.002819 0.170235
 1511.000000 0.013729 0.185738
 1512.000000 0.012747 0.155957
 1513.000000 0.022670 0.165959
 1514.000000 0.001472 0.149439
 1515.000000 0.026240 0.160440
 1516.000000 0.010533 0.153574
 1517.000000 0.013095 0.165926
 1518.000000 0.017151 0.147384
 1519.000000 0.011238 0.153189
 1520.000000 0.024372 0.130002
 1521.000000 0.012532 0.168270
 1522.000000 0.012809 0.149705
 1523.000000 0.007129 0.159434
 1524.000000 0.010400 0.140180
 1525.000000 0.001364 0.152981
 1526.000000 0.016078 0.151088
 1527.000000 0.012938 0.152018
 1528.000000 0.028609 0.144279
 1529.000000 0.002267 0.165090
 1530.000000 0.003236 0.153007
 1531.000000 0.014645 0.139138
 1532.000000 0.013388 0.172815
 1533.000000 0.012570 0.159953
 1534.000000 0.002625 0.176491
 1535.000000 0.024905 0.156142
