#! FIELDS Ox_rho file.free der_Ox_rho
#! SET min_Ox_rho -0.0245035
#! SET max_Ox_rho 4.11009
#! SET nbins_Ox_rho  1672
#! SET periodic_Ox_rho false
   -0.024503500  256.539957083   -0.000000000
   -0.022029177  256.444516856 -114.150942425
   -0.019554854  255.842731812 -410.299397879
   -0.017080531  254.130706042 -1057.018505559
   -0.014606209  250.096877242 -2333.678425065
   -0.012131886  241.857112023 -4483.319006814
   -0.009657563  227.206032598 -7475.041186319
   -0.007183240  204.587354526 -10782.135285312
   -0.004708917  174.458608053 -13339.879222024
   -0.002234594  140.157890831 -13994.660849510
    0.000239729  107.252584560 -12206.509721218
    0.002714051   81.315320120 -8553.147842683
    0.005188374   65.254820128 -4504.046266078
    0.007662697   58.099607848 -1548.253394925
    0.010137020   56.126449800 -330.804288117
    0.012611343   55.326685600 -470.336491181
    0.015085666   53.419765932 -1073.452612243
    0.017559989   50.218554015 -1444.618318759
    0.020034311   46.609055320 -1418.278081252
    0.022508634   43.347255828 -1214.322903689
    0.024982957   40.518829682 -1100.226746189
    0.027457280   37.726596349 -1183.855569592
    0.029931603   34.678643353 -1274.005996070
    0.032405926   31.482628440 -1294.610612536
    0.034880249   28.360835938 -1215.903582828
    0.037354572   25.515959110 -1081.807626424
    0.039828894   23.022663043 -942.641123078
    0.042303217   20.820992121 -843.825595492
    0.044777540   18.834972291 -761.569042068
    0.047251863   17.036682772 -693.326441142
    0.049726186   15.418713504 -609.909956237
    0.052200509   14.034288394 -506.989283827
    0.054674832   12.925174751 -390.443285068
    0.057149154   12.113089640 -261.269717676
    0.059623477   11.627656995 -134.113103144
    0.062097800   11.436984195  -26.316305814
    0.064572123   11.470849379   48.866232980
    0.067046446   11.643908453   86.603005520
    0.069520769   11.886788690  110.215981048
    0.071995092   12.187148448  130.115760488
    0.074469414   12.531432005  145.324572809
    0.076943737   12.888637128  138.245126364
    0.079418060   13.171890719   79.133082884
    0.081892383   13.232368464  -36.199266850
    0.084366706   12.957371329 -188.593047194
    0.086841029   12.308391382 -326.940629266
    0.089315352   11.412575064 -383.539912829
    0.091789674   10.492925543 -345.250123854
    0.094263997    9.785512544 -215.395762640
    0.096738320    9.451869899  -52.547012478
    0.099212643    9.537048567  123.578035253
    0.101686966   10.070075017  305.722058986
    0.104161289   11.064929364  497.764678548
    0.106635612   12.547575016  698.218795912
    0.109109934   14.473762590  846.099595154
    0.111584257   16.647295061  892.020066744
    0.114058580   18.800943806  831.435919945
    0.116532903   20.684541791  675.112241974
    0.119007226   22.089371689  454.578803264
    0.121481549   22.911231340  204.465453509
    0.123955872   23.111897472  -40.582553365
    0.126430194   22.748304473 -239.945864426
    0.128904517   21.985501228 -361.534245153
    0.131378840   21.032869052 -391.724932333
    0.133853163   20.083965251 -367.716694636
    0.136327486   19.230403688 -319.224822876
    0.138801809   18.493249508 -279.633675542
    0.141276132   17.821187715 -262.958083210
    0.143750455   17.184161654 -249.346411756
    0.146224777   16.577253738 -244.613968990
    0.148699100   15.967395993 -248.271042654
    0.151173423   15.358497733 -240.241081115
    0.153647746   14.797293722 -209.472776058
    0.156122069   14.345028993 -157.765610319
    0.158596392   14.002566864 -118.540393129
    0.161070715   13.728176919 -104.365950174
    0.163545037   13.477330123  -97.459939067
    0.166019360   13.257019118  -78.811291332
    0.168493683   13.120017330  -27.766408098
    0.170968006   13.143603987   47.274864146
    0.173442329   13.343017726  112.854781904
    0.175916652   13.677760969  153.522903899
    0.178390975   14.104582211  194.802458158
    0.180865297   14.662992964  263.935747841
    0.183339620   15.434311942  365.079716326
    0.185813943   16.465153708  462.041730384
    0.188288266   17.688678534  516.518603465
    0.190762589   18.979617166  523.337035541
    0.193236912   20.258186454  506.467628283
    0.195711235   21.474976101  470.308052022
    0.198185557   22.592873997  431.317195540
    0.200659880   23.606800796  384.433609805
    0.203134203   24.494669764  329.832849647
    0.205608526   25.239413439  273.603152541
    0.208082849   25.836713092  215.221000215
    0.210557172   26.313607913  171.320305044
    0.213031495   26.696314067  136.522349190
    0.215505817   26.997059210  106.528639885
    0.217980140   27.217785476   67.013680981
    0.220454463   27.309419249    6.298440726
    0.222928786   27.252788537  -52.036664884
    0.225403109   27.061578072  -94.585368773
    0.227877432   26.808439577 -102.640970054
    0.230351755   26.589181504  -68.450398340
    0.232826077   26.490473890  -11.493275191
    0.235300400   26.516848971   28.382387658
    0.237774723   26.613584856   44.470105937
    0.240249046   26.709940642   35.520962189
    0.242723369   26.791501902   31.182337272
    0.245197692   26.883169431   42.198770535
    0.247672015   27.029149132   74.327493392
    0.250146338   27.250286246   96.083341198
    0.252620660   27.483464108   82.623069184
    0.255094983   27.617441101   16.800464655
    0.257569306   27.528467115  -95.279146873
    0.260043629   27.136698724 -225.965641392
    0.262517952   26.418056879 -355.821780555
    0.264992275   25.407517874 -459.817318886
    0.267466598   24.143997880 -562.214127583
    0.269940920   22.610674237 -677.652840329
    0.272415243   20.804035161 -781.954806169
    0.274889566   18.782916283 -844.269575936
    0.277363889   16.672716725 -849.966658859
    0.279838212   14.644143492 -785.549204182
    0.282312535   12.800681699 -705.746982150
    0.284786858   11.142044025 -636.047549485
    0.287261180    9.639194389 -580.836094375
    0.289735503    8.260894480 -528.816283304
    0.292209826    7.038137013 -457.595973215
    0.294684149    5.984314059 -396.191073038
    0.297158472    5.066747707 -352.473215746
    0.299632795    4.220619843 -335.874191822
    0.302107118    3.404137856 -320.052611318
    0.304581440    2.654233823 -282.553429242
    0.307055763    2.020168753 -227.094980221
    0.309530086    1.535727262 -164.177633764
    0.312004409    1.200313660 -106.760979699
    0.314478732    1.009651050  -51.799077702
    0.316953055    0.940836296   -5.122097932
    0.319427378    0.981696741   35.054000857
    0.321901700    1.115011377   70.577956602
    0.324376023    1.338363658  110.605528316
    0.326850346    1.684271620  172.686587975
    0.329324669    2.208047916  254.210458703
    0.331798992    2.935466076  330.667399370
    0.334273315    3.817185817  377.717449072
    0.336747638    4.760907788  379.767063347
    0.339221961    5.688948854  371.079233840
    0.341696283    6.607321347  369.752682283
    0.344170606    7.505050350  348.424002694
    0.346644929    8.281637576  266.181989677
    0.349119252    8.779297757  130.191071509
    0.351593575    8.899435244  -32.254810578
    0.354067898    8.628577516 -178.566587481
    0.356542221    8.058547111 -271.810843532
    0.359016543    7.322585423 -313.704860865
    0.361490866    6.521901979 -330.987150781
    0.363965189    5.686742967 -341.383546415
    0.366439512    4.847794025 -332.137507835
    0.368913835    4.066224831 -294.077314318
    0.371388158    3.381729160 -259.059620922
    0.373862481    2.793643889 -218.951096277
    0.376336803    2.292755603 -190.609074844
    0.378811126    1.843690323 -170.749129018
    0.381285449    1.424896345 -163.123420089
    0.383759772    1.034219858 -152.747146857
    0.386234095    0.667004774 -140.834789444
    0.388708418    0.347677963 -113.197435471
    0.391182741    0.115914005  -73.318330072
    0.393657063    0.000000000  -21.505171559
    0.396131386    0.002141183   23.076861818
    0.398605709    0.113364281   64.724932159
    0.401080032    0.283595932   69.336608861
    0.403554355    0.445100848   61.465755615
    0.406028678    0.583608229   50.743184368
    0.408503001    0.714573371   55.864619878
    0.410977323    0.871020755   70.763079763
    0.413451646    1.066100914   87.784019312
    0.415925969    1.296030720   97.274111171
    0.418400292    1.513894075   80.235919856
    0.420874615    1.668110558   47.805176576
    0.423348938    1.759340257   24.699895308
    0.425823261    1.812043130   17.268374030
    0.428297583    1.843457782    6.775639793
    0.430771906    1.823323309  -23.206302255
    0.433246229    1.725577862  -54.048898162
    0.435720552    1.564587100  -71.842779107
    0.438194875    1.391689214  -65.389534873
    0.440669198    1.254630962  -46.570353688
    0.443143521    1.159228081  -36.544126374
    0.445617844    1.048706095  -54.182777294
    0.448092166    0.901183530  -63.363820806
    0.450566489    0.728765974  -68.967449672
    0.453040812    0.583485083  -47.726229517
    0.455515135    0.502251093  -16.773991683
    0.457989458    0.494306900    4.055827805
    0.460463781    0.515629159   10.366021864
    0.462938104    0.531724160    1.899270906
    0.465412426    0.533434238    4.280328149
    0.467886749    0.546733949   10.168553947
    0.470361072    0.593766211   25.768948576
    0.472835395    0.663020706   27.801246397
    0.475309718    0.739107883   30.919142742
    0.477784041    0.812006689   27.051597282
    0.480258364    0.875031171   25.300155557
    0.482732686    0.950133642   36.620173751
    0.485207009    1.037070162   32.799786163
    0.487681332    1.102056814   15.335119487
    0.490155655    1.113463897  -10.906741865
    0.492629978    1.048870779  -40.923228764
    0.495104301    0.926734169  -53.011060033
    0.497578624    0.810017743  -43.392520665
    0.500052946    0.710351155  -36.528556158
    0.502527269    0.620763359  -35.619391227
    0.505001592    0.553789264  -16.747608738
    0.507475915    0.552822258   17.282368700
    0.509950238    0.647335639   59.497756245
    0.512424561    0.817847340   74.210743374
    0.514898884    1.003145566   72.274076119
    0.517373206    1.169542897   64.186234725
    0.519847529    1.349008456   82.461081240
    0.522321852    1.601277666  124.640975854
    0.524796175    1.942609806  147.807473657
    0.527270498    2.308707564  138.263921853
    0.529744821    2.612213186  109.072039091
    0.532219144    2.863019531   96.182812481
    0.534693466    3.119744786  122.248169877
    0.537167789    3.476404223  162.951238907
    0.539642112    3.915007716  180.286207210
    0.542116435    4.332881856  152.979673325
    0.544590758    4.673719033  125.439321485
    0.547065081    4.976451148  122.164579080
    0.549539404    5.322174259  159.659939480
    0.552013727    5.763777121  194.657236890
    0.554488049    6.242164622  184.614393272
    0.556962372    6.653559436  141.599612682
    0.559436695    6.946960157  103.062584118
    0.561911018    7.185277283   99.188612125
    0.564385341    7.467463586  129.584341369
    0.566859664    7.822100958  154.638683195
    0.569333987    8.200338629  147.612412057
    0.571808309    8.544239338  124.025137963
    0.574282632    8.819531947  104.647335417
    0.576756955    9.075773065  105.656220845
    0.579231278    9.352436374  119.983972323
    0.581705601    9.655182885  122.971693514
    0.584179924    9.957672571  122.295485930
    0.586654247   10.251317191  118.479938574
    0.589128569   10.553254223  122.841382552
    0.591602892   10.853837627  121.584833710
    0.594077215   11.145776921  112.074760422
    0.596551538   11.393033506   84.965755686
    0.599025861   11.590106852   75.069482465
    0.601500184   11.782978172   83.856417810
    0.603974507   11.996413841   88.915810277
    0.606448829   12.217681316   79.198040911
    0.608923152   12.373276324   44.624163357
    0.611397475   12.426126476   -2.994256892
    0.613871798   12.373033480  -33.245752351
    0.616346121   12.290973971  -25.599714387
    0.618820444   12.251700290   -4.593310769
    0.621294767   12.258460787    5.437113097
    0.623769089   12.276627177    6.866437827
    0.626243412   12.273263790   -6.447101402
    0.628717735   12.238286054  -19.873937604
    0.631192058   12.190140720  -19.200144170
    0.633666381   12.153782410  -12.403665514
    0.636140704   12.134813037   -1.120146854
    0.638615027   12.151318429   15.248701054
    0.641089349   12.196392664   25.460562288
    0.643563672   12.275328701   39.047963352
    0.646037995   12.387510781   48.892021276
    0.648512318   12.513944770   51.315148481
    0.650986641   12.636247047   47.882884001
    0.653460964   12.756358858   48.815258083
    0.655935287   12.904120919   68.458440540
    0.658409610   13.097173898   89.497304280
    0.660883932   13.341948203  105.446514316
    0.663358255   13.628514484  121.968578345
    0.665832578   13.957631771  142.639989961
    0.668306901   14.322576630  147.256290582
    0.670781224   14.666823056  131.044929610
    0.673255547   14.961350697  106.364509899
    0.675729870   15.200321408   92.201960430
    0.678204192   15.424303723   94.070828147
    0.680678515   15.676399333  107.862071760
    0.683152838   15.940528597   99.491651959
    0.685627161   16.141160966   56.310765619
    0.688101484   16.222456665    5.688580862
    0.690575807   16.168436275  -44.094969139
    0.693050130   16.027548719  -65.659304512
    0.695524452   15.880787617  -49.879928925
    0.697998775   15.764234650  -44.143537912
    0.700473098   15.651753021  -50.079577732
    0.702947421   15.516342762  -64.151237892
    0.705421744   15.360934613  -60.839042591
    0.707896067   15.223416979  -42.376312693
    0.710370390   15.141160847  -27.790496646
    0.712844712   15.073398344  -39.197777772
    0.715319035   14.952775885  -64.001828590
    0.717793358   14.745010867 -106.056276614
    0.720267681   14.444869499 -129.972368731
    0.722742004   14.124378941 -127.180852636
    0.725216327   13.833681142 -109.011074725
    0.727690650   13.583805881  -90.707951636
    0.730164972   13.373147740  -82.496212481
    0.732639295   13.168181502  -84.672309900
    0.735113618   12.952428671  -87.868871404
    0.737587941   12.747275418  -80.884874928
    0.740062264   12.552658571  -81.170390326
    0.742536587   12.353526992  -77.646149476
    0.745010910   12.190055749  -53.997234518
    0.747485232   12.065780363  -44.871773369
    0.749959555   11.959022761  -50.409042015
    0.752433878   11.804288507  -79.209867187
    0.754908201   11.566069952 -108.982063093
    0.757382524   11.282977300 -113.358254925
    0.759856847   11.030123734  -86.521702723
    0.762331170   10.861786596  -48.969204721
    0.764805493   10.777052100  -24.709230837
    0.767279815   10.717019013  -28.026798785
    0.769754138   10.639791541  -33.211048501
    0.772228461   10.563285139  -28.013994549
    0.774702784   10.510509371  -18.560782931
    0.777177107   10.474921181  -14.374624635
    0.779651430   10.428905798  -27.296191982
    0.782125753   10.340380374  -42.136553409
    0.784600075   10.228917471  -43.816607014
    0.787074398   10.144123281  -23.995916452
    0.789548721   10.102710895  -14.196061815
    0.792023044   10.071649914  -14.056357681
    0.794497367   10.018898417  -29.833165691
    0.796971690    9.931764655  -34.946780177
    0.799446013    9.866023114  -14.818153764
    0.801920335    9.873470355   18.107704248
    0.804394658    9.930632995   22.862752515
    0.806868981    9.963490721    1.433205637
    0.809343304    9.935157957  -17.098765569
    0.811817627    9.891337924  -11.519987377
    0.814291950    9.904268195   19.816890685
    0.816766273    9.989546678   51.193844004
    0.819240595   10.128904614   58.123826143
    0.821714918   10.253635596   38.617797920
    0.824189241   10.316781954   10.392684918
    0.826663564   10.326344419   -1.269670602
    0.829137887   10.338492507   13.417351612
    0.831612210   10.392942645   36.449717540
    0.834086533   10.495034290   44.730707492
    0.836560855   10.601886979   39.467504407
    0.839035178   10.665787394    8.122359480
    0.841509501   10.664014822   -9.354621787
    0.843983824   10.632698618   -8.693221980
    0.846458147   10.633490919   12.391967522
    0.848932470   10.679701573   26.423308605
    0.851406793   10.753457223   27.322335583
    0.853881115   10.798214189    9.103156189
    0.856355438   10.812810498    7.720558476
    0.858829761   10.848861800   31.122857096
    0.861304084   10.956942154   60.268973195
    0.863778407   11.144698790   83.758298407
    0.866252730   11.353234220   80.000996459
    0.868727053   11.508720230   49.286752863
    0.871201376   11.594511978   25.082456710
    0.873675698   11.655260624   26.791903005
    0.876150021   11.736823645   37.163370548
    0.878624344   11.829070327   35.288076502
    0.881098667   11.879475277    5.997694454
    0.883572990   11.846881138  -26.119110017
    0.886047313   11.768819062  -30.136406913
    0.888521636   11.720059601  -12.494748905
    0.890995958   11.736828006   23.197949914
    0.893470281   11.813195530   33.647011218
    0.895944604   11.859990096    4.942087999
    0.898418927   11.818758312  -30.743456068
    0.900893250   11.728191533  -38.956730076
    0.903367573   11.659663018  -14.522339574
    0.905841896   11.657243573    8.240211862
    0.908316218   11.678597065    1.803301444
    0.910790541   11.634613817  -38.828090629
    0.913264864   11.496106978  -74.751845944
    0.915739187   11.283366583  -91.624346753
    0.918213510   11.074669978  -69.896758536
    0.920687833   10.946470672  -34.400350602
    0.923162156   10.893448958  -11.706840920
    0.925636478   10.855976124  -25.173402254
    0.928110801   10.751183104  -60.203682019
    0.930585124   10.538503876 -104.951790585
    0.933059447   10.264287984 -110.744338055
    0.935533770   10.022318769  -82.126707390
    0.938008093    9.856832585  -56.986571974
    0.940482416    9.714039250  -59.248703888
    0.942956738    9.524402406  -97.638405272
    0.945431061    9.236583436 -130.808756367
    0.947905384    8.895422942 -135.821462532
    0.950379707    8.585866496 -111.979220424
    0.952854030    8.363002946  -73.892869497
    0.955328353    8.202730216  -60.462831263
    0.957802676    8.037981918  -77.394418531
    0.960276999    7.825708647  -94.503783250
    0.962751321    7.592195166  -92.162520562
    0.965225644    7.387980308  -68.216856156
    0.967699967    7.255009976  -43.620290157
    0.970174290    7.155835409  -43.630598940
    0.972648613    7.015158190  -71.877888243
    0.975122936    6.804907125  -96.156272531
    0.977597259    6.561934567  -94.759589526
    0.980071581    6.345430450  -73.010969136
    0.982545904    6.227388956  -26.508698179
    0.985020227    6.198806868   -3.189562024
    0.987494550    6.177023801  -20.681262653
    0.989968873    6.075761280  -59.360013456
    0.992443196    5.867939075 -101.086116438
    0.994917519    5.600284467 -110.440235951
    0.997391841    5.357589286  -82.746190059
    0.999866164    5.189496503  -52.125583469
    1.002340487    5.095897138  -31.207295364
    1.004814810    5.022754780  -26.213589259
    1.007289133    4.953331922  -24.903302783
    1.009763456    4.902894621  -12.623386547
    1.012237779    4.887383648    0.746043411
    1.014712101    4.904490491    7.720319142
    1.017186424    4.917599616   -3.567273128
    1.019660747    4.888787064  -24.555608496
    1.022135070    4.803403331  -40.384022336
    1.024609393    4.712876359  -30.975502645
    1.027083716    4.676359475    5.483480478
    1.029558039    4.737818617   44.193840504
    1.032032361    4.881341748   63.217354107
    1.034506684    5.002200117   32.875667527
    1.036981007    5.034127612   -7.493763131
    1.039455330    4.985503824  -23.605085495
    1.041929653    4.941083285   -3.727900350
    1.044403976    4.981411509   35.256775955
    1.046878299    5.108889659   61.840038483
    1.049352621    5.254801771   49.638076360
    1.051826944    5.331411148   10.312009701
    1.054301267    5.324728766   -7.468245041
    1.056775590    5.307076237    2.207001788
    1.059249913    5.342718057   29.763625129
    1.061724236    5.443780355   47.464226289
    1.064198559    5.552081396   29.624652301
    1.066672882    5.589861946   -0.897213808
    1.069147204    5.556820019  -23.263043373
    1.071621527    5.502668192  -16.394941308
    1.074095850    5.490715220    5.769824683
    1.076570173    5.523935383   16.974601612
    1.079044496    5.546274433    1.676356173
    1.081518819    5.520506731  -21.011726909
    1.083993142    5.455982095  -26.017609739
    1.086467464    5.414079258   -7.626398421
    1.088941787    5.432229687   20.660524626
    1.091416110    5.495629511   27.329834307
    1.093890433    5.543024067    5.318233733
    1.096364756    5.508949815  -34.256717775
    1.098839079    5.385195442  -62.907277450
    1.101313402    5.229384221  -56.216912328
    1.103787724    5.127408368  -23.295899833
    1.106262047    5.110177764    3.434386562
    1.108736370    5.123296274    3.984828510
    1.111210693    5.107329092  -15.238612706
    1.113685016    5.045536819  -30.462785964
    1.116159339    4.981907442  -21.745951613
    1.118633662    4.949962346   -2.778028702
    1.121107984    4.963203987    9.676879324
    1.123582307    4.994039787   12.533876505
    1.126056630    5.015294494    6.165032255
    1.128530953    5.030780041   13.089517176
    1.131005276    5.087297352   33.110349075
    1.133479599    5.192818288   47.429804893
    1.135953922    5.303532442   38.985755078
    1.138428244    5.372620395   16.561466940
    1.140902567    5.404105314   14.195555310
    1.143376890    5.457081361   31.811794741
    1.145851213    5.575989020   62.873239500
    1.148325536    5.754036653   76.746653437
    1.150799859    5.930254864   63.263266672
    1.153274182    6.056792702   39.065267331
    1.155748504    6.136116868   23.166106279
    1.158222827    6.187263477   21.773274101
    1.160697150    6.245175563   27.521894624
    1.163171473    6.313898331   25.960987057
    1.165645796    6.374355389   19.528732260
    1.168120119    6.429381909   30.773209049
    1.170594442    6.531332963   52.776737440
    1.173068765    6.704886554   88.271839074
    1.175543087    6.955681918  111.649126345
    1.178017410    7.231948462  108.583475183
    1.180491733    7.474767890   87.254427429
    1.182966056    7.669475118   71.252939025
    1.185440379    7.838465875   71.168953253
    1.187914702    8.035571452   89.366650358
    1.190389025    8.280128662  107.055909259
    1.192863347    8.551344500  109.149833919
    1.195337670    8.821922505  107.778147792
    1.197811993    9.092334269  115.415984917
    1.200286316    9.394235816  134.868094454
    1.202760639    9.754106952  158.029228627
    1.205234962   10.168311366  170.194909352
    1.207709285   10.588690614  164.965361055
    1.210183607   10.974056902  143.943998524
    1.212657930   11.316737856  132.856315082
    1.215132253   11.665240733  151.529823742
    1.217606576   12.066527385  172.317612146
    1.220080899   12.506855530  184.292703985
    1.222555222   12.961289225  181.263106998
    1.225029545   13.403617102  175.390887899
    1.227503867   13.832891817  172.950650200
    1.229978190   14.275281024  184.172288551
    1.232452513   14.735923510  185.908002546
    1.234926836   15.174580191  166.355449147
    1.237401159   15.559730629  143.763826123
    1.239875482   15.900411404  138.296970728
    1.242349805   16.259706080  155.449931439
    1.244824127   16.666861615  173.377298682
    1.247298450   17.093229391  169.659434893
    1.249772773   17.491397706  152.931365429
    1.252247096   17.850624762  141.059652192
    1.254721419   18.211532640  152.681934343
    1.257195742   18.602886759  159.991724568
    1.259670065   18.988985940  146.384506602
    1.262144387   19.319805683  118.525016141
    1.264618710   19.583084255   95.835960300
    1.267093033   19.814491023   94.614317117
    1.269567356   20.073781394  117.756100382
    1.272041679   20.378340453  124.347453378
    1.274516002   20.684132261  117.556115364
    1.276990325   20.963142266  112.337233647
    1.279464648   21.250447978  119.736217197
    1.281938970   21.574793423  145.186108292
    1.284413293   21.953251825  154.791205338
    1.286887616   22.331826520  148.126875250
    1.289361939   22.685986470  139.763812920
    1.291836262   23.031771226  144.821932683
    1.294310585   23.395785564  149.413614178
    1.296784908   23.747376388  134.512673909
    1.299259230   24.057910243  113.105780598
    1.301733553   24.319879941   98.450510120
    1.304207876   24.581628028  114.775165366
    1.306682199   24.889855246  130.429756512
    1.309156522   25.227964082  139.357584604
    1.311630845   25.561902276  129.259815688
    1.314105168   25.856466522  111.195975680
    1.316579490   26.146263298  124.461137549
    1.319053813   26.473631814  140.972947140
    1.321528136   26.827960953  140.552613123
    1.324002459   27.157232702  117.421889100
    1.326476782   27.411255561   89.391485976
    1.328951105   27.620259280   84.668431711
    1.331425428   27.869049934  122.252966705
    1.333899750   28.209990155  149.777704482
    1.336374073   28.574477585  140.263622979
    1.338848396   28.875207165   99.983424630
    1.341322719   29.097288162   87.920941164
    1.343797042   29.328219102  107.757609693
    1.346271365   29.638352608  146.219044767
    1.348745688   30.045693888  175.902293123
    1.351220010   30.482973298  169.186036475
    1.353694333   30.870232478  138.857704408
    1.356168656   31.173643494  108.992295481
    1.358642979   31.441045910  111.946507613
    1.361117302   31.737512489  130.784923429
    1.363591625   32.081366078  141.374743662
    1.366065948   32.431630043  136.861420124
    1.368540270   32.740131052  113.515902600
    1.371014593   33.000575094  101.113175421
    1.373488916   33.252202424  100.763722375
    1.375963239   33.507237228  108.865787613
    1.378437562   33.797283671  122.100594818
    1.380911885   34.102741803  123.845499621
    1.383386208   34.406804667  122.407393717
    1.385860531   34.708964569  125.027471544
    1.388334853   35.024286203  134.209844442
    1.390809176   35.389925793  161.735862491
    1.393283499   35.823754952  190.883620638
    1.395757822   36.331239635  219.651329176
    1.398232145   36.895549139  233.987611154
    1.400706468   37.478180576  230.210437544
    1.403180791   38.008257547  195.557506310
    1.405655113   38.451414524  166.542339186
    1.408129436   38.843322540  154.269927380
    1.410603759   39.239626529  172.588995116
    1.413078082   39.710951247  208.041049822
    1.415552405   40.277107590  247.359467436
    1.418026728   40.923394781  269.663716566
    1.420501051   41.595673093  268.535429389
    1.422975373   42.243229677  249.892854356
    1.425449696   42.840761292  235.811143191
    1.427924019   43.415595130  230.242764672
    1.430398342   44.008446840  253.503674723
    1.432872665   44.686764357  295.954837048
    1.435346988   45.449613298  313.880236773
    1.437821311   46.214795792  296.830686584
    1.440295633   46.889526734  246.320720016
    1.442769956   47.450466794  206.214112499
    1.445244279   47.958196166  210.511597772
    1.447718602   48.517455135  244.700000777
    1.450192925   49.173712005  282.428154336
    1.452667248   49.894885652  295.633079593
    1.455141571   50.621305186  284.975875230
    1.457615893   51.296462546  262.607873595
    1.460090216   51.926546936  245.693736974
    1.462564539   52.525999795  239.656134463
    1.465038862   53.108287728  233.365202206
    1.467513185   53.679445040  228.048973461
    1.469987508   54.248362336  233.073117139
    1.472461831   54.834477138  244.399486591
    1.474936154   55.460434747  262.559982046
    1.477410476   56.134933781  283.089512115
    1.479884799   56.847248940  291.024611035
    1.482359122   57.567770726  289.462788718
    1.484833445   58.262217893  275.067333562
    1.487307768   58.944319281  274.531573962
    1.489782091   59.627893512  279.280328862
    1.492256414   60.342106130  294.443278560
    1.494730736   61.098901706  312.811658121
    1.497205059   61.893718828  324.798518422
    1.499679382   62.728949242  351.699848902
    1.502153705   63.643264765  388.191253769
    1.504628028   64.668869133  439.176238167
    1.507102351   65.809685848  479.915829044
    1.509576674   67.002889400  476.356926750
    1.512050996   68.138449491  433.904177188
    1.514525319   69.140721987  378.193278040
    1.516999642   70.018841824  343.205375193
    1.519473965   70.883943145  364.491051663
    1.521948288   71.838635465  417.012589506
    1.524422611   72.938452032  475.002298424
    1.526896934   74.172830525  518.032633896
    1.529371256   75.471661478  527.656486040
    1.531845579   76.761181244  512.202289181
    1.534319902   78.012320196  496.466030901
    1.536794225   79.223139861  480.696269477
    1.539268548   80.386982362  457.043750991
    1.541742871   81.477200624  419.528072236
    1.544217194   82.428981993  347.316619544
    1.546691516   83.200610869  276.432878784
    1.549165839   83.827869247  234.109749893
    1.551640162   84.390838445  225.529963555
    1.554114485   84.946708345  220.149092370
    1.556588808   85.457746273  183.140522680
    1.559063131   85.830766854  115.329856722
    1.561537454   86.020544243   37.923830269
    1.564011776   86.042723352  -15.704646917
    1.566486099   85.979004032  -28.440055140
    1.568960422   85.908402393  -28.389897373
    1.571434745   85.845950341  -23.941612043
    1.573909068   85.768601855  -32.631807760
    1.576383391   85.698815354  -22.202108891
    1.578857714   85.672566131   -0.044064096
    1.581332037   85.697494967   21.937378789
    1.583806359   85.765384292   27.504631774
    1.586280682   85.834866505   28.678669226
    1.588755005   85.898241573   29.729827375
    1.591229328   85.997656403   49.096314686
    1.593703651   86.148791661   67.106625067
    1.596177974   86.302195508   49.522675688
    1.598652297   86.362560818   -5.120885736
    1.601126619   86.280986958  -57.244685921
    1.603600942   86.110445838  -72.285567992
    1.606075265   85.965874023  -41.129082894
    1.608549588   85.921792703    4.445799565
    1.611023911   85.966470421   24.273340619
    1.613498234   86.033130355   27.019423473
    1.615972557   86.092421360   20.315804210
    1.618446879   86.133567216   13.571616633
    1.620921202   86.171100666   13.059678166
    1.623395525   86.180485163   -0.819301258
    1.625869848   86.177312521    1.079321483
    1.628344171   86.210478969   29.215932911
    1.630818494   86.331882483   70.565911726
    1.633292817   86.540887978   89.907939293
    1.635767139   86.733796085   55.592688947
    1.638241462   86.792918008   -6.317238643
    1.640715785   86.720170841  -47.265687943
    1.643190108   86.615958306  -33.034070880
    1.645664431   86.582968200    7.134613609
    1.648138754   86.634258588   31.213154846
    1.650613077   86.693992091   15.210260245
    1.653087399   86.713873219    0.345410610
    1.655561722   86.716165889    6.445928096
    1.658036045   86.753845712   26.446468728
    1.660510368   86.827448564   27.793700356
    1.662984691   86.875414463    5.356771786
    1.665459014   86.836924962  -30.151998683
    1.667933337   86.737324591  -38.546778518
    1.670407659   86.690481683    7.862775068
    1.672881982   86.775511916   63.146116560
    1.675356305   86.980008424   97.263084630
    1.677830628   87.232551309   99.113626765
    1.680304951   87.454156046   78.054833634
    1.682779274   87.607157884   45.456596431
    1.685253597   87.683216493   14.518641235
    1.687727920   87.681877166  -17.733156216
    1.690202242   87.595492768  -51.090341293
    1.692676565   87.452829529  -60.471826021
    1.695150888   87.320970377  -39.796836202
    1.697625211   87.261410684   -0.075490144
    1.700099534   87.298086682   29.500266408
    1.702573857   87.391776804   37.483152093
    1.705048180   87.465090061   16.497978884
    1.707522502   87.459166378  -22.416000314
    1.709996825   87.375996265  -41.133585613
    1.712471148   87.281775420  -32.398831388
    1.714945471   87.234358105   -2.279906455
    1.717419794   87.256320530   20.282181185
    1.719894117   87.314399239   25.421164936
    1.722368440   87.359418874    8.452171653
    1.724842762   87.345814330  -15.714707863
    1.727317085   87.289108957  -32.288335647
    1.729791408   87.198425461  -42.518417083
    1.732265731   87.083519964  -47.314919973
    1.734740054   86.974730081  -36.698937833
    1.737214377   86.911069235  -10.388830619
    1.739688700   86.926481709   23.061438785
    1.742163022   87.002160448   30.415948206
    1.744637345   87.028989767  -10.691996093
    1.747111668   86.922215842  -70.406877724
    1.749585991   86.706150699  -95.479828159
    1.752060314   86.513981637  -47.824082734
    1.754534637   86.510807826   43.681462070
    1.757008960   86.709287793  106.148528924
    1.759483282   86.983468594  104.071546267
    1.761957605   87.171186148   41.068144331
    1.764431928   87.208815720   -4.263920214
    1.766906251   87.197332533    5.159148562
    1.769380574   87.270887798   59.137466723
    1.771854897   87.474299388   95.668167946
    1.774329220   87.694199628   70.528922608
    1.776803542   87.775272955  -15.069161738
    1.779277865   87.634419313  -92.411090387
    1.781752188   87.372508485 -107.557911257
    1.784226511   87.156068805  -53.779743134
    1.786700834   87.117586088   23.332825365
    1.789175157   87.257122004   82.141999287
    1.791649480   87.478015990   89.005480466
    1.794123803   87.671413241   65.486972188
    1.796598125   87.774581086   22.839431772
    1.799072448   87.801075116   -2.662964079
    1.801546771   87.771748025  -21.253770287
    1.804021094   87.702369247  -33.017346341
    1.806495417   87.614013450  -35.461826828
    1.808969740   87.539931191  -21.068374538
    1.811444063   87.510079046    1.617566854
    1.813918385   87.565399462   43.748071638
    1.816392708   87.723826915   84.441939543
    1.818867031   87.981524659  119.205937092
    1.821341354   88.294388506  122.447077967
    1.823815677   88.555388078   81.873227072
    1.826290000   88.675162255   14.294540657
    1.828764323   88.654192586  -26.362258379
    1.831238645   88.569075491  -32.409655782
    1.833712968   88.518258328   -5.486455707
    1.836187291   88.533292927   14.265962640
    1.838661614   88.545525741   -9.301730205
    1.841135937   88.474807018  -48.955559319
    1.843610260   88.313654239  -74.693152222
    1.846084583   88.137156544  -51.002895007
    1.848558905   88.079661209    5.813762177
    1.851033228   88.152898195   45.635138428
    1.853507551   88.277423612   46.836379997
    1.855981874   88.352481495   10.397490740
    1.858456197   88.334049082  -20.483641866
    1.860930520   88.278764289  -17.752132507
    1.863404843   88.255939494   -0.746534377
    1.865879165   88.282736556   19.207629662
    1.868353488   88.340482935   22.416071063
    1.870827811   88.388645781   12.703477960
    1.873302134   88.417730086   12.929999708
    1.875776457   88.449704820   10.408740338
    1.878250780   88.456376424   -9.488449518
    1.880725103   88.398059718  -32.899751061
    1.883199425   88.299080381  -43.255081219
    1.885673748   88.226939731   -8.675483362
    1.888148071   88.262370089   43.263902304
    1.890622394   88.436095975   88.820410253
    1.893096717   88.660245275   83.536687726
    1.895571040   88.805911455   32.707229554
    1.898045363   88.792053128  -37.673882990
    1.900519686   88.636611613  -81.688052724
    1.902994008   88.435349713  -76.528800994
    1.905468331   88.283177328  -43.091954798
    1.907942654   88.235730433    3.796656677
    1.910416977   88.298528171   43.162608841
    1.912891300   88.424040950   58.670817620
    1.915365623   88.578366362   62.642042171
    1.917839946   88.711975720   42.404226606
    1.920314268   88.783955787   15.981670574
    1.922788591   88.795766910   -2.646067489
    1.925262914   88.780443805   -7.693924001
    1.927737237   88.762471642   -5.230449076
    1.930211560   88.771454683   14.264352276
    1.932685883   88.825392768   26.075993255
    1.935160206   88.908791624   37.906819904
    1.937634528   88.995681172   30.243026159
    1.940108851   89.041485369    6.690591417
    1.942583174   89.024214913  -23.166629260
    1.945057497   88.951318223  -33.666024759
    1.947531820   88.862247775  -29.867576276
    1.950006143   88.821004268   -0.238222797
    1.952480466   88.846918624   18.217045500
    1.954954788   88.893990982   13.873915103
    1.957429111   88.897354952  -13.141689123
    1.959903434   88.840813254  -26.793184588
    1.962377757   88.772662323  -15.861975739
    1.964852080   88.774149061   21.645380220
    1.967326403   88.871408505   52.430335495
    1.969800726   89.017197378   59.139609907
    1.972275048   89.126853206   26.554056756
    1.974749371   89.151349778   -5.211584818
    1.977223694   89.131054987   -8.727003014
    1.979698017   89.136788356   17.351476221
    1.982172340   89.201894670   30.666534275
    1.984646663   89.267253890   19.594340451
    1.987120986   89.281295613  -10.284552814
    1.989595308   89.236632662  -17.167727058
    1.992069631   89.230907102   14.163880651
    1.994543954   89.324917406   58.298035582
    1.997018277   89.489414462   67.802223678
    1.999492600   89.623598605   36.973165682
    2.001966923   89.642862652  -18.437058376
    2.004441246   89.533922115  -67.056360334
    2.006915569   89.353084485  -72.930743316
    2.009389891   89.207303275  -42.312265441
    2.011864214   89.146461641   -3.706468269
    2.014338537   89.182731451   31.958861085
    2.016812860   89.283253747   45.300733363
    2.019287183   89.390297441   36.296843890
    2.021761506   89.417852889  -13.056177706
    2.024235829   89.344249129  -43.626327758
    2.026710151   89.218183559  -51.747455970
    2.029184474   89.113882259  -24.979064593
    2.031658797   89.093422438    8.028658211
    2.034133120   89.140385743   28.346645150
    2.036607443   89.209631822   22.497665303
    2.039081766   89.261299617   21.088355355
    2.041556089   89.330631913   32.748065994
    2.044030411   89.430309106   48.227623368
    2.046504734   89.547616493   40.590050166
    2.048979057   89.604942200    0.866405046
    2.051453380   89.536121302  -54.240463776
    2.053927703   89.341833935  -92.462805253
    2.056402026   89.125874109  -75.345516670
    2.058876349   88.992004669  -32.664811815
    2.061350671   88.953904486   -7.022339147
    2.063824994   88.942451232   -6.372141248
    2.066299317   88.910663342  -19.249533806
    2.068773640   88.855182219  -18.605851682
    2.071247963   88.828993654    6.492741854
    2.073722286   88.894711359   47.616285767
    2.076196609   89.029976197   56.521452749
    2.078670931   89.136565972   24.324242645
    2.081145254   89.131998337  -30.469598681
    2.083619577   89.022326345  -52.469687848
    2.086093900   88.908355201  -34.762046511
    2.088568223   88.871099183    3.161691386
    2.091042546   88.913462181   25.201238313
    2.093516869   88.990312316   33.800508066
    2.095991192   89.065811678   29.815722605
    2.098465514   89.129642475   20.823129569
    2.100939837   89.184678108   22.507787421
    2.103414160   89.230569700   13.852607856
    2.105888483   89.229764850  -18.916574309
    2.108362806   89.137275780  -56.315989242
    2.110837129   88.969426269  -74.336260809
    2.113311452   88.802759488  -54.002032044
    2.115785774   88.743623411    4.106803073
    2.118260097   88.833151795   65.190718289
    2.120734420   89.034739193   89.389865874
    2.123208743   89.226089695   62.679573497
    2.125683066   89.331888518   20.000415532
    2.128157389   89.330955240  -14.912786188
    2.130631712   89.272338213  -29.111338320
    2.133106034   89.211392782  -15.210128227
    2.135580357   89.188165689   -0.495082500
    2.138054680   89.206961212   13.545413012
    2.140529003   89.251242704   23.256061367
    2.143003326   89.305683573   17.680100266
    2.145477649   89.330808078    3.425341122
    2.147951972   89.325073359   -7.991022786
    2.150426294   89.307048949   -7.697435439
    2.152900617   89.291852329   -3.722829924
    2.155374940   89.273262423  -10.341319660
    2.157849263   89.232489138  -25.560788342
    2.160323586   89.157348132  -36.729233894
    2.162797909   89.044249318  -48.340772713
    2.165272232   88.943529006  -34.208540612
    2.167746554   88.889067628  -10.258992195
    2.170220877   88.890551497    8.221668299
    2.172695200   88.919518983   15.642616904
    2.175169523   88.971413702   25.295680765
    2.177643846   89.047528629   39.942540896
    2.180118169   89.156835806   45.955594766
    2.182592492   89.257231346   33.093501797
    2.185066814   89.293246355   -0.029633640
    2.187541137   89.267925706  -15.540871269
    2.190015460   89.238119909   -0.935664912
    2.192489783   89.267127781   22.922893193
    2.194964106   89.332751658   23.097704491
    2.197438429   89.356886976   -7.622801134
    2.199912752   89.291225063  -38.942766359
    2.202387075   89.199768538  -25.490956737
    2.204861397   89.190932062   24.432044853
    2.207335720   89.307078231   64.261492741
    2.209810043   89.466493480   52.451317050
    2.212284366   89.521137345  -10.732655426
    2.214758689   89.418680396  -64.097804918
    2.217233012   89.244416151  -66.825817552
    2.219707335   89.143587600  -11.121546192
    2.222181657   89.181351305   39.641074996
    2.224655980   89.294661766   39.434940131
    2.227130303   89.359092496    9.468591059
    2.229604626   89.326501659  -30.003749014
    2.232078949   89.246596369  -26.275588890
    2.234553272   89.226736066   13.160112292
    2.237027595   89.300036953   47.470989933
    2.239501917   89.421505598   45.529858413
    2.241976240   89.494665813    8.814629805
    2.244450563   89.454638162  -39.713028611
    2.246924886   89.314659473  -68.119691620
    2.249399209   89.132875857  -73.154231080
    2.251873532   88.956410573  -70.012035187
    2.254347855   88.799884547  -56.374025652
    2.256822177   88.680148380  -40.655630847
    2.259296500   88.622654243   -2.577167823
    2.261770823   88.679483315   48.711560291
    2.264245146   88.844288646   81.056320290
    2.266719469   89.046402036   73.375616909
    2.269193792   89.187380301   34.298106122
    2.271668115   89.215023886   -8.271710363
    2.274142437   89.154313785  -33.282943734
    2.276616760   89.102817980   -6.251396168
    2.279091083   89.107493931    8.330091272
    2.281565406   89.123405496   -0.666410577
    2.284039729   89.102993213  -16.308444171
    2.286514052   89.050555966  -17.197181588
    2.288988375   89.057113577   24.873727908
    2.291462697   89.169486944   62.008847556
    2.293937020   89.332613911   57.122523667
    2.296411343   89.408467887   -0.812555814
    2.298885666   89.315673019  -67.953924687
    2.301359989   89.131641993  -69.433859169
    2.303834312   89.039468991   -1.006736396
    2.306308635   89.124625462   63.874840213
    2.308782958   89.319627441   81.089734660
    2.311257280   89.467588512   31.556724189
    2.313731603   89.458501486  -31.792300362
    2.316205926   89.350250802  -46.673622381
    2.318680249   89.267348224  -16.360555678
    2.321154572   89.270499719   11.989011782
    2.323628895   89.297261998    4.029445962
    2.326103218   89.272593791  -24.697239293
    2.328577540   89.186926578  -37.129827160
    2.331051863   89.129381251   -0.158663255
    2.333526186   89.216949385   67.828613431
    2.336000509   89.432253994  100.425977317
    2.338474832   89.674260716   82.555496535
    2.340949155   89.819419896   34.869224818
    2.343423478   89.839985102  -22.480368337
    2.345897800   89.744133968  -49.381548542
    2.348372123   89.608787064  -57.373758945
    2.350846446   89.464793415  -60.922600916
    2.353320769   89.298324293  -73.098908932
    2.355795092   89.091665879  -87.968807219
    2.358269415   88.888403244  -69.757333135
    2.360743738   88.757777200  -33.025589799
    2.363218060   88.711717032   -7.758534670
    2.365692383   88.690769556  -11.731461510
    2.368166706   88.636109227  -30.598557883
    2.370641029   88.542251166  -40.424205683
    2.373115352   88.460432395  -21.719907534
    2.375589675   88.432173003   -1.784890666
    2.378063998   88.449840430    6.427384226
    2.380538320   88.451417717   -6.550700272
    2.383012643   88.423583104  -15.316824134
    2.385486966   88.398917991    4.680542920
    2.387961289   88.440275947   31.162522899
    2.390435612   88.554132954   57.195549409
    2.392909935   88.684114755   43.811023724
    2.395384258   88.770494611   22.858182274
    2.397858580   88.803496947    3.421207224
    2.400332903   88.794892394   -7.378220102
    2.402807226   88.768232841  -13.503695436
    2.405281549   88.713651838  -30.567807525
    2.407755872   88.625247052  -38.963657983
    2.410230195   88.533152676  -29.274953721
    2.412704518   88.489388765   -3.827498645
    2.415178841   88.518922118   28.413458995
    2.417653163   88.632060782   56.692117983
    2.420127486   88.783502902   61.125091447
    2.422601809   88.937273761   61.477021572
    2.425076132   89.066751480   42.642719884
    2.427550455   89.156718962   24.136753697
    2.430024778   89.195009514    5.465494784
    2.432499101   89.186726023  -15.890117378
    2.434973423   89.132466602  -27.821746359
    2.437447746   89.040830819  -41.390170584
    2.439922069   88.941260231  -41.071105735
    2.442396392   88.855819974  -26.051810984
    2.444870715   88.797185125  -23.847093262
    2.447345038   88.740839148  -21.253189889
    2.449819361   88.698015214   -9.664472005
    2.452293683   88.706686904   19.390254640
    2.454768006   88.790680892   48.852188021
    2.457242329   88.937172635   65.162095330
    2.459716652   89.083103407   47.989253858
    2.462190975   89.147678735    2.962397530
    2.464665298   89.096710770  -42.398224880
    2.467139621   88.969108655  -63.023385194
    2.469613943   88.818795910  -50.588788179
    2.472088266   88.731444516  -20.565495114
    2.474562589   88.703787193   -2.145704719
    2.477036912   88.689890490  -12.226634022
    2.479511235   88.628894612  -37.734369102
    2.481985558   88.513686629  -52.346154317
    2.484459881   88.405836556  -29.198941443
    2.486934203   88.394879293   26.667564028
    2.489408526   88.529896341   74.750430176
    2.491882849   88.735023465   80.635595385
    2.494357172   88.870632173   23.690551020
    2.496831495   88.826526920  -54.941767008
    2.499305818   88.633843038  -93.062182964
    2.501780141   88.425342758  -64.996990583
    2.504254463   88.338524259    2.637301833
    2.506728786   88.419729739   57.201544375
    2.509203109   88.586781461   71.795696872
    2.511677432   88.743572302   55.040949879
    2.514151755   88.849167041   29.856588825
    2.516626078   88.895684631    4.940911536
    2.519100401   88.880388903  -14.583719294
    2.521574724   88.827850701  -28.019867458
    2.524049046   88.769445636  -14.037489085
    2.526523369   88.765274933   15.975772140
    2.528997692   88.847436124   48.739530272
    2.531472015   88.985537366   53.833298465
    2.533946338   89.081938369   20.622716775
    2.536420661   89.073992521  -20.435228811
    2.538894984   88.994783247  -37.885183276
    2.541369306   88.922695151  -13.653183580
    2.543843629   88.952861806   34.244825428
    2.546317952   89.065233542   50.841246552
    2.548792275   89.171436463   24.530046159
    2.551266598   89.181327817  -15.657725962
    2.553740921   89.112870309  -30.217222810
    2.556215244   89.050488285  -14.093973398
    2.558689566   89.048518766   14.723718071
    2.561163889   89.110240673   29.039465657
    2.563638212   89.171531719   12.375169338
    2.566112535   89.168120207  -13.599348346
    2.568586858   89.106418562  -28.679184509
    2.571061181   89.062858584   -6.695149581
    2.573535504   89.092014293   30.529665399
    2.576009826   89.194031391   44.732503854
    2.578484149   89.289161890   27.723876778
    2.580958472   89.314688719   -6.431407513
    2.583432795   89.270021826  -25.395566670
    2.585907118   89.215522376  -12.538157769
    2.588381441   89.206858943    5.738024506
    2.590855764   89.244841353   23.798299888
    2.593330086   89.309760633   20.809203154
    2.595804409   89.342292573    2.581333592
    2.598278732   89.314667982  -26.356115045
    2.600753055   89.241749569  -30.054200125
    2.603227378   89.193251177   -5.129051873
    2.605701701   89.218286123   25.293710831
    2.608176024   89.316061500   54.481386316
    2.610650346   89.447350430   45.725307650
    2.613124669   89.520353015    7.539888250
    2.615598992   89.479187976  -41.771488865
    2.618073315   89.318716678  -81.001052518
    2.620547638   89.123701138  -68.716126666
    2.623021961   89.009295710  -19.960850817
    2.625496284   89.032135824   34.002593990
    2.627970607   89.164716828   66.330495790
    2.630444929   89.331068851   64.726131370
    2.632919252   89.460874745   39.313882628
    2.635393575   89.520840714   11.317070507
    2.637867898   89.523952203   -5.010979306
    2.640342221   89.507406399   -3.162276867
    2.642816544   89.498221140   -7.727641221
    2.645290867   89.468109971  -20.890051710
    2.647765189   89.386177163  -44.723800844
    2.650239512   89.266195444  -49.994259303
    2.652713835   89.165020418  -28.796270223
    2.655188158   89.128414782   -4.890577095
    2.657662481   89.158430357   19.739525972
    2.660136804   89.206624296   20.367737338
    2.662611127   89.248738886   15.888963943
    2.665085449   89.295723858   24.262067039
    2.667559772   89.381768797   44.486389862
    2.670034095   89.524672415   71.059664648
    2.672508418   89.703861686   70.000207082
    2.674982741   89.850587989   43.655846417
    2.677457064   89.928001179   15.441684907
    2.679931387   89.932724937   -8.561066950
    2.682405709   89.894418847  -18.552479227
    2.684880032   89.828496499  -33.634753183
    2.687354355   89.721149578  -50.593232377
    2.689828678   89.575605454  -62.208869634
    2.692303001   89.412548436  -64.076621913
    2.694777324   89.288698361  -35.987847007
    2.697251647   89.244305210    0.001280491
    2.699725969   89.286726950   25.037618938
    2.702200292   89.355378498   22.210090521
    2.704674615   89.378644350   -6.421333760
    2.707148938   89.332170860  -31.236340815
    2.709623261   89.261065008  -23.935411963
    2.712097584   89.237625403    6.977995877
    2.714571907   89.296402835   39.238178224
    2.717046230   89.415563911   51.613605642
    2.719520552   89.525493509   37.701956728
    2.721994875   89.579756629    7.095904014
    2.724469198   89.549262077  -27.198929070
    2.726943521   89.472284627  -33.664112947
    2.729417844   89.397469509  -22.784512316
    2.731892167   89.360982701   -1.607980036
    2.734366490   89.372137931   12.786459033
    2.736840812   89.427445729   31.632711368
    2.739315135   89.511690683   35.430622341
    2.741789458   89.591668457   30.332652739
    2.744263781   89.654801588   17.530333822
    2.746738104   89.682805656    7.592415709
    2.749212427   89.697405599    1.451273976
    2.751686750   89.700708761   -1.911633087
    2.754161072   89.689525161   -7.429665434
    2.756635395   89.659664289  -17.853446892
    2.759109718   89.597909647  -35.741422358
    2.761584041   89.504313490  -41.212801515
    2.764058364   89.411294394  -30.833113082
    2.766532687   89.364594452   -5.423418535
    2.769007010   89.396041260   33.135519435
    2.771481332   89.516758069   64.149130950
    2.773955655   89.690635547   73.718447981
    2.776429978   89.861158830   60.606121375
    2.778904301   89.972256728   27.237428333
    2.781378624   89.995698603   -3.176096315
    2.783852947   89.944500944  -33.234458056
    2.786327270   89.840485185  -51.143257579
    2.788801592   89.691243135  -65.659613281
    2.791275915   89.533113788  -60.693818679
    2.793750238   89.395957579  -51.094580758
    2.796224561   89.293339022  -33.295270158
    2.798698884   89.243748649   -9.678265195
    2.801173207   89.241194670    5.179782159
    2.803647530   89.266117450   15.437572708
    2.806121852   89.309084819   18.916138516
    2.808596175   89.356726383   22.071266531
    2.811070498   89.425037097   28.287425392
    2.813544821   89.484130799   14.925092508
    2.816019144   89.487737026  -17.236684950
    2.818493467   89.407170714  -46.366548313
    2.820967790   89.273656824  -57.437434898
    2.823442113   89.144646503  -49.494055042
    2.825916435   89.062533263  -14.909152519
    2.828390758   89.061130237   12.199842449
    2.830865081   89.111002580   25.063714226
    2.833339404   89.148873302    4.065318962
    2.835813727   89.136209541  -14.156464547
    2.838288050   89.087853898  -18.975567312
    2.840762373   89.059655917   -4.921905040
    2.843236695   89.057510427    0.222975620
    2.845711018   89.045463156  -14.524136969
    2.848185341   88.984235166  -36.595751249
    2.850659664   88.881264600  -41.831897858
    2.853133987   88.797027246  -18.942847659
    2.855608310   88.792624168   16.484093801
    2.858082633   88.860626135   34.804411160
    2.860556955   88.931449632   20.299631278
    2.863031278   88.952494516   -8.823002364
    2.865505601   88.921801030  -13.677993649
    2.867979924   88.920149489   15.267024959
    2.870454247   88.988925530   40.272688414
    2.872928570   89.092019148   36.327407944
    2.875402893   89.156438876   14.304562686
    2.877877215   89.147982314  -20.968764085
    2.880351538   89.074795220  -34.222496307
    2.882825861   89.005129885  -19.830438916
    2.885300184   88.995006551    5.640747397
    2.887774507   89.012424757    4.893691446
    2.890248830   89.002211868  -15.931646890
    2.892723153   88.936377943  -33.276291318
    2.895197475   88.853399637  -28.271851441
    2.897671798   88.829579433   12.393546018
    2.900146121   88.903825978   48.280443876
    2.902620444   89.023411195   42.683929477
    2.905094767   89.066730476  -10.820746444
    2.907569090   88.958652706  -73.529264148
    2.910043413   88.748329825  -86.279818913
    2.912517735   88.589509542  -37.057268022
    2.914992058   88.619482951   57.580904378
    2.917466381   88.852574638  117.644456745
    2.919940704   89.125884687   92.661345232
    2.922415027   89.258487036   13.868948052
    2.924889350   89.204601254  -49.679256824
    2.927363673   89.056818084  -56.559401803
    2.929837996   88.972538991   -5.058469287
    2.932312318   89.040945614   53.333179263
    2.934786641   89.205051945   68.895617433
    2.937260964   89.343494247   37.630851777
    2.939735287   89.367192559  -17.732917333
    2.942209610   89.283094038  -44.700972518
    2.944683933   89.177639550  -31.928589355
    2.947158256   89.135710577   -0.769698164
    2.949632578   89.163647057   24.748022899
    2.952106901   89.236672629   29.464826153
    2.954581224   89.280982425    7.937305733
    2.957055547   89.270734311  -16.302955811
    2.959529870   89.210471959  -32.226986355
    2.962004193   89.132249510  -27.690256317
    2.964478516   89.083433924  -14.289986584
    2.966952838   89.077006267    7.601640372
    2.969427161   89.122569732   31.398196614
    2.971901484   89.210331906   41.172771997
    2.974375807   89.304885329   28.769652968
    2.976850130   89.339089594   -3.787744561
    2.979324453   89.287665123  -33.555800982
    2.981798776   89.212250179  -19.498244706
    2.984273098   89.218617509   24.924706122
    2.986747421   89.339779064   69.156283139
    2.989221744   89.512315573   60.718115195
    2.991696067   89.623032743   24.136428262
    2.994170390   89.637975500   -5.231757714
    2.996644713   89.606393065  -12.513290001
    2.999119036   89.591949757    4.970428777
    3.001593358   89.600650572   -1.426743253
    3.004067681   89.548558155  -44.234261754
    3.006542004   89.373778727 -100.570734968
    3.009016327   89.078401252 -125.583762591
    3.011490650   88.793780806  -91.507286942
    3.013964973   88.647797989  -23.249902977
    3.016439296   88.674167478   42.320804344
    3.018913618   88.834493614   80.629863295
    3.021387941   89.024487480   70.854003680
    3.023862264   89.169622120   45.690874599
    3.026336587   89.246117461   18.142714942
    3.028810910   89.264608795   -0.318217604
    3.031285233   89.246419098  -15.308354974
    3.033759556   89.185938381  -38.565192266
    3.036233879   89.074518221  -53.143943491
    3.038708201   88.922137348  -70.924271102
    3.041182524   88.755891317  -61.257349965
    3.043656847   88.619296873  -46.893688760
    3.046131170   88.528543098  -27.656469590
    3.048605493   88.485590531   -3.994081037
    3.051079816   88.502857620   25.319281289
    3.053554139   88.603507157   51.767604596
    3.056028461   88.761632924   70.740054842
    3.058502784   88.952348319   80.899734968
    3.060977107   89.144445218   72.556451915
    3.063451430   89.301574895   56.463955767
    3.065925753   89.415340698   39.196867014
    3.068400076   89.485742368   18.473979780
    3.070874399   89.504185260   -6.271658795
    3.073348721   89.463292618  -25.554152035
    3.075823044   89.377740392  -36.149855081
    3.078297367   89.292322800  -29.493727231
    3.080771690   89.254480940   -1.615630373
    3.083246013   89.276304734   13.499144688
    3.085720336   89.315953449   11.976879069
    3.088194659   89.315494464  -17.093126275
    3.090668981   89.249519157  -34.641760041
    3.093143304   89.149063098  -40.907218056
    3.095617627   89.061973691  -31.596837071
    3.098091950   88.993717529  -28.099037108
    3.100566273   88.926943031  -26.694980062
    3.103040596   88.840789079  -43.011196531
    3.105514919   88.726248135  -44.507596809
    3.107989241   88.633177655  -25.909385763
    3.110463564   88.623026313   17.744664953
    3.112937887   88.709547003   47.792276775
    3.115412210   88.830382692   43.369665803
    3.117886533   88.898831042    6.437128176
    3.120360856   88.864271373  -31.622926115
    3.122835179   88.767290518  -40.811185761
    3.125309501   88.682123622  -23.454729932
    3.127783824   88.657460664    1.389013513
    3.130258147   88.687990717   15.968873556
    3.132732470   88.719247516    8.198490596
    3.135206793   88.726844817   -3.518965767
    3.137681116   88.708320777  -11.225106691
    3.140155439   88.689353015   -1.154900356
    3.142629762   88.699447882    6.738985367
    3.145104084   88.729260431   17.001494514
    3.147578407   88.769300091   15.983323871
    3.150052730   88.809091940   13.420759022
    3.152527053   88.824404299    2.002617744
    3.155001376   88.821253906    0.440042936
    3.157475699   88.823559353    6.715496365
    3.159950022   88.859976225   19.606771668
    3.162424344   88.911014290   18.399543008
    3.164898667   88.944484001    2.136125967
    3.167372990   88.918492997  -24.324961929
    3.169847313   88.847779874  -27.519750391
    3.172321636   88.822394736   11.883277567
    3.174795959   88.911783213   59.685112907
    3.177270282   89.106129268   85.578259383
    3.179744604   89.301555839   66.598125567
    3.182218927   89.416291460   27.236274812
    3.184693250   89.444296224    0.624155473
    3.187167573   89.440857669   -0.591527524
    3.189641896   89.444794915    2.670177922
    3.192116219   89.429224489  -20.754871277
    3.194590542   89.332040142  -59.838989263
    3.197064864   89.138313883  -89.222446982
    3.199539187   88.918029219  -78.901027591
    3.202013510   88.783233663  -27.486183374
    3.204487833   88.777394686   19.047819281
    3.206962156   88.837721016   27.658288429
    3.209436479   88.903573697   21.491246954
    3.211910802   88.956526822   23.147071223
    3.214385124   89.028792781   35.967825914
    3.216859447   89.147528912   51.598574406
    3.219333770   89.268320973   42.409169550
    3.221808093   89.360213497   29.352973686
    3.224282416   89.416740116   21.691887562
    3.226756739   89.477244026   24.337660590
    3.229231062   89.537959939   25.733879356
    3.231705385   89.593167967   15.127031871
    3.234179707   89.600273565   -9.943879708
    3.236654030   89.540473681  -33.232652804
    3.239128353   89.459940709  -25.914694784
    3.241602676   89.415621550   -4.917311075
    3.244076999   89.417234104    3.558050301
    3.246551322   89.424219767   -1.257637430
    3.249025645   89.412929377   -4.245120435
    3.251499967   89.409572241    2.263279638
    3.253974290   89.439145162   19.421603716
    3.256448613   89.486446267   16.551774314
    3.258922936   89.501621153  -11.387594150
    3.261397259   89.425851675  -50.007313421
    3.263871582   89.280931514  -60.081526856
    3.266345905   89.142366415  -50.941080594
    3.268820227   89.041049162  -31.542029204
    3.271294550   88.986798787  -14.578157969
    3.273768873   88.974493890    7.223797852
    3.276243196   89.014610488   26.201213663
    3.278717519   89.106269108   50.786406646
    3.281191842   89.248063468   58.595988207
    3.283666165   89.369222003   38.084797149
    3.286140487   89.416077649    5.015055487
    3.288614810   89.403601982   -8.556428776
    3.291089133   89.382727205   -3.823855030
    3.293563456   89.380631331    1.413604496
    3.296037779   89.386283676   -3.705737232
    3.298512102   89.352145871  -24.649220625
    3.300986425   89.258623097  -49.517432307
    3.303460747   89.121879718  -58.535773596
    3.305935070   88.980957165  -54.411295492
    3.308409393   88.856935428  -46.608099178
    3.310883716   88.766033650  -28.907703881
    3.313358039   88.727627518   -2.446546496
    3.315832362   88.749261043   21.853995714
    3.318306685   88.815010531   30.999508594
    3.320781007   88.902413040   32.456480799
    3.323255330   88.961628681   14.633354328
    3.325729653   88.950053950  -22.781876253
    3.328203976   88.868004817  -39.899909864
    3.330678299   88.784200086  -22.033994815
    3.333152622   88.763441208   11.337405309
    3.335626945   88.821939052   32.604934116
    3.338101268   88.899298977   26.575982105
    3.340575590   88.923398612   -4.827039196
    3.343049913   88.870890766  -28.946315920
    3.345524236   88.814630644  -21.871307291
    3.347998559   88.801224671   11.601539089
    3.350472882   88.852151055   27.560983696
    3.352947205   88.912250531   16.448223971
    3.355421528   88.916695110  -12.306347592
    3.357895850   88.874059661  -18.968860371
    3.360370173   88.856774970    8.204173371
    3.362844496   88.922881415   44.280161909
    3.365318819   89.049403011   51.312577914
    3.367793142   89.140801515   24.068150349
    3.370267465   89.156294370  -13.860272615
    3.372741788   89.087414139  -37.287773977
    3.375216110   88.980558405  -42.649362464
    3.377690433   88.888745068  -29.448532726
    3.380164756   88.837052356  -11.123164444
    3.382639079   88.822541367   -2.135077733
    3.385113402   88.811684486   -8.773114103
    3.387587725   88.775002135  -20.615996380
    3.390062048   88.715449887  -21.970226137
    3.392536370   88.674721706   -3.988455285
    3.395010693   88.701138801   18.829393984
    3.397485016   88.770869910   32.069615685
    3.399959339   88.824670115    9.133941423
    3.402433662   88.801821844  -28.771691298
    3.404907985   88.695076798  -54.373138430
    3.407382308   88.560165150  -49.409278357
    3.409856630   88.490446011   -3.532012572
    3.412330953   88.545901058   45.308787848
    3.414805276   88.680329946   60.567019877
    3.417279599   88.828802997   60.386811854
    3.419753922   88.977997826   60.631421803
    3.422228245   89.141680403   72.874552611
    3.424702568   89.316480582   71.324391986
    3.427176890   89.455540541   39.115012236
    3.429651213   89.489894647  -12.411891530
    3.432125536   89.402626163  -53.260843988
    3.434599859   89.267597258  -47.919539862
    3.437074182   89.207040850    4.666491026
    3.439548505   89.297300532   64.742977936
    3.442022828   89.489020636   78.990752430
    3.444497151   89.636598597   31.622798945
    3.446971473   89.634865068  -29.709257573
    3.449445796   89.504374621  -67.215665720
    3.451920119   89.351687400  -51.703025767
    3.454394442   89.282093038   -8.660055839
    3.456868765   89.304655603   22.562623001
    3.459343088   89.365999621   18.013994745
    3.461817411   89.373358776  -17.643849591
    3.464291733   89.276840688  -56.381250061
    3.466766056   89.126360930  -61.288861406
    3.469240379   88.993550271  -45.835480026
    3.471714702   88.921793679  -13.264675752
    3.474189025   88.905867913    1.681314798
    3.476663348   88.914044307    3.749666890
    3.479137671   88.913854150   -8.562807928
    3.481611993   88.869829769  -28.965143685
    3.484086316   88.774474498  -46.872620531
    3.486560639   88.666441617  -36.188710867
    3.489034962   88.623716057    7.706853630
    3.491509285   88.719905307   70.885570018
    3.493983608   88.958669004  114.271029076
    3.496457931   89.253403785  111.357347094
    3.498932253   89.448590276   37.466723175
    3.501406576   89.431548994  -46.380643821
    3.503880899   89.255369173  -84.322181718
    3.506355222   89.083004267  -45.968050716
    3.508829545   89.058552852   23.563664000
    3.511303868   89.168319197   56.817747582
    3.513778191   89.298134699   35.519405600
    3.516252513   89.334562373  -12.590982329
    3.518726836   89.243829521  -55.718131733
    3.521201159   89.097347761  -55.299419056
    3.523675482   89.006282598  -15.292820121
    3.526149805   89.025622459   32.384790566
    3.528624128   89.134316151   49.084297384
    3.531098451   89.238931995   29.185154541
    3.533572773   89.264502709  -14.528841779
    3.536047096   89.186378346  -47.548022367
    3.538521419   89.064904505  -41.389654889
    3.540995742   89.000424942   -6.893544111
    3.543470065   89.029691508   28.007480688
    3.545944388   89.127654322   39.789826592
    3.548418711   89.190605175    8.552219755
    3.550893034   89.171078389  -20.181147840
    3.553367356   89.101765413  -23.092974478
    3.555841679   89.080454896   10.514303231
    3.558316002   89.156897591   45.545264070
    3.560790325   89.271329927   42.829176612
    3.563264648   89.327501507   -4.060442769
    3.565738971   89.263046909  -46.887242402
    3.568213294   89.119639334  -64.507437572
    3.570687616   88.966793930  -54.886578002
    3.573161939   88.862068583  -30.778462506
    3.575636262   88.807031107  -12.473721477
    3.578110585   88.790843266    2.077191566
    3.580584908   88.826253577   28.614282419
    3.583059231   88.917278760   39.610113101
    3.585533554   89.009669627   31.631688640
    3.588007876   89.057061756    6.325779467
    3.590482199   89.026555758  -27.361375376
    3.592956522   88.947535565  -27.087141158
    3.595430845   88.923521337    8.349420906
    3.597905168   88.998252342   54.383368686
    3.600379491   89.158747116   66.878312077
    3.602853814   89.292487351   43.353901938
    3.605328136   89.362261141   16.813007286
    3.607802459   89.402059355   18.877306949
    3.610276782   89.458813115   28.383297286
    3.612751105   89.534253413   27.328310805
    3.615225428   89.575652121   -0.150439736
    3.617699751   89.518794735  -47.283174689
    3.620174074   89.347045733  -82.623972775
    3.622648396   89.155776076  -67.092581346
    3.625122719   89.038373916  -26.598958464
    3.627597042   89.012598139    2.040605059
    3.630071365   89.022862331    0.911795765
    3.632545688   88.992658345  -27.826558865
    3.635020011   88.899406237  -45.473163577
    3.637494334   88.771795643  -53.202581279
    3.639968656   88.638656459  -50.344503377
    3.642442979   88.524094706  -38.804390981
    3.644917302   88.453053489  -16.547757797
    3.647391625   88.447257520   14.003011895
    3.649865948   88.516764851   38.265893675
    3.652340271   88.630683193   50.637701358
    3.654814594   88.735038127   29.741160717
    3.657288917   88.770715417   -4.562767202
    3.659763239   88.719776189  -35.325876273
    3.662237562   88.631397019  -32.853612943
    3.664711885   88.581402887   -4.709856532
    3.667186208   88.618332852   33.809994743
    3.669660531   88.730302293   55.325106091
    3.672134854   88.870365394   51.889631941
    3.674609177   88.974833108   29.484265927
    3.677083499   89.007212639   -3.340633091
    3.679557822   88.957805023  -35.838060245
    3.682032145   88.842733879  -54.573802911
    3.684506468   88.706508382  -56.157320003
    3.686980791   88.572200107  -44.555267888
    3.689455114   88.487297210  -24.515494995
    3.691929437   88.455985820   -2.376151181
    3.694403759   88.472235516   12.806622970
    3.696878082   88.504051194   10.045856691
    3.699352405   88.518082819   -4.438352591
    3.701826728   88.484007297  -23.925765833
    3.704301051   88.422830077  -22.480969314
    3.706775374   88.403169604   11.154330431
    3.709249697   88.498689769   62.193446120
    3.711724019   88.701385722   93.508055282
    3.714198342   88.915215569   68.947896007
    3.716672665   89.009726605    3.877236849
    3.719146988   88.927467602  -65.084711149
    3.721621311   88.713895601  -94.285387241
    3.724095634   88.516520269  -57.011591992
    3.726569957   88.458637698    7.585581005
    3.729044279   88.517701971   34.107659890
    3.731518602   88.582311823   13.356316987
    3.733992925   88.551342018  -40.440212476
    3.736467248   88.397307990  -75.579075355
    3.738941571   88.210600173  -67.096067064
    3.741415894   88.116628587   -4.672075554
    3.743890217   88.187257740   56.505052661
    3.746364539   88.371696946   83.136387109
    3.748838862   88.567331566   66.981614039
    3.751313185   88.689833141   30.749511850
    3.753787508   88.725749196   -0.163282670
    3.756261831   88.707687393  -12.550223378
    3.758736154   88.668610434  -19.342042164
    3.761210477   88.611908182  -23.155850786
    3.763684800   88.550529221  -25.308580497
    3.766159122   88.507040245   -9.925002505
    3.768633445   88.508782510   10.317750662
    3.771107768   88.534474407   10.563192165
    3.773582091   88.548490381    0.310848861
    3.776056414   88.527019658  -16.735924775
    3.778530737   88.470082556  -22.353960365
    3.781005060   88.429396321   -7.261020601
    3.783479382   88.431368929   10.661381592
    3.785953705   88.454499502    6.820008938
    3.788428028   88.446392594  -14.624863419
    3.790902351   88.388716704  -27.587324954
    3.793376674   88.311263752  -28.061029387
    3.795850997   88.259507472  -13.428978156
    3.798325320   88.241206066   -1.577753521
    3.800799642   88.230813099   -8.865466880
    3.803273965   88.195194054  -17.721149208
    3.805748288   88.142896861  -23.714475068
    3.808222611   88.084292391  -20.356761284
    3.810696934   88.056837698   -1.046825052
    3.813171257   88.073678183   14.069975919
    3.815645580   88.131715879   30.143123634
    3.818119902   88.211406807   30.803688024
    3.820594225   88.264656739   11.403529796
    3.823068548   88.265421734   -8.504280547
    3.825542871   88.235137710  -12.270224470
    3.828017194   88.205575025   -8.704328473
    3.830491517   88.188102490   -9.260876649
    3.832965840   88.152278493  -19.627672765
    3.835440162   88.070706941  -43.387160172
    3.837914485   87.955480428  -45.195816791
    3.840388808   87.879868140  -11.634808015
    3.842863131   87.910356348   37.732834844
    3.845337454   88.044644990   63.524784375
    3.847811777   88.198365290   55.836401588
    3.850286100   88.288683572   18.554936896
    3.852760423   88.301055639   -3.589049163
    3.855234745   88.279890378   -9.433381979
    3.857709068   88.268728552    0.167590705
    3.860183391   88.275810580   -0.004474173
    3.862657714   88.272242564   -7.027654038
    3.865132037   88.257965984   -3.602736469
    3.867606360   88.254382634    6.741308235
    3.870080683   88.291555111   22.002852846
    3.872555005   88.342064106   15.872586073
    3.875029328   88.353451958   -8.323407836
    3.877503651   88.289285963  -38.387828843
    3.879977974   88.190579424  -35.799251280
    3.882452297   88.128948327  -10.614395112
    3.884926620   88.130852123    8.350176547
    3.887400943   88.147140817   -5.532845698
    3.889875265   88.088007409  -47.904275805
    3.892349588   87.918477662  -84.560881776
    3.894823911   87.704421711  -78.281531322
    3.897298234   87.566782343  -29.394391261
    3.899772557   87.563783689   23.839372530
    3.902246880   87.665198858   53.085627931
    3.904721203   87.803345561   54.437799304
    3.907195525   87.927890956   45.687962633
    3.909669848   88.021636943   29.384401170
    3.912144171   88.072085821    7.360158235
    3.914618494   88.071060033   -7.963921466
    3.917092817   88.030877129  -14.332619613
    3.919567140   88.005013490   -0.999527882
    3.922041463   88.037828099   28.905120297
    3.924515785   88.139450028   54.296368015
    3.926990108   88.268820426   47.283302985
    3.929464431   88.353985484   15.940500012
    3.931938754   88.346140673  -18.668604229
    3.934413077   88.282914265  -29.640416962
    3.936887400   88.219646640  -20.119343520
    3.939361723   88.181876001  -12.421552673
    3.941836045   88.147458380  -20.001576712
    3.944310368   88.079785582  -29.155967824
    3.946784691   88.001011688  -27.551037556
    3.949259014   87.944972390  -17.007655453
    3.951733337   87.941995322   13.362424397
    3.954207660   87.999938625   27.365443305
    3.956681983   88.076348724   31.575210730
    3.959156306   88.145756778   22.377929497
    3.961630628   88.186670209   12.815647979
    3.964104951   88.231671928   23.018310156
    3.966579274   88.287094082   22.388973199
    3.969053597   88.329931468   12.377968116
    3.971527920   88.342164316   -7.534998355
    3.974002243   88.288104611  -33.159669780
    3.976476566   88.185996401  -45.993475408
    3.978950888   88.078281949  -40.270868357
    3.981425211   88.012534331  -11.597041228
    3.983899534   88.020416799   16.054547286
    3.986373857   88.075145684   25.165210422
    3.988848180   88.111348831   -1.000755492
    3.991322503   88.061491679  -43.779729824
    3.993796826   87.925990655  -54.592899050
    3.996271148   87.808501022  -31.523562392
    3.998745471   87.799358696   29.002742472
    4.001219794   87.977920329  113.473002007
    4.003694117   88.356262185  190.332898935
    4.006168440   88.915552069  262.625393612
    4.008642763   89.660042436  335.436129173
    4.011117086   90.588287317  420.492414429
    4.013591408   91.753182910  523.273064794
    4.016065731   93.197694389  646.500951723
    4.018540054   94.967316404  779.038963459
    4.021014377   97.039433200  884.332708261
    4.023488700   99.326638156  964.673020485
    4.025963023  101.795424868 1029.609415321
    4.028437346  104.421878264 1094.476265986
    4.030911668  107.235820430 1185.405873717
    4.033385991  110.308756638 1301.324144031
    4.035860314  113.696969481 1441.901740008
    4.038334637  117.431074182 1578.275867584
    4.040808960  121.510740525 1718.045157873
    4.043283283  125.940471423 1859.440738172
    4.045757606  130.676845299 1961.066848099
    4.048231928  135.619496776 2023.546671218
    4.050706251  140.660801208 2048.399024367
    4.053180574  145.750296820 2067.924997616
    4.055654897  150.920832448 2121.154232942
    4.058129220  156.272899035 2207.248595213
    4.060603543  161.846990604 2298.451042892
    4.063077866  167.636231893 2377.566279945
    4.065552189  173.605534462 2443.574382404
    4.068026511  179.738502454 2517.037438330
    4.070500834  186.115492279 2647.592350516
    4.072975157  192.934192150 2879.261177767
    4.075449480  200.411740155 3170.849935021
    4.077923803  208.599032631 3433.564394439
    4.080398126  217.290289220 3560.203312814
    4.082872449  226.024223899 3457.347122593
    4.085346771  234.205438492 3115.631333738
    4.087821094  241.273835860 2574.773254935
    4.090295417  246.872282336 1945.772367109
    4.092769740  250.917341988 1334.189703000
    4.095244063  253.565840986  827.607456039
    4.097718386  255.127880272  457.633509667
    4.100192709  255.945460155  224.353171720
    4.102667031  256.323397717   94.678162523
    4.105141354  256.474560670   35.229136557
    4.107615677  256.528432107   10.435383923
    4.110090000  256.539954756    0.814082617
