#! FIELDS z_axis.lp dist.ld f_reweighted
#! SET normalisation  1.000000
#! SET min_z_axis.lp 0.0
#! SET max_z_axis.lp 5.0
#! SET nbins_z_axis.lp  50
#! SET periodic_z_axis.lp false
#! SET min_dist.ld 0.0
#! SET max_dist.ld 1.4
#! SET nbins_dist.ld  50
#! SET periodic_dist.ld false
 0.000000 0.000000 inf
 0.100000 0.000000 inf
 0.200000 0.000000 inf
 0.300000 0.000000 inf
 0.400000 0.000000 inf
 0.500000 0.000000 inf
 0.600000 0.000000 7.082221
 0.700000 0.000000 7.624093
 0.800000 0.000000 inf
 0.900000 0.000000 inf
 1.000000 0.000000 inf
 1.100000 0.000000 inf
 1.200000 0.000000 inf
 1.300000 0.000000 inf
 1.400000 0.000000 inf
 1.500000 0.000000 inf
 1.600000 0.000000 inf
 1.700000 0.000000 49.448730
 1.800000 0.000000 inf
 1.900000 0.000000 inf
 2.000000 0.000000 inf
 2.100000 0.000000 51.906364
 2.200000 0.000000 57.751009
 2.300000 0.000000 55.225514
 2.400000 0.000000 50.601631
 2.500000 0.000000 52.916654
 2.600000 0.000000 54.473000
 2.700000 0.000000 53.497870
 2.800000 0.000000 51.510745
 2.900000 0.000000 52.442587
 3.000000 0.000000 51.074759
 3.100000 0.000000 51.094149
 3.200000 0.000000 51.093651
 3.300000 0.000000 49.709182
 3.400000 0.000000 50.192604
 3.500000 0.000000 53.214946
 3.600000 0.000000 53.028429
 3.700000 0.000000 50.664650
 3.800000 0.000000 51.524732
 3.900000 0.000000 53.571871
 4.000000 0.000000 54.291386
 4.100000 0.000000 52.808417
 4.200000 0.000000 53.804202
 4.300000 0.000000 46.162818
 4.400000 0.000000 53.207398
 4.500000 0.000000 51.391443
 4.600000 0.000000 52.692151
 4.700000 0.000000 inf
 4.800000 0.000000 inf
 4.900000 0.000000 inf
 5.000000 0.000000 inf

 0.000000 0.028000 inf
 0.100000 0.028000 inf
 0.200000 0.028000 inf
 0.300000 0.028000 inf
 0.400000 0.028000 inf
 0.500000 0.028000 inf
 0.600000 0.028000 4.666753
 0.700000 0.028000 4.306542
 0.800000 0.028000 inf
 0.900000 0.028000 inf
 1.000000 0.028000 inf
 1.100000 0.028000 inf
 1.200000 0.028000 inf
 1.300000 0.028000 inf
 1.400000 0.028000 inf
 1.500000 0.028000 inf
 1.600000 0.028000 48.665898
 1.700000 0.028000 45.798260
 1.800000 0.028000 50.024971
 1.900000 0.028000 46.740766
 2.000000 0.028000 46.759436
 2.100000 0.028000 48.003747
 2.200000 0.028000 48.036220
 2.300000 0.028000 44.607599
 2.400000 0.028000 42.453820
 2.500000 0.028000 43.138728
 2.600000 0.028000 41.573191
 2.700000 0.028000 46.981094
 2.800000 0.028000 46.650123
 2.900000 0.028000 44.842204
 3.000000 0.028000 46.539880
 3.100000 0.028000 44.858701
 3.200000 0.028000 46.745216
 3.300000 0.028000 46.989709
 3.400000 0.028000 45.688147
 3.500000 0.028000 46.913742
 3.600000 0.028000 46.057009
 3.700000 0.028000 46.295012
 3.800000 0.028000 44.785752
 3.900000 0.028000 46.620805
 4.000000 0.028000 46.823639
 4.100000 0.028000 44.165289
 4.200000 0.028000 45.445859
 4.300000 0.028000 46.325722
 4.400000 0.028000 45.780863
 4.500000 0.028000 45.149257
 4.600000 0.028000 50.526058
 4.700000 0.028000 78.734428
 4.800000 0.028000 inf
 4.900000 0.028000 inf
 5.000000 0.028000 inf

 0.000000 0.056000 inf
 0.100000 0.056000 inf
 0.200000 0.056000 inf
 0.300000 0.056000 inf
 0.400000 0.056000 inf
 0.500000 0.056000 inf
 0.600000 0.056000 10.233580
 0.700000 0.056000 10.178838
 0.800000 0.056000 inf
 0.900000 0.056000 inf
 1.000000 0.056000 inf
 1.100000 0.056000 inf
 1.200000 0.056000 inf
 1.300000 0.056000 inf
 1.400000 0.056000 inf
 1.500000 0.056000 inf
 1.600000 0.056000 47.065648
 1.700000 0.056000 40.590109
 1.800000 0.056000 48.116436
 1.900000 0.056000 44.722677
 2.000000 0.056000 45.401217
 2.100000 0.056000 44.888355
 2.200000 0.056000 44.919023
 2.300000 0.056000 42.445605
 2.400000 0.056000 43.885152
 2.500000 0.056000 41.946366
 2.600000 0.056000 39.628309
 2.700000 0.056000 43.575233
 2.800000 0.056000 42.969868
 2.900000 0.056000 40.058677
 3.000000 0.056000 43.753939
 3.100000 0.056000 43.677405
 3.200000 0.056000 43.725639
 3.300000 0.056000 42.947666
 3.400000 0.056000 42.860635
 3.500000 0.056000 42.997217
 3.600000 0.056000 45.158681
 3.700000 0.056000 43.501315
 3.800000 0.056000 44.037937
 3.900000 0.056000 44.812061
 4.000000 0.056000 44.782022
 4.100000 0.056000 43.968475
 4.200000 0.056000 42.251772
 4.300000 0.056000 43.608940
 4.400000 0.056000 44.021910
 4.500000 0.056000 43.189964
 4.600000 0.056000 45.778927
 4.700000 0.056000 72.897028
 4.800000 0.056000 inf
 4.900000 0.056000 inf
 5.000000 0.056000 inf

 0.000000 0.084000 inf
 0.100000 0.084000 inf
 0.200000 0.084000 inf
 0.300000 0.084000 inf
 0.400000 0.084000 inf
 0.500000 0.084000 108.831989
 0.600000 0.084000 17.134694
 0.700000 0.084000 20.384645
 0.800000 0.084000 57.181006
 0.900000 0.084000 inf
 1.000000 0.084000 inf
 1.100000 0.084000 inf
 1.200000 0.084000 inf
 1.300000 0.084000 inf
 1.400000 0.084000 inf
 1.500000 0.084000 inf
 1.600000 0.084000 44.481757
 1.700000 0.084000 44.542003
 1.800000 0.084000 43.785408
 1.900000 0.084000 42.902000
 2.000000 0.084000 43.886463
 2.100000 0.084000 44.231719
 2.200000 0.084000 43.946775
 2.300000 0.084000 43.521925
 2.400000 0.084000 42.442685
 2.500000 0.084000 41.818169
 2.600000 0.084000 41.726254
 2.700000 0.084000 43.733709
 2.800000 0.084000 42.697578
 2.900000 0.084000 40.869547
 3.000000 0.084000 41.935853
 3.100000 0.084000 42.930522
 3.200000 0.084000 42.247134
 3.300000 0.084000 43.060004
 3.400000 0.084000 42.158602
 3.500000 0.084000 43.766944
 3.600000 0.084000 42.247751
 3.700000 0.084000 42.868889
 3.800000 0.084000 43.869765
 3.900000 0.084000 42.877240
 4.000000 0.084000 40.220175
 4.100000 0.084000 43.261493
 4.200000 0.084000 39.882909
 4.300000 0.084000 42.616039
 4.400000 0.084000 42.762361
 4.500000 0.084000 43.539758
 4.600000 0.084000 44.922715
 4.700000 0.084000 69.058082
 4.800000 0.084000 inf
 4.900000 0.084000 inf
 5.000000 0.084000 inf

 0.000000 0.112000 inf
 0.100000 0.112000 inf
 0.200000 0.112000 inf
 0.300000 0.112000 inf
 0.400000 0.112000 inf
 0.500000 0.112000 inf
 0.600000 0.112000 12.870619
 0.700000 0.112000 12.633256
 0.800000 0.112000 47.477039
 0.900000 0.112000 inf
 1.000000 0.112000 inf
 1.100000 0.112000 inf
 1.200000 0.112000 inf
 1.300000 0.112000 inf
 1.400000 0.112000 inf
 1.500000 0.112000 inf
 1.600000 0.112000 45.830828
 1.700000 0.112000 40.551227
 1.800000 0.112000 39.070353
 1.900000 0.112000 39.687367
 2.000000 0.112000 42.282162
 2.100000 0.112000 40.607922
 2.200000 0.112000 44.257437
 2.300000 0.112000 42.131611
 2.400000 0.112000 40.811049
 2.500000 0.112000 41.398513
 2.600000 0.112000 41.929289
 2.700000 0.112000 41.380931
 2.800000 0.112000 41.465535
 2.900000 0.112000 42.129085
 3.000000 0.112000 42.061416
 3.100000 0.112000 40.076755
 3.200000 0.112000 41.570694
 3.300000 0.112000 42.915503
 3.400000 0.112000 41.738711
 3.500000 0.112000 35.224665
 3.600000 0.112000 39.535405
 3.700000 0.112000 40.194383
 3.800000 0.112000 40.011802
 3.900000 0.112000 42.119204
 4.000000 0.112000 42.911332
 4.100000 0.112000 41.739778
 4.200000 0.112000 41.999911
 4.300000 0.112000 40.945996
 4.400000 0.112000 42.158453
 4.500000 0.112000 41.907777
 4.600000 0.112000 42.761610
 4.700000 0.112000 62.773916
 4.800000 0.112000 inf
 4.900000 0.112000 inf
 5.000000 0.112000 inf

 0.000000 0.140000 inf
 0.100000 0.140000 inf
 0.200000 0.140000 inf
 0.300000 0.140000 inf
 0.400000 0.140000 inf
 0.500000 0.140000 inf
 0.600000 0.140000 11.007985
 0.700000 0.140000 10.208728
 0.800000 0.140000 46.960689
 0.900000 0.140000 65.033209
 1.000000 0.140000 inf
 1.100000 0.140000 inf
 1.200000 0.140000 inf
 1.300000 0.140000 inf
 1.400000 0.140000 inf
 1.500000 0.140000 inf
 1.600000 0.140000 47.783902
 1.700000 0.140000 42.274871
 1.800000 0.140000 40.818275
 1.900000 0.140000 41.912268
 2.000000 0.140000 41.004885
 2.100000 0.140000 38.267422
 2.200000 0.140000 40.265235
 2.300000 0.140000 42.043934
 2.400000 0.140000 39.581281
 2.500000 0.140000 39.187764
 2.600000 0.140000 38.956474
 2.700000 0.140000 36.241373
 2.800000 0.140000 39.860292
 2.900000 0.140000 42.003990
 3.000000 0.140000 41.929828
 3.100000 0.140000 40.497472
 3.200000 0.140000 40.885793
 3.300000 0.140000 40.566737
 3.400000 0.140000 40.572706
 3.500000 0.140000 41.369889
 3.600000 0.140000 40.824524
 3.700000 0.140000 39.953353
 3.800000 0.140000 41.152769
 3.900000 0.140000 41.765595
 4.000000 0.140000 41.530985
 4.100000 0.140000 41.625955
 4.200000 0.140000 41.352473
 4.300000 0.140000 41.364031
 4.400000 0.140000 41.135600
 4.500000 0.140000 40.932780
 4.600000 0.140000 40.658523
 4.700000 0.140000 inf
 4.800000 0.140000 inf
 4.900000 0.140000 inf
 5.000000 0.140000 inf

 0.000000 0.168000 inf
 0.100000 0.168000 inf
 0.200000 0.168000 inf
 0.300000 0.168000 inf
 0.400000 0.168000 inf
 0.500000 0.168000 inf
 0.600000 0.168000 12.903638
 0.700000 0.168000 12.409333
 0.800000 0.168000 47.958456
 0.900000 0.168000 inf
 1.000000 0.168000 inf
 1.100000 0.168000 inf
 1.200000 0.168000 inf
 1.300000 0.168000 inf
 1.400000 0.168000 57.194915
 1.500000 0.168000 inf
 1.600000 0.168000 43.727580
 1.700000 0.168000 41.027170
 1.800000 0.168000 41.626737
 1.900000 0.168000 41.440570
 2.000000 0.168000 41.015865
 2.100000 0.168000 41.326783
 2.200000 0.168000 41.336137
 2.300000 0.168000 41.254374
 2.400000 0.168000 39.654392
 2.500000 0.168000 40.134993
 2.600000 0.168000 39.685429
 2.700000 0.168000 39.836936
 2.800000 0.168000 40.021755
 2.900000 0.168000 39.992452
 3.000000 0.168000 40.425625
 3.100000 0.168000 42.136101
 3.200000 0.168000 40.919549
 3.300000 0.168000 40.697467
 3.400000 0.168000 40.678834
 3.500000 0.168000 40.840672
 3.600000 0.168000 40.252309
 3.700000 0.168000 39.171253
 3.800000 0.168000 40.097202
 3.900000 0.168000 39.625219
 4.000000 0.168000 40.849905
 4.100000 0.168000 39.992506
 4.200000 0.168000 41.332751
 4.300000 0.168000 40.710058
 4.400000 0.168000 40.404645
 4.500000 0.168000 40.784131
 4.600000 0.168000 40.652266
 4.700000 0.168000 72.190412
 4.800000 0.168000 inf
 4.900000 0.168000 inf
 5.000000 0.168000 inf

 0.000000 0.196000 inf
 0.100000 0.196000 inf
 0.200000 0.196000 inf
 0.300000 0.196000 inf
 0.400000 0.196000 inf
 0.500000 0.196000 21.280937
 0.600000 0.196000 13.192864
 0.700000 0.196000 21.305721
 0.800000 0.196000 51.164823
 0.900000 0.196000 inf
 1.000000 0.196000 inf
 1.100000 0.196000 inf
 1.200000 0.196000 inf
 1.300000 0.196000 inf
 1.400000 0.196000 52.555663
 1.500000 0.196000 inf
 1.600000 0.196000 42.649042
 1.700000 0.196000 39.885394
 1.800000 0.196000 35.471147
 1.900000 0.196000 40.915222
 2.000000 0.196000 37.533820
 2.100000 0.196000 40.662106
 2.200000 0.196000 40.724060
 2.300000 0.196000 40.325368
 2.400000 0.196000 39.896018
 2.500000 0.196000 38.477740
 2.600000 0.196000 39.918206
 2.700000 0.196000 39.521706
 2.800000 0.196000 39.115256
 2.900000 0.196000 41.184714
 3.000000 0.196000 38.776122
 3.100000 0.196000 40.750646
 3.200000 0.196000 39.953801
 3.300000 0.196000 40.596705
 3.400000 0.196000 40.782895
 3.500000 0.196000 40.526554
 3.600000 0.196000 40.266654
 3.700000 0.196000 39.910150
 3.800000 0.196000 40.265859
 3.900000 0.196000 33.238967
 4.000000 0.196000 40.360111
 4.100000 0.196000 38.987218
 4.200000 0.196000 39.717743
 4.300000 0.196000 40.099340
 4.400000 0.196000 39.708427
 4.500000 0.196000 40.334733
 4.600000 0.196000 41.739029
 4.700000 0.196000 58.577417
 4.800000 0.196000 inf
 4.900000 0.196000 inf
 5.000000 0.196000 inf

 0.000000 0.224000 inf
 0.100000 0.224000 inf
 0.200000 0.224000 inf
 0.300000 0.224000 inf
 0.400000 0.224000 32.449577
 0.500000 0.224000 15.291051
 0.600000 0.224000 10.508140
 0.700000 0.224000 17.760006
 0.800000 0.224000 45.227966
 0.900000 0.224000 inf
 1.000000 0.224000 inf
 1.100000 0.224000 inf
 1.200000 0.224000 inf
 1.300000 0.224000 52.997077
 1.400000 0.224000 46.056959
 1.500000 0.224000 inf
 1.600000 0.224000 45.055585
 1.700000 0.224000 40.219843
 1.800000 0.224000 39.388920
 1.900000 0.224000 41.225801
 2.000000 0.224000 39.629094
 2.100000 0.224000 39.673586
 2.200000 0.224000 39.193328
 2.300000 0.224000 39.445110
 2.400000 0.224000 38.707378
 2.500000 0.224000 40.291447
 2.600000 0.224000 41.069118
 2.700000 0.224000 36.706548
 2.800000 0.224000 40.567278
 2.900000 0.224000 44.439282
 3.000000 0.224000 42.499180
 3.100000 0.224000 38.809017
 3.200000 0.224000 41.546645
 3.300000 0.224000 41.903859
 3.400000 0.224000 36.505183
 3.500000 0.224000 42.626865
 3.600000 0.224000 38.233117
 3.700000 0.224000 41.123184
 3.800000 0.224000 43.766636
 3.900000 0.224000 37.215539
 4.000000 0.224000 41.906622
 4.100000 0.224000 39.902230
 4.200000 0.224000 41.503381
 4.300000 0.224000 40.488483
 4.400000 0.224000 39.450039
 4.500000 0.224000 35.458005
 4.600000 0.224000 46.099442
 4.700000 0.224000 inf
 4.800000 0.224000 inf
 4.900000 0.224000 inf
 5.000000 0.224000 inf

 0.000000 0.252000 inf
 0.100000 0.252000 inf
 0.200000 0.252000 inf
 0.300000 0.252000 inf
 0.400000 0.252000 29.585305
 0.500000 0.252000 14.836215
 0.600000 0.252000 10.329606
 0.700000 0.252000 20.005685
 0.800000 0.252000 28.443153
 0.900000 0.252000 inf
 1.000000 0.252000 inf
 1.100000 0.252000 inf
 1.200000 0.252000 inf
 1.300000 0.252000 54.441806
 1.400000 0.252000 52.648527
 1.500000 0.252000 39.983106
 1.600000 0.252000 44.025144
 1.700000 0.252000 40.435876
 1.800000 0.252000 39.722980
 1.900000 0.252000 37.085070
 2.000000 0.252000 40.594526
 2.100000 0.252000 40.195223
 2.200000 0.252000 39.280553
 2.300000 0.252000 39.623334
 2.400000 0.252000 38.688010
 2.500000 0.252000 52.286769
 2.600000 0.252000 inf
 2.700000 0.252000 inf
 2.800000 0.252000 inf
 2.900000 0.252000 inf
 3.000000 0.252000 inf
 3.100000 0.252000 inf
 3.200000 0.252000 inf
 3.300000 0.252000 inf
 3.400000 0.252000 inf
 3.500000 0.252000 inf
 3.600000 0.252000 41.111082
 3.700000 0.252000 inf
 3.800000 0.252000 inf
 3.900000 0.252000 inf
 4.000000 0.252000 inf
 4.100000 0.252000 inf
 4.200000 0.252000 inf
 4.300000 0.252000 inf
 4.400000 0.252000 inf
 4.500000 0.252000 inf
 4.600000 0.252000 inf
 4.700000 0.252000 inf
 4.800000 0.252000 inf
 4.900000 0.252000 inf
 5.000000 0.252000 inf

 0.000000 0.280000 inf
 0.100000 0.280000 inf
 0.200000 0.280000 inf
 0.300000 0.280000 inf
 0.400000 0.280000 14.117262
 0.500000 0.280000 15.582730
 0.600000 0.280000 13.476006
 0.700000 0.280000 20.122653
 0.800000 0.280000 27.615720
 0.900000 0.280000 inf
 1.000000 0.280000 inf
 1.100000 0.280000 inf
 1.200000 0.280000 inf
 1.300000 0.280000 inf
 1.400000 0.280000 54.571326
 1.500000 0.280000 58.584080
 1.600000 0.280000 44.889532
 1.700000 0.280000 41.070248
 1.800000 0.280000 39.409811
 1.900000 0.280000 40.992761
 2.000000 0.280000 37.911898
 2.100000 0.280000 39.897454
 2.200000 0.280000 37.574391
 2.300000 0.280000 29.110453
 2.400000 0.280000 41.846756
 2.500000 0.280000 inf
 2.600000 0.280000 inf
 2.700000 0.280000 inf
 2.800000 0.280000 inf
 2.900000 0.280000 inf
 3.000000 0.280000 inf
 3.100000 0.280000 inf
 3.200000 0.280000 inf
 3.300000 0.280000 inf
 3.400000 0.280000 inf
 3.500000 0.280000 inf
 3.600000 0.280000 inf
 3.700000 0.280000 inf
 3.800000 0.280000 inf
 3.900000 0.280000 inf
 4.000000 0.280000 inf
 4.100000 0.280000 -13.505533
 4.200000 0.280000 inf
 4.300000 0.280000 inf
 4.400000 0.280000 inf
 4.500000 0.280000 inf
 4.600000 0.280000 inf
 4.700000 0.280000 inf
 4.800000 0.280000 inf
 4.900000 0.280000 inf
 5.000000 0.280000 inf

 0.000000 0.308000 inf
 0.100000 0.308000 inf
 0.200000 0.308000 inf
 0.300000 0.308000 inf
 0.400000 0.308000 23.499031
 0.500000 0.308000 19.116788
 0.600000 0.308000 18.445667
 0.700000 0.308000 19.924748
 0.800000 0.308000 23.919677
 0.900000 0.308000 inf
 1.000000 0.308000 inf
 1.100000 0.308000 inf
 1.200000 0.308000 inf
 1.300000 0.308000 inf
 1.400000 0.308000 46.395550
 1.500000 0.308000 42.546133
 1.600000 0.308000 44.837509
 1.700000 0.308000 41.139003
 1.800000 0.308000 34.677710
 1.900000 0.308000 37.488915
 2.000000 0.308000 38.615857
 2.100000 0.308000 36.523012
 2.200000 0.308000 36.791676
 2.300000 0.308000 39.760822
 2.400000 0.308000 49.437411
 2.500000 0.308000 inf
 2.600000 0.308000 inf
 2.700000 0.308000 inf
 2.800000 0.308000 inf
 2.900000 0.308000 inf
 3.000000 0.308000 inf
 3.100000 0.308000 inf
 3.200000 0.308000 inf
 3.300000 0.308000 inf
 3.400000 0.308000 inf
 3.500000 0.308000 inf
 3.600000 0.308000 inf
 3.700000 0.308000 inf
 3.800000 0.308000 inf
 3.900000 0.308000 inf
 4.000000 0.308000 inf
 4.100000 0.308000 -73.764196
 4.200000 0.308000 inf
 4.300000 0.308000 inf
 4.400000 0.308000 inf
 4.500000 0.308000 inf
 4.600000 0.308000 inf
 4.700000 0.308000 inf
 4.800000 0.308000 inf
 4.900000 0.308000 inf
 5.000000 0.308000 inf

 0.000000 0.336000 inf
 0.100000 0.336000 inf
 0.200000 0.336000 inf
 0.300000 0.336000 34.943877
 0.400000 0.336000 22.065666
 0.500000 0.336000 20.696485
 0.600000 0.336000 19.958889
 0.700000 0.336000 20.180223
 0.800000 0.336000 23.109823
 0.900000 0.336000 inf
 1.000000 0.336000 inf
 1.100000 0.336000 inf
 1.200000 0.336000 inf
 1.300000 0.336000 inf
 1.400000 0.336000 54.437437
 1.500000 0.336000 46.405141
 1.600000 0.336000 40.253015
 1.700000 0.336000 41.804201
 1.800000 0.336000 38.065530
 1.900000 0.336000 39.220354
 2.000000 0.336000 40.717964
 2.100000 0.336000 39.627682
 2.200000 0.336000 36.662499
 2.300000 0.336000 36.544770
 2.400000 0.336000 inf
 2.500000 0.336000 inf
 2.600000 0.336000 inf
 2.700000 0.336000 inf
 2.800000 0.336000 inf
 2.900000 0.336000 inf
 3.000000 0.336000 inf
 3.100000 0.336000 inf
 3.200000 0.336000 inf
 3.300000 0.336000 inf
 3.400000 0.336000 inf
 3.500000 0.336000 inf
 3.600000 0.336000 inf
 3.700000 0.336000 inf
 3.800000 0.336000 inf
 3.900000 0.336000 inf
 4.000000 0.336000 inf
 4.100000 0.336000 inf
 4.200000 0.336000 inf
 4.300000 0.336000 inf
 4.400000 0.336000 inf
 4.500000 0.336000 inf
 4.600000 0.336000 inf
 4.700000 0.336000 inf
 4.800000 0.336000 inf
 4.900000 0.336000 inf
 5.000000 0.336000 inf

 0.000000 0.364000 inf
 0.100000 0.364000 inf
 0.200000 0.364000 30.414988
 0.300000 0.364000 25.017806
 0.400000 0.364000 16.074047
 0.500000 0.364000 15.693379
 0.600000 0.364000 20.281581
 0.700000 0.364000 21.630865
 0.800000 0.364000 25.903808
 0.900000 0.364000 inf
 1.000000 0.364000 inf
 1.100000 0.364000 inf
 1.200000 0.364000 inf
 1.300000 0.364000 52.832978
 1.400000 0.364000 52.230380
 1.500000 0.364000 38.362631
 1.600000 0.364000 42.873991
 1.700000 0.364000 41.055776
 1.800000 0.364000 38.350383
 1.900000 0.364000 39.090835
 2.000000 0.364000 36.660462
 2.100000 0.364000 38.922735
 2.200000 0.364000 33.050348
 2.300000 0.364000 inf
 2.400000 0.364000 inf
 2.500000 0.364000 inf
 2.600000 0.364000 inf
 2.700000 0.364000 inf
 2.800000 0.364000 inf
 2.900000 0.364000 inf
 3.000000 0.364000 inf
 3.100000 0.364000 inf
 3.200000 0.364000 inf
 3.300000 0.364000 inf
 3.400000 0.364000 inf
 3.500000 0.364000 inf
 3.600000 0.364000 inf
 3.700000 0.364000 inf
 3.800000 0.364000 inf
 3.900000 0.364000 inf
 4.000000 0.364000 inf
 4.100000 0.364000 inf
 4.200000 0.364000 inf
 4.300000 0.364000 inf
 4.400000 0.364000 inf
 4.500000 0.364000 inf
 4.600000 0.364000 inf
 4.700000 0.364000 inf
 4.800000 0.364000 inf
 4.900000 0.364000 inf
 5.000000 0.364000 inf

 0.000000 0.392000 inf
 0.100000 0.392000 inf
 0.200000 0.392000 27.343478
 0.300000 0.392000 13.519607
 0.400000 0.392000 9.534241
 0.500000 0.392000 13.476040
 0.600000 0.392000 17.893913
 0.700000 0.392000 23.396372
 0.800000 0.392000 inf
 0.900000 0.392000 inf
 1.000000 0.392000 inf
 1.100000 0.392000 inf
 1.200000 0.392000 inf
 1.300000 0.392000 50.685043
 1.400000 0.392000 50.556739
 1.500000 0.392000 42.984894
 1.600000 0.392000 43.108482
 1.700000 0.392000 39.696118
 1.800000 0.392000 37.487346
 1.900000 0.392000 39.117805
 2.000000 0.392000 38.695567
 2.100000 0.392000 39.092305
 2.200000 0.392000 40.691966
 2.300000 0.392000 inf
 2.400000 0.392000 inf
 2.500000 0.392000 inf
 2.600000 0.392000 inf
 2.700000 0.392000 inf
 2.800000 0.392000 inf
 2.900000 0.392000 inf
 3.000000 0.392000 inf
 3.100000 0.392000 inf
 3.200000 0.392000 inf
 3.300000 0.392000 inf
 3.400000 0.392000 inf
 3.500000 0.392000 inf
 3.600000 0.392000 inf
 3.700000 0.392000 inf
 3.800000 0.392000 inf
 3.900000 0.392000 inf
 4.000000 0.392000 inf
 4.100000 0.392000 inf
 4.200000 0.392000 inf
 4.300000 0.392000 inf
 4.400000 0.392000 inf
 4.500000 0.392000 inf
 4.600000 0.392000 inf
 4.700000 0.392000 inf
 4.800000 0.392000 inf
 4.900000 0.392000 inf
 5.000000 0.392000 inf

 0.000000 0.420000 inf
 0.100000 0.420000 inf
 0.200000 0.420000 25.137240
 0.300000 0.420000 9.514320
 0.400000 0.420000 6.558444
 0.500000 0.420000 11.059839
 0.600000 0.420000 14.904530
 0.700000 0.420000 27.953181
 0.800000 0.420000 inf
 0.900000 0.420000 inf
 1.000000 0.420000 inf
 1.100000 0.420000 inf
 1.200000 0.420000 inf
 1.300000 0.420000 inf
 1.400000 0.420000 56.312295
 1.500000 0.420000 45.434069
 1.600000 0.420000 43.365804
 1.700000 0.420000 41.808709
 1.800000 0.420000 38.279067
 1.900000 0.420000 38.307992
 2.000000 0.420000 38.902485
 2.100000 0.420000 39.595531
 2.200000 0.420000 inf
 2.300000 0.420000 inf
 2.400000 0.420000 inf
 2.500000 0.420000 inf
 2.600000 0.420000 inf
 2.700000 0.420000 inf
 2.800000 0.420000 inf
 2.900000 0.420000 inf
 3.000000 0.420000 inf
 3.100000 0.420000 inf
 3.200000 0.420000 inf
 3.300000 0.420000 inf
 3.400000 0.420000 inf
 3.500000 0.420000 inf
 3.600000 0.420000 inf
 3.700000 0.420000 inf
 3.800000 0.420000 inf
 3.900000 0.420000 inf
 4.000000 0.420000 inf
 4.100000 0.420000 inf
 4.200000 0.420000 inf
 4.300000 0.420000 inf
 4.400000 0.420000 inf
 4.500000 0.420000 inf
 4.600000 0.420000 inf
 4.700000 0.420000 inf
 4.800000 0.420000 inf
 4.900000 0.420000 inf
 5.000000 0.420000 inf

 0.000000 0.448000 inf
 0.100000 0.448000 30.971493
 0.200000 0.448000 24.490734
 0.300000 0.448000 11.035407
 0.400000 0.448000 7.307187
 0.500000 0.448000 7.280249
 0.600000 0.448000 11.051512
 0.700000 0.448000 26.469751
 0.800000 0.448000 inf
 0.900000 0.448000 inf
 1.000000 0.448000 inf
 1.100000 0.448000 inf
 1.200000 0.448000 55.557553
 1.300000 0.448000 inf
 1.400000 0.448000 45.716415
 1.500000 0.448000 44.112749
 1.600000 0.448000 41.062914
 1.700000 0.448000 40.601046
 1.800000 0.448000 36.496873
 1.900000 0.448000 38.443914
 2.000000 0.448000 39.677698
 2.100000 0.448000 36.458640
 2.200000 0.448000 inf
 2.300000 0.448000 inf
 2.400000 0.448000 inf
 2.500000 0.448000 inf
 2.600000 0.448000 inf
 2.700000 0.448000 inf
 2.800000 0.448000 inf
 2.900000 0.448000 inf
 3.000000 0.448000 inf
 3.100000 0.448000 inf
 3.200000 0.448000 inf
 3.300000 0.448000 inf
 3.400000 0.448000 inf
 3.500000 0.448000 inf
 3.600000 0.448000 inf
 3.700000 0.448000 inf
 3.800000 0.448000 inf
 3.900000 0.448000 inf
 4.000000 0.448000 inf
 4.100000 0.448000 inf
 4.200000 0.448000 inf
 4.300000 0.448000 inf
 4.400000 0.448000 inf
 4.500000 0.448000 inf
 4.600000 0.448000 inf
 4.700000 0.448000 inf
 4.800000 0.448000 inf
 4.900000 0.448000 inf
 5.000000 0.448000 inf

 0.000000 0.476000 inf
 0.100000 0.476000 26.276717
 0.200000 0.476000 20.532417
 0.300000 0.476000 14.502106
 0.400000 0.476000 8.799661
 0.500000 0.476000 5.374683
 0.600000 0.476000 10.182931
 0.700000 0.476000 22.267749
 0.800000 0.476000 inf
 0.900000 0.476000 inf
 1.000000 0.476000 inf
 1.100000 0.476000 inf
 1.200000 0.476000 inf
 1.300000 0.476000 45.203020
 1.400000 0.476000 42.966614
 1.500000 0.476000 43.691298
 1.600000 0.476000 38.625825
 1.700000 0.476000 40.194321
 1.800000 0.476000 36.824901
 1.900000 0.476000 38.373034
 2.000000 0.476000 39.809323
 2.100000 0.476000 inf
 2.200000 0.476000 inf
 2.300000 0.476000 inf
 2.400000 0.476000 inf
 2.500000 0.476000 inf
 2.600000 0.476000 inf
 2.700000 0.476000 inf
 2.800000 0.476000 inf
 2.900000 0.476000 inf
 3.000000 0.476000 inf
 3.100000 0.476000 inf
 3.200000 0.476000 inf
 3.300000 0.476000 inf
 3.400000 0.476000 inf
 3.500000 0.476000 inf
 3.600000 0.476000 inf
 3.700000 0.476000 inf
 3.800000 0.476000 inf
 3.900000 0.476000 inf
 4.000000 0.476000 inf
 4.100000 0.476000 inf
 4.200000 0.476000 inf
 4.300000 0.476000 inf
 4.400000 0.476000 inf
 4.500000 0.476000 inf
 4.600000 0.476000 inf
 4.700000 0.476000 inf
 4.800000 0.476000 inf
 4.900000 0.476000 inf
 5.000000 0.476000 inf

 0.000000 0.504000 inf
 0.100000 0.504000 24.763962
 0.200000 0.504000 16.969517
 0.300000 0.504000 14.116408
 0.400000 0.504000 9.701781
 0.500000 0.504000 7.261359
 0.600000 0.504000 11.981880
 0.700000 0.504000 23.507290
 0.800000 0.504000 inf
 0.900000 0.504000 inf
 1.000000 0.504000 inf
 1.100000 0.504000 53.653230
 1.200000 0.504000 52.242423
 1.300000 0.504000 51.370308
 1.400000 0.504000 42.212866
 1.500000 0.504000 43.210293
 1.600000 0.504000 38.133548
 1.700000 0.504000 39.971069
 1.800000 0.504000 36.342976
 1.900000 0.504000 36.486973
 2.000000 0.504000 inf
 2.100000 0.504000 inf
 2.200000 0.504000 inf
 2.300000 0.504000 inf
 2.400000 0.504000 inf
 2.500000 0.504000 inf
 2.600000 0.504000 inf
 2.700000 0.504000 inf
 2.800000 0.504000 inf
 2.900000 0.504000 inf
 3.000000 0.504000 inf
 3.100000 0.504000 inf
 3.200000 0.504000 inf
 3.300000 0.504000 inf
 3.400000 0.504000 inf
 3.500000 0.504000 inf
 3.600000 0.504000 inf
 3.700000 0.504000 inf
 3.800000 0.504000 inf
 3.900000 0.504000 inf
 4.000000 0.504000 inf
 4.100000 0.504000 inf
 4.200000 0.504000 inf
 4.300000 0.504000 inf
 4.400000 0.504000 inf
 4.500000 0.504000 inf
 4.600000 0.504000 inf
 4.700000 0.504000 inf
 4.800000 0.504000 inf
 4.900000 0.504000 inf
 5.000000 0.504000 inf

 0.000000 0.532000 inf
 0.100000 0.532000 22.153267
 0.200000 0.532000 16.913905
 0.300000 0.532000 12.390266
 0.400000 0.532000 11.332251
 0.500000 0.532000 9.396547
 0.600000 0.532000 14.500201
 0.700000 0.532000 22.672485
 0.800000 0.532000 inf
 0.900000 0.532000 inf
 1.000000 0.532000 inf
 1.100000 0.532000 53.639161
 1.200000 0.532000 55.108595
 1.300000 0.532000 44.340069
 1.400000 0.532000 41.975158
 1.500000 0.532000 42.786908
 1.600000 0.532000 42.556911
 1.700000 0.532000 39.077223
 1.800000 0.532000 35.399534
 1.900000 0.532000 41.223432
 2.000000 0.532000 inf
 2.100000 0.532000 inf
 2.200000 0.532000 inf
 2.300000 0.532000 inf
 2.400000 0.532000 inf
 2.500000 0.532000 inf
 2.600000 0.532000 inf
 2.700000 0.532000 inf
 2.800000 0.532000 inf
 2.900000 0.532000 inf
 3.000000 0.532000 inf
 3.100000 0.532000 inf
 3.200000 0.532000 inf
 3.300000 0.532000 inf
 3.400000 0.532000 inf
 3.500000 0.532000 inf
 3.600000 0.532000 inf
 3.700000 0.532000 inf
 3.800000 0.532000 inf
 3.900000 0.532000 inf
 4.000000 0.532000 inf
 4.100000 0.532000 inf
 4.200000 0.532000 inf
 4.300000 0.532000 inf
 4.400000 0.532000 inf
 4.500000 0.532000 inf
 4.600000 0.532000 inf
 4.700000 0.532000 inf
 4.800000 0.532000 inf
 4.900000 0.532000 inf
 5.000000 0.532000 inf

 0.000000 0.560000 inf
 0.100000 0.560000 23.033780
 0.200000 0.560000 19.115658
 0.300000 0.560000 16.078717
 0.400000 0.560000 13.675264
 0.500000 0.560000 13.977276
 0.600000 0.560000 15.155586
 0.700000 0.560000 21.846433
 0.800000 0.560000 inf
 0.900000 0.560000 inf
 1.000000 0.560000 inf
 1.100000 0.560000 inf
 1.200000 0.560000 47.890387
 1.300000 0.560000 43.988978
 1.400000 0.560000 44.521003
 1.500000 0.560000 42.686840
 1.600000 0.560000 42.166644
 1.700000 0.560000 39.487198
 1.800000 0.560000 32.149340
 1.900000 0.560000 inf
 2.000000 0.560000 inf
 2.100000 0.560000 inf
 2.200000 0.560000 inf
 2.300000 0.560000 inf
 2.400000 0.560000 inf
 2.500000 0.560000 inf
 2.600000 0.560000 inf
 2.700000 0.560000 inf
 2.800000 0.560000 inf
 2.900000 0.560000 inf
 3.000000 0.560000 inf
 3.100000 0.560000 inf
 3.200000 0.560000 inf
 3.300000 0.560000 inf
 3.400000 0.560000 inf
 3.500000 0.560000 inf
 3.600000 0.560000 inf
 3.700000 0.560000 inf
 3.800000 0.560000 inf
 3.900000 0.560000 inf
 4.000000 0.560000 inf
 4.100000 0.560000 inf
 4.200000 0.560000 inf
 4.300000 0.560000 inf
 4.400000 0.560000 inf
 4.500000 0.560000 inf
 4.600000 0.560000 inf
 4.700000 0.560000 inf
 4.800000 0.560000 inf
 4.900000 0.560000 inf
 5.000000 0.560000 inf

 0.000000 0.588000 inf
 0.100000 0.588000 23.075282
 0.200000 0.588000 18.703475
 0.300000 0.588000 15.829451
 0.400000 0.588000 16.182114
 0.500000 0.588000 14.993594
 0.600000 0.588000 15.456349
 0.700000 0.588000 20.226946
 0.800000 0.588000 inf
 0.900000 0.588000 inf
 1.000000 0.588000 inf
 1.100000 0.588000 inf
 1.200000 0.588000 inf
 1.300000 0.588000 43.654743
 1.400000 0.588000 46.121157
 1.500000 0.588000 42.515937
 1.600000 0.588000 41.878451
 1.700000 0.588000 40.521917
 1.800000 0.588000 48.113083
 1.900000 0.588000 inf
 2.000000 0.588000 inf
 2.100000 0.588000 inf
 2.200000 0.588000 inf
 2.300000 0.588000 inf
 2.400000 0.588000 inf
 2.500000 0.588000 inf
 2.600000 0.588000 inf
 2.700000 0.588000 inf
 2.800000 0.588000 inf
 2.900000 0.588000 inf
 3.000000 0.588000 inf
 3.100000 0.588000 inf
 3.200000 0.588000 inf
 3.300000 0.588000 inf
 3.400000 0.588000 inf
 3.500000 0.588000 inf
 3.600000 0.588000 inf
 3.700000 0.588000 inf
 3.800000 0.588000 inf
 3.900000 0.588000 inf
 4.000000 0.588000 inf
 4.100000 0.588000 inf
 4.200000 0.588000 inf
 4.300000 0.588000 inf
 4.400000 0.588000 inf
 4.500000 0.588000 inf
 4.600000 0.588000 inf
 4.700000 0.588000 inf
 4.800000 0.588000 inf
 4.900000 0.588000 inf
 5.000000 0.588000 inf

 0.000000 0.616000 inf
 0.100000 0.616000 22.890223
 0.200000 0.616000 15.750042
 0.300000 0.616000 15.272147
 0.400000 0.616000 15.184670
 0.500000 0.616000 14.058715
 0.600000 0.616000 15.532796
 0.700000 0.616000 21.206732
 0.800000 0.616000 39.642269
 0.900000 0.616000 inf
 1.000000 0.616000 65.173649
 1.100000 0.616000 40.046168
 1.200000 0.616000 48.444654
 1.300000 0.616000 42.412349
 1.400000 0.616000 42.626199
 1.500000 0.616000 42.187515
 1.600000 0.616000 43.179904
 1.700000 0.616000 41.155087
 1.800000 0.616000 inf
 1.900000 0.616000 inf
 2.000000 0.616000 inf
 2.100000 0.616000 inf
 2.200000 0.616000 inf
 2.300000 0.616000 inf
 2.400000 0.616000 inf
 2.500000 0.616000 inf
 2.600000 0.616000 inf
 2.700000 0.616000 inf
 2.800000 0.616000 inf
 2.900000 0.616000 inf
 3.000000 0.616000 inf
 3.100000 0.616000 inf
 3.200000 0.616000 inf
 3.300000 0.616000 inf
 3.400000 0.616000 inf
 3.500000 0.616000 inf
 3.600000 0.616000 inf
 3.700000 0.616000 inf
 3.800000 0.616000 inf
 3.900000 0.616000 inf
 4.000000 0.616000 inf
 4.100000 0.616000 inf
 4.200000 0.616000 inf
 4.300000 0.616000 inf
 4.400000 0.616000 inf
 4.500000 0.616000 inf
 4.600000 0.616000 inf
 4.700000 0.616000 inf
 4.800000 0.616000 inf
 4.900000 0.616000 inf
 5.000000 0.616000 inf

 0.000000 0.644000 inf
 0.100000 0.644000 22.531076
 0.200000 0.644000 15.504748
 0.300000 0.644000 8.870134
 0.400000 0.644000 15.016951
 0.500000 0.644000 12.964224
 0.600000 0.644000 15.745723
 0.700000 0.644000 24.931001
 0.800000 0.644000 inf
 0.900000 0.644000 47.304104
 1.000000 0.644000 65.680369
 1.100000 0.644000 46.178112
 1.200000 0.644000 45.906035
 1.300000 0.644000 39.503029
 1.400000 0.644000 40.937665
 1.500000 0.644000 42.097496
 1.600000 0.644000 43.842747
 1.700000 0.644000 inf
 1.800000 0.644000 inf
 1.900000 0.644000 inf
 2.000000 0.644000 inf
 2.100000 0.644000 inf
 2.200000 0.644000 inf
 2.300000 0.644000 inf
 2.400000 0.644000 inf
 2.500000 0.644000 inf
 2.600000 0.644000 inf
 2.700000 0.644000 inf
 2.800000 0.644000 inf
 2.900000 0.644000 inf
 3.000000 0.644000 inf
 3.100000 0.644000 inf
 3.200000 0.644000 inf
 3.300000 0.644000 inf
 3.400000 0.644000 inf
 3.500000 0.644000 inf
 3.600000 0.644000 inf
 3.700000 0.644000 inf
 3.800000 0.644000 inf
 3.900000 0.644000 inf
 4.000000 0.644000 inf
 4.100000 0.644000 inf
 4.200000 0.644000 inf
 4.300000 0.644000 inf
 4.400000 0.644000 inf
 4.500000 0.644000 inf
 4.600000 0.644000 inf
 4.700000 0.644000 inf
 4.800000 0.644000 inf
 4.900000 0.644000 inf
 5.000000 0.644000 inf

 0.000000 0.672000 inf
 0.100000 0.672000 21.662899
 0.200000 0.672000 14.661536
 0.300000 0.672000 14.671540
 0.400000 0.672000 15.872678
 0.500000 0.672000 13.916686
 0.600000 0.672000 18.635949
 0.700000 0.672000 25.104471
 0.800000 0.672000 44.989745
 0.900000 0.672000 45.448360
 1.000000 0.672000 45.117023
 1.100000 0.672000 44.067925
 1.200000 0.672000 40.551949
 1.300000 0.672000 39.688904
 1.400000 0.672000 44.698624
 1.500000 0.672000 41.141456
 1.600000 0.672000 42.254259
 1.700000 0.672000 inf
 1.800000 0.672000 inf
 1.900000 0.672000 inf
 2.000000 0.672000 inf
 2.100000 0.672000 inf
 2.200000 0.672000 inf
 2.300000 0.672000 inf
 2.400000 0.672000 inf
 2.500000 0.672000 inf
 2.600000 0.672000 inf
 2.700000 0.672000 inf
 2.800000 0.672000 inf
 2.900000 0.672000 inf
 3.000000 0.672000 inf
 3.100000 0.672000 inf
 3.200000 0.672000 inf
 3.300000 0.672000 inf
 3.400000 0.672000 inf
 3.500000 0.672000 inf
 3.600000 0.672000 inf
 3.700000 0.672000 inf
 3.800000 0.672000 inf
 3.900000 0.672000 inf
 4.000000 0.672000 inf
 4.100000 0.672000 inf
 4.200000 0.672000 inf
 4.300000 0.672000 inf
 4.400000 0.672000 inf
 4.500000 0.672000 inf
 4.600000 0.672000 inf
 4.700000 0.672000 inf
 4.800000 0.672000 inf
 4.900000 0.672000 inf
 5.000000 0.672000 inf

 0.000000 0.700000 inf
 0.100000 0.700000 22.293086
 0.200000 0.700000 14.943701
 0.300000 0.700000 15.380419
 0.400000 0.700000 16.510454
 0.500000 0.700000 18.949348
 0.600000 0.700000 21.422452
 0.700000 0.700000 27.868176
 0.800000 0.700000 34.682404
 0.900000 0.700000 34.195237
 1.000000 0.700000 45.084307
 1.100000 0.700000 42.302266
 1.200000 0.700000 42.096511
 1.300000 0.700000 43.765022
 1.400000 0.700000 41.888480
 1.500000 0.700000 39.603194
 1.600000 0.700000 inf
 1.700000 0.700000 inf
 1.800000 0.700000 inf
 1.900000 0.700000 inf
 2.000000 0.700000 inf
 2.100000 0.700000 inf
 2.200000 0.700000 inf
 2.300000 0.700000 inf
 2.400000 0.700000 inf
 2.500000 0.700000 inf
 2.600000 0.700000 inf
 2.700000 0.700000 inf
 2.800000 0.700000 inf
 2.900000 0.700000 inf
 3.000000 0.700000 inf
 3.100000 0.700000 inf
 3.200000 0.700000 inf
 3.300000 0.700000 inf
 3.400000 0.700000 inf
 3.500000 0.700000 inf
 3.600000 0.700000 inf
 3.700000 0.700000 inf
 3.800000 0.700000 inf
 3.900000 0.700000 inf
 4.000000 0.700000 inf
 4.100000 0.700000 inf
 4.200000 0.700000 inf
 4.300000 0.700000 inf
 4.400000 0.700000 inf
 4.500000 0.700000 inf
 4.600000 0.700000 inf
 4.700000 0.700000 inf
 4.800000 0.700000 inf
 4.900000 0.700000 inf
 5.000000 0.700000 inf

 0.000000 0.728000 inf
 0.100000 0.728000 23.200034
 0.200000 0.728000 19.620530
 0.300000 0.728000 15.459733
 0.400000 0.728000 20.058568
 0.500000 0.728000 21.343854
 0.600000 0.728000 24.342976
 0.700000 0.728000 30.449585
 0.800000 0.728000 33.097673
 0.900000 0.728000 30.643934
 1.000000 0.728000 41.060761
 1.100000 0.728000 41.418507
 1.200000 0.728000 42.183889
 1.300000 0.728000 41.377504
 1.400000 0.728000 39.042315
 1.500000 0.728000 41.515191
 1.600000 0.728000 inf
 1.700000 0.728000 inf
 1.800000 0.728000 inf
 1.900000 0.728000 inf
 2.000000 0.728000 inf
 2.100000 0.728000 inf
 2.200000 0.728000 inf
 2.300000 0.728000 inf
 2.400000 0.728000 inf
 2.500000 0.728000 inf
 2.600000 0.728000 inf
 2.700000 0.728000 inf
 2.800000 0.728000 inf
 2.900000 0.728000 inf
 3.000000 0.728000 inf
 3.100000 0.728000 inf
 3.200000 0.728000 inf
 3.300000 0.728000 inf
 3.400000 0.728000 inf
 3.500000 0.728000 inf
 3.600000 0.728000 inf
 3.700000 0.728000 inf
 3.800000 0.728000 inf
 3.900000 0.728000 inf
 4.000000 0.728000 inf
 4.100000 0.728000 inf
 4.200000 0.728000 inf
 4.300000 0.728000 inf
 4.400000 0.728000 inf
 4.500000 0.728000 inf
 4.600000 0.728000 inf
 4.700000 0.728000 inf
 4.800000 0.728000 inf
 4.900000 0.728000 inf
 5.000000 0.728000 inf

 0.000000 0.756000 inf
 0.100000 0.756000 24.937327
 0.200000 0.756000 22.255787
 0.300000 0.756000 19.329371
 0.400000 0.756000 20.514250
 0.500000 0.756000 25.237126
 0.600000 0.756000 29.652505
 0.700000 0.756000 25.860526
 0.800000 0.756000 27.398435
 0.900000 0.756000 33.335167
 1.000000 0.756000 43.932077
 1.100000 0.756000 42.564428
 1.200000 0.756000 41.605916
 1.300000 0.756000 42.348143
 1.400000 0.756000 44.540819
 1.500000 0.756000 inf
 1.600000 0.756000 inf
 1.700000 0.756000 inf
 1.800000 0.756000 inf
 1.900000 0.756000 inf
 2.000000 0.756000 inf
 2.100000 0.756000 inf
 2.200000 0.756000 inf
 2.300000 0.756000 inf
 2.400000 0.756000 inf
 2.500000 0.756000 inf
 2.600000 0.756000 inf
 2.700000 0.756000 inf
 2.800000 0.756000 inf
 2.900000 0.756000 inf
 3.000000 0.756000 inf
 3.100000 0.756000 inf
 3.200000 0.756000 inf
 3.300000 0.756000 inf
 3.400000 0.756000 inf
 3.500000 0.756000 inf
 3.600000 0.756000 inf
 3.700000 0.756000 inf
 3.800000 0.756000 inf
 3.900000 0.756000 inf
 4.000000 0.756000 inf
 4.100000 0.756000 inf
 4.200000 0.756000 inf
 4.300000 0.756000 inf
 4.400000 0.756000 inf
 4.500000 0.756000 inf
 4.600000 0.756000 inf
 4.700000 0.756000 inf
 4.800000 0.756000 inf
 4.900000 0.756000 inf
 5.000000 0.756000 inf

 0.000000 0.784000 inf
 0.100000 0.784000 27.008328
 0.200000 0.784000 23.050999
 0.300000 0.784000 20.811331
 0.400000 0.784000 22.845072
 0.500000 0.784000 27.667329
 0.600000 0.784000 28.336028
 0.700000 0.784000 23.699578
 0.800000 0.784000 27.541473
 0.900000 0.784000 34.918381
 1.000000 0.784000 40.044652
 1.100000 0.784000 41.917086
 1.200000 0.784000 42.666790
 1.300000 0.784000 41.595425
 1.400000 0.784000 inf
 1.500000 0.784000 inf
 1.600000 0.784000 inf
 1.700000 0.784000 inf
 1.800000 0.784000 inf
 1.900000 0.784000 inf
 2.000000 0.784000 inf
 2.100000 0.784000 inf
 2.200000 0.784000 inf
 2.300000 0.784000 inf
 2.400000 0.784000 inf
 2.500000 0.784000 inf
 2.600000 0.784000 inf
 2.700000 0.784000 inf
 2.800000 0.784000 inf
 2.900000 0.784000 inf
 3.000000 0.784000 inf
 3.100000 0.784000 inf
 3.200000 0.784000 inf
 3.300000 0.784000 inf
 3.400000 0.784000 inf
 3.500000 0.784000 inf
 3.600000 0.784000 inf
 3.700000 0.784000 inf
 3.800000 0.784000 inf
 3.900000 0.784000 inf
 4.000000 0.784000 inf
 4.100000 0.784000 inf
 4.200000 0.784000 inf
 4.300000 0.784000 inf
 4.400000 0.784000 inf
 4.500000 0.784000 inf
 4.600000 0.784000 inf
 4.700000 0.784000 inf
 4.800000 0.784000 inf
 4.900000 0.784000 inf
 5.000000 0.784000 inf

 0.000000 0.812000 inf
 0.100000 0.812000 30.362383
 0.200000 0.812000 26.862713
 0.300000 0.812000 22.843077
 0.400000 0.812000 24.798180
 0.500000 0.812000 29.598540
 0.600000 0.812000 23.873328
 0.700000 0.812000 23.636310
 0.800000 0.812000 27.222208
 0.900000 0.812000 37.927213
 1.000000 0.812000 40.924584
 1.100000 0.812000 38.273633
 1.200000 0.812000 40.287271
 1.300000 0.812000 43.796244
 1.400000 0.812000 inf
 1.500000 0.812000 inf
 1.600000 0.812000 inf
 1.700000 0.812000 inf
 1.800000 0.812000 inf
 1.900000 0.812000 inf
 2.000000 0.812000 inf
 2.100000 0.812000 inf
 2.200000 0.812000 inf
 2.300000 0.812000 inf
 2.400000 0.812000 inf
 2.500000 0.812000 inf
 2.600000 0.812000 inf
 2.700000 0.812000 inf
 2.800000 0.812000 inf
 2.900000 0.812000 inf
 3.000000 0.812000 inf
 3.100000 0.812000 inf
 3.200000 0.812000 inf
 3.300000 0.812000 inf
 3.400000 0.812000 inf
 3.500000 0.812000 inf
 3.600000 0.812000 inf
 3.700000 0.812000 inf
 3.800000 0.812000 inf
 3.900000 0.812000 inf
 4.000000 0.812000 inf
 4.100000 0.812000 inf
 4.200000 0.812000 inf
 4.300000 0.812000 inf
 4.400000 0.812000 inf
 4.500000 0.812000 inf
 4.600000 0.812000 inf
 4.700000 0.812000 inf
 4.800000 0.812000 inf
 4.900000 0.812000 inf
 5.000000 0.812000 inf

 0.000000 0.840000 inf
 0.100000 0.840000 34.613874
 0.200000 0.840000 29.604764
 0.300000 0.840000 25.816416
 0.400000 0.840000 25.600053
 0.500000 0.840000 24.835364
 0.600000 0.840000 24.319460
 0.700000 0.840000 24.078436
 0.800000 0.840000 32.022615
 0.900000 0.840000 40.232456
 1.000000 0.840000 39.057848
 1.100000 0.840000 40.504532
 1.200000 0.840000 45.466411
 1.300000 0.840000 inf
 1.400000 0.840000 inf
 1.500000 0.840000 inf
 1.600000 0.840000 inf
 1.700000 0.840000 inf
 1.800000 0.840000 inf
 1.900000 0.840000 inf
 2.000000 0.840000 inf
 2.100000 0.840000 inf
 2.200000 0.840000 inf
 2.300000 0.840000 inf
 2.400000 0.840000 inf
 2.500000 0.840000 inf
 2.600000 0.840000 inf
 2.700000 0.840000 inf
 2.800000 0.840000 inf
 2.900000 0.840000 inf
 3.000000 0.840000 inf
 3.100000 0.840000 inf
 3.200000 0.840000 inf
 3.300000 0.840000 inf
 3.400000 0.840000 inf
 3.500000 0.840000 inf
 3.600000 0.840000 inf
 3.700000 0.840000 inf
 3.800000 0.840000 inf
 3.900000 0.840000 inf
 4.000000 0.840000 inf
 4.100000 0.840000 inf
 4.200000 0.840000 inf
 4.300000 0.840000 inf
 4.400000 0.840000 inf
 4.500000 0.840000 inf
 4.600000 0.840000 inf
 4.700000 0.840000 inf
 4.800000 0.840000 inf
 4.900000 0.840000 inf
 5.000000 0.840000 inf

 0.000000 0.868000 inf
 0.100000 0.868000 34.831561
 0.200000 0.868000 31.117364
 0.300000 0.868000 27.509095
 0.400000 0.868000 25.630425
 0.500000 0.868000 23.440083
 0.600000 0.868000 24.317623
 0.700000 0.868000 25.214817
 0.800000 0.868000 28.347483
 0.900000 0.868000 31.566831
 1.000000 0.868000 38.411885
 1.100000 0.868000 40.500444
 1.200000 0.868000 47.280058
 1.300000 0.868000 inf
 1.400000 0.868000 inf
 1.500000 0.868000 inf
 1.600000 0.868000 inf
 1.700000 0.868000 inf
 1.800000 0.868000 inf
 1.900000 0.868000 inf
 2.000000 0.868000 inf
 2.100000 0.868000 inf
 2.200000 0.868000 inf
 2.300000 0.868000 inf
 2.400000 0.868000 inf
 2.500000 0.868000 inf
 2.600000 0.868000 inf
 2.700000 0.868000 inf
 2.800000 0.868000 inf
 2.900000 0.868000 inf
 3.000000 0.868000 inf
 3.100000 0.868000 inf
 3.200000 0.868000 inf
 3.300000 0.868000 inf
 3.400000 0.868000 inf
 3.500000 0.868000 inf
 3.600000 0.868000 inf
 3.700000 0.868000 inf
 3.800000 0.868000 inf
 3.900000 0.868000 inf
 4.000000 0.868000 inf
 4.100000 0.868000 inf
 4.200000 0.868000 inf
 4.300000 0.868000 inf
 4.400000 0.868000 inf
 4.500000 0.868000 inf
 4.600000 0.868000 inf
 4.700000 0.868000 inf
 4.800000 0.868000 inf
 4.900000 0.868000 inf
 5.000000 0.868000 inf

 0.000000 0.896000 inf
 0.100000 0.896000 37.898002
 0.200000 0.896000 32.083742
 0.300000 0.896000 29.351757
 0.400000 0.896000 25.721182
 0.500000 0.896000 24.248131
 0.600000 0.896000 23.171375
 0.700000 0.896000 17.986641
 0.800000 0.896000 23.324599
 0.900000 0.896000 21.423527
 1.000000 0.896000 36.502515
 1.100000 0.896000 39.624611
 1.200000 0.896000 inf
 1.300000 0.896000 inf
 1.400000 0.896000 inf
 1.500000 0.896000 inf
 1.600000 0.896000 inf
 1.700000 0.896000 inf
 1.800000 0.896000 inf
 1.900000 0.896000 inf
 2.000000 0.896000 inf
 2.100000 0.896000 inf
 2.200000 0.896000 inf
 2.300000 0.896000 inf
 2.400000 0.896000 inf
 2.500000 0.896000 inf
 2.600000 0.896000 inf
 2.700000 0.896000 inf
 2.800000 0.896000 inf
 2.900000 0.896000 inf
 3.000000 0.896000 inf
 3.100000 0.896000 inf
 3.200000 0.896000 inf
 3.300000 0.896000 inf
 3.400000 0.896000 inf
 3.500000 0.896000 inf
 3.600000 0.896000 inf
 3.700000 0.896000 inf
 3.800000 0.896000 inf
 3.900000 0.896000 inf
 4.000000 0.896000 inf
 4.100000 0.896000 inf
 4.200000 0.896000 inf
 4.300000 0.896000 inf
 4.400000 0.896000 inf
 4.500000 0.896000 inf
 4.600000 0.896000 inf
 4.700000 0.896000 inf
 4.800000 0.896000 inf
 4.900000 0.896000 inf
 5.000000 0.896000 inf

 0.000000 0.924000 inf
 0.100000 0.924000 37.891872
 0.200000 0.924000 36.070242
 0.300000 0.924000 32.155898
 0.400000 0.924000 26.451019
 0.500000 0.924000 24.018814
 0.600000 0.924000 19.033537
 0.700000 0.924000 10.785608
 0.800000 0.924000 15.517742
 0.900000 0.924000 18.966014
 1.000000 0.924000 32.795266
 1.100000 0.924000 inf
 1.200000 0.924000 inf
 1.300000 0.924000 inf
 1.400000 0.924000 inf
 1.500000 0.924000 inf
 1.600000 0.924000 inf
 1.700000 0.924000 inf
 1.800000 0.924000 inf
 1.900000 0.924000 inf
 2.000000 0.924000 inf
 2.100000 0.924000 inf
 2.200000 0.924000 inf
 2.300000 0.924000 inf
 2.400000 0.924000 inf
 2.500000 0.924000 inf
 2.600000 0.924000 inf
 2.700000 0.924000 inf
 2.800000 0.924000 inf
 2.900000 0.924000 inf
 3.000000 0.924000 inf
 3.100000 0.924000 inf
 3.200000 0.924000 inf
 3.300000 0.924000 inf
 3.400000 0.924000 inf
 3.500000 0.924000 inf
 3.600000 0.924000 inf
 3.700000 0.924000 inf
 3.800000 0.924000 inf
 3.900000 0.924000 inf
 4.000000 0.924000 inf
 4.100000 0.924000 inf
 4.200000 0.924000 inf
 4.300000 0.924000 inf
 4.400000 0.924000 inf
 4.500000 0.924000 inf
 4.600000 0.924000 inf
 4.700000 0.924000 inf
 4.800000 0.924000 inf
 4.900000 0.924000 inf
 5.000000 0.924000 inf

 0.000000 0.952000 inf
 0.100000 0.952000 41.890067
 0.200000 0.952000 36.696417
 0.300000 0.952000 31.617725
 0.400000 0.952000 26.355574
 0.500000 0.952000 22.807883
 0.600000 0.952000 18.075659
 0.700000 0.952000 8.184843
 0.800000 0.952000 6.489052
 0.900000 0.952000 17.230980
 1.000000 0.952000 23.523319
 1.100000 0.952000 inf
 1.200000 0.952000 inf
 1.300000 0.952000 inf
 1.400000 0.952000 inf
 1.500000 0.952000 inf
 1.600000 0.952000 inf
 1.700000 0.952000 inf
 1.800000 0.952000 inf
 1.900000 0.952000 inf
 2.000000 0.952000 inf
 2.100000 0.952000 inf
 2.200000 0.952000 inf
 2.300000 0.952000 inf
 2.400000 0.952000 inf
 2.500000 0.952000 inf
 2.600000 0.952000 inf
 2.700000 0.952000 inf
 2.800000 0.952000 inf
 2.900000 0.952000 inf
 3.000000 0.952000 inf
 3.100000 0.952000 inf
 3.200000 0.952000 inf
 3.300000 0.952000 inf
 3.400000 0.952000 inf
 3.500000 0.952000 inf
 3.600000 0.952000 inf
 3.700000 0.952000 inf
 3.800000 0.952000 inf
 3.900000 0.952000 inf
 4.000000 0.952000 inf
 4.100000 0.952000 inf
 4.200000 0.952000 inf
 4.300000 0.952000 inf
 4.400000 0.952000 inf
 4.500000 0.952000 inf
 4.600000 0.952000 inf
 4.700000 0.952000 inf
 4.800000 0.952000 inf
 4.900000 0.952000 inf
 5.000000 0.952000 inf

 0.000000 0.980000 inf
 0.100000 0.980000 42.294270
 0.200000 0.980000 34.429774
 0.300000 0.980000 31.394852
 0.400000 0.980000 27.273661
 0.500000 0.980000 21.323739
 0.600000 0.980000 19.250335
 0.700000 0.980000 8.657735
 0.800000 0.980000 10.575390
 0.900000 0.980000 11.899227
 1.000000 0.980000 16.836280
 1.100000 0.980000 inf
 1.200000 0.980000 inf
 1.300000 0.980000 inf
 1.400000 0.980000 inf
 1.500000 0.980000 inf
 1.600000 0.980000 inf
 1.700000 0.980000 inf
 1.800000 0.980000 inf
 1.900000 0.980000 inf
 2.000000 0.980000 inf
 2.100000 0.980000 inf
 2.200000 0.980000 inf
 2.300000 0.980000 inf
 2.400000 0.980000 inf
 2.500000 0.980000 inf
 2.600000 0.980000 inf
 2.700000 0.980000 inf
 2.800000 0.980000 inf
 2.900000 0.980000 inf
 3.000000 0.980000 inf
 3.100000 0.980000 inf
 3.200000 0.980000 inf
 3.300000 0.980000 inf
 3.400000 0.980000 inf
 3.500000 0.980000 inf
 3.600000 0.980000 inf
 3.700000 0.980000 inf
 3.800000 0.980000 inf
 3.900000 0.980000 inf
 4.000000 0.980000 inf
 4.100000 0.980000 inf
 4.200000 0.980000 inf
 4.300000 0.980000 inf
 4.400000 0.980000 inf
 4.500000 0.980000 inf
 4.600000 0.980000 inf
 4.700000 0.980000 inf
 4.800000 0.980000 inf
 4.900000 0.980000 inf
 5.000000 0.980000 inf

 0.000000 1.008000 inf
 0.100000 1.008000 44.307689
 0.200000 1.008000 34.269710
 0.300000 1.008000 28.873267
 0.400000 1.008000 25.731427
 0.500000 1.008000 24.635742
 0.600000 1.008000 18.096098
 0.700000 1.008000 11.815783
 0.800000 1.008000 8.654835
 0.900000 1.008000 10.529263
 1.000000 1.008000 inf
 1.100000 1.008000 inf
 1.200000 1.008000 inf
 1.300000 1.008000 inf
 1.400000 1.008000 inf
 1.500000 1.008000 inf
 1.600000 1.008000 inf
 1.700000 1.008000 inf
 1.800000 1.008000 inf
 1.900000 1.008000 inf
 2.000000 1.008000 inf
 2.100000 1.008000 inf
 2.200000 1.008000 inf
 2.300000 1.008000 inf
 2.400000 1.008000 inf
 2.500000 1.008000 inf
 2.600000 1.008000 inf
 2.700000 1.008000 inf
 2.800000 1.008000 inf
 2.900000 1.008000 inf
 3.000000 1.008000 inf
 3.100000 1.008000 inf
 3.200000 1.008000 inf
 3.300000 1.008000 inf
 3.400000 1.008000 inf
 3.500000 1.008000 inf
 3.600000 1.008000 inf
 3.700000 1.008000 inf
 3.800000 1.008000 inf
 3.900000 1.008000 inf
 4.000000 1.008000 inf
 4.100000 1.008000 inf
 4.200000 1.008000 inf
 4.300000 1.008000 inf
 4.400000 1.008000 inf
 4.500000 1.008000 inf
 4.600000 1.008000 inf
 4.700000 1.008000 inf
 4.800000 1.008000 inf
 4.900000 1.008000 inf
 5.000000 1.008000 inf

 0.000000 1.036000 inf
 0.100000 1.036000 36.857068
 0.200000 1.036000 31.779255
 0.300000 1.036000 27.632508
 0.400000 1.036000 19.411162
 0.500000 1.036000 12.775803
 0.600000 1.036000 21.237171
 0.700000 1.036000 12.518132
 0.800000 1.036000 4.685646
 0.900000 1.036000 -3.055409
 1.000000 1.036000 inf
 1.100000 1.036000 inf
 1.200000 1.036000 inf
 1.300000 1.036000 inf
 1.400000 1.036000 inf
 1.500000 1.036000 inf
 1.600000 1.036000 inf
 1.700000 1.036000 inf
 1.800000 1.036000 inf
 1.900000 1.036000 inf
 2.000000 1.036000 inf
 2.100000 1.036000 inf
 2.200000 1.036000 inf
 2.300000 1.036000 inf
 2.400000 1.036000 inf
 2.500000 1.036000 inf
 2.600000 1.036000 inf
 2.700000 1.036000 inf
 2.800000 1.036000 inf
 2.900000 1.036000 inf
 3.000000 1.036000 inf
 3.100000 1.036000 inf
 3.200000 1.036000 inf
 3.300000 1.036000 inf
 3.400000 1.036000 inf
 3.500000 1.036000 inf
 3.600000 1.036000 inf
 3.700000 1.036000 inf
 3.800000 1.036000 inf
 3.900000 1.036000 inf
 4.000000 1.036000 inf
 4.100000 1.036000 inf
 4.200000 1.036000 inf
 4.300000 1.036000 inf
 4.400000 1.036000 inf
 4.500000 1.036000 inf
 4.600000 1.036000 inf
 4.700000 1.036000 inf
 4.800000 1.036000 inf
 4.900000 1.036000 inf
 5.000000 1.036000 inf

 0.000000 1.064000 inf
 0.100000 1.064000 38.938691
 0.200000 1.064000 37.632341
 0.300000 1.064000 25.498086
 0.400000 1.064000 18.727936
 0.500000 1.064000 16.188550
 0.600000 1.064000 14.435245
 0.700000 1.064000 10.900735
 0.800000 1.064000 8.004439
 0.900000 1.064000 inf
 1.000000 1.064000 inf
 1.100000 1.064000 inf
 1.200000 1.064000 inf
 1.300000 1.064000 inf
 1.400000 1.064000 inf
 1.500000 1.064000 inf
 1.600000 1.064000 inf
 1.700000 1.064000 inf
 1.800000 1.064000 inf
 1.900000 1.064000 inf
 2.000000 1.064000 inf
 2.100000 1.064000 inf
 2.200000 1.064000 inf
 2.300000 1.064000 inf
 2.400000 1.064000 inf
 2.500000 1.064000 inf
 2.600000 1.064000 inf
 2.700000 1.064000 inf
 2.800000 1.064000 inf
 2.900000 1.064000 inf
 3.000000 1.064000 inf
 3.100000 1.064000 inf
 3.200000 1.064000 inf
 3.300000 1.064000 inf
 3.400000 1.064000 inf
 3.500000 1.064000 inf
 3.600000 1.064000 inf
 3.700000 1.064000 inf
 3.800000 1.064000 inf
 3.900000 1.064000 inf
 4.000000 1.064000 inf
 4.100000 1.064000 inf
 4.200000 1.064000 inf
 4.300000 1.064000 inf
 4.400000 1.064000 inf
 4.500000 1.064000 inf
 4.600000 1.064000 inf
 4.700000 1.064000 inf
 4.800000 1.064000 inf
 4.900000 1.064000 inf
 5.000000 1.064000 inf

 0.000000 1.092000 inf
 0.100000 1.092000 34.785885
 0.200000 1.092000 34.179180
 0.300000 1.092000 31.855256
 0.400000 1.092000 16.649626
 0.500000 1.092000 14.321108
 0.600000 1.092000 9.781025
 0.700000 1.092000 8.659660
 0.800000 1.092000 21.779953
 0.900000 1.092000 inf
 1.000000 1.092000 inf
 1.100000 1.092000 inf
 1.200000 1.092000 inf
 1.300000 1.092000 inf
 1.400000 1.092000 inf
 1.500000 1.092000 inf
 1.600000 1.092000 inf
 1.700000 1.092000 inf
 1.800000 1.092000 inf
 1.900000 1.092000 inf
 2.000000 1.092000 inf
 2.100000 1.092000 inf
 2.200000 1.092000 inf
 2.300000 1.092000 inf
 2.400000 1.092000 inf
 2.500000 1.092000 inf
 2.600000 1.092000 inf
 2.700000 1.092000 inf
 2.800000 1.092000 inf
 2.900000 1.092000 inf
 3.000000 1.092000 inf
 3.100000 1.092000 inf
 3.200000 1.092000 inf
 3.300000 1.092000 inf
 3.400000 1.092000 inf
 3.500000 1.092000 inf
 3.600000 1.092000 inf
 3.700000 1.092000 inf
 3.800000 1.092000 inf
 3.900000 1.092000 inf
 4.000000 1.092000 inf
 4.100000 1.092000 inf
 4.200000 1.092000 inf
 4.300000 1.092000 inf
 4.400000 1.092000 inf
 4.500000 1.092000 inf
 4.600000 1.092000 inf
 4.700000 1.092000 inf
 4.800000 1.092000 inf
 4.900000 1.092000 inf
 5.000000 1.092000 inf

 0.000000 1.120000 inf
 0.100000 1.120000 36.423961
 0.200000 1.120000 39.681489
 0.300000 1.120000 25.634906
 0.400000 1.120000 18.981877
 0.500000 1.120000 11.856075
 0.600000 1.120000 10.566645
 0.700000 1.120000 10.529359
 0.800000 1.120000 inf
 0.900000 1.120000 inf
 1.000000 1.120000 inf
 1.100000 1.120000 inf
 1.200000 1.120000 inf
 1.300000 1.120000 inf
 1.400000 1.120000 inf
 1.500000 1.120000 inf
 1.600000 1.120000 inf
 1.700000 1.120000 inf
 1.800000 1.120000 inf
 1.900000 1.120000 inf
 2.000000 1.120000 inf
 2.100000 1.120000 inf
 2.200000 1.120000 inf
 2.300000 1.120000 inf
 2.400000 1.120000 inf
 2.500000 1.120000 inf
 2.600000 1.120000 inf
 2.700000 1.120000 inf
 2.800000 1.120000 inf
 2.900000 1.120000 inf
 3.000000 1.120000 inf
 3.100000 1.120000 inf
 3.200000 1.120000 inf
 3.300000 1.120000 inf
 3.400000 1.120000 inf
 3.500000 1.120000 inf
 3.600000 1.120000 inf
 3.700000 1.120000 inf
 3.800000 1.120000 inf
 3.900000 1.120000 inf
 4.000000 1.120000 inf
 4.100000 1.120000 inf
 4.200000 1.120000 inf
 4.300000 1.120000 inf
 4.400000 1.120000 inf
 4.500000 1.120000 inf
 4.600000 1.120000 inf
 4.700000 1.120000 inf
 4.800000 1.120000 inf
 4.900000 1.120000 inf
 5.000000 1.120000 inf

 0.000000 1.148000 inf
 0.100000 1.148000 39.676663
 0.200000 1.148000 37.680485
 0.300000 1.148000 27.120974
 0.400000 1.148000 16.857458
 0.500000 1.148000 16.143930
 0.600000 1.148000 16.010389
 0.700000 1.148000 inf
 0.800000 1.148000 inf
 0.900000 1.148000 inf
 1.000000 1.148000 inf
 1.100000 1.148000 inf
 1.200000 1.148000 inf
 1.300000 1.148000 inf
 1.400000 1.148000 inf
 1.500000 1.148000 inf
 1.600000 1.148000 inf
 1.700000 1.148000 inf
 1.800000 1.148000 inf
 1.900000 1.148000 inf
 2.000000 1.148000 inf
 2.100000 1.148000 inf
 2.200000 1.148000 inf
 2.300000 1.148000 inf
 2.400000 1.148000 inf
 2.500000 1.148000 inf
 2.600000 1.148000 inf
 2.700000 1.148000 inf
 2.800000 1.148000 inf
 2.900000 1.148000 inf
 3.000000 1.148000 inf
 3.100000 1.148000 inf
 3.200000 1.148000 inf
 3.300000 1.148000 inf
 3.400000 1.148000 inf
 3.500000 1.148000 inf
 3.600000 1.148000 inf
 3.700000 1.148000 inf
 3.800000 1.148000 inf
 3.900000 1.148000 inf
 4.000000 1.148000 inf
 4.100000 1.148000 inf
 4.200000 1.148000 inf
 4.300000 1.148000 inf
 4.400000 1.148000 inf
 4.500000 1.148000 inf
 4.600000 1.148000 inf
 4.700000 1.148000 inf
 4.800000 1.148000 inf
 4.900000 1.148000 inf
 5.000000 1.148000 inf

 0.000000 1.176000 inf
 0.100000 1.176000 39.464341
 0.200000 1.176000 40.876342
 0.300000 1.176000 29.229873
 0.400000 1.176000 19.463755
 0.500000 1.176000 16.212227
 0.600000 1.176000 21.895437
 0.700000 1.176000 inf
 0.800000 1.176000 inf
 0.900000 1.176000 inf
 1.000000 1.176000 inf
 1.100000 1.176000 inf
 1.200000 1.176000 inf
 1.300000 1.176000 inf
 1.400000 1.176000 inf
 1.500000 1.176000 inf
 1.600000 1.176000 inf
 1.700000 1.176000 inf
 1.800000 1.176000 inf
 1.900000 1.176000 inf
 2.000000 1.176000 inf
 2.100000 1.176000 inf
 2.200000 1.176000 inf
 2.300000 1.176000 inf
 2.400000 1.176000 inf
 2.500000 1.176000 inf
 2.600000 1.176000 inf
 2.700000 1.176000 inf
 2.800000 1.176000 inf
 2.900000 1.176000 inf
 3.000000 1.176000 inf
 3.100000 1.176000 inf
 3.200000 1.176000 inf
 3.300000 1.176000 inf
 3.400000 1.176000 inf
 3.500000 1.176000 inf
 3.600000 1.176000 inf
 3.700000 1.176000 inf
 3.800000 1.176000 inf
 3.900000 1.176000 inf
 4.000000 1.176000 inf
 4.100000 1.176000 inf
 4.200000 1.176000 inf
 4.300000 1.176000 inf
 4.400000 1.176000 inf
 4.500000 1.176000 inf
 4.600000 1.176000 inf
 4.700000 1.176000 inf
 4.800000 1.176000 inf
 4.900000 1.176000 inf
 5.000000 1.176000 inf

 0.000000 1.204000 inf
 0.100000 1.204000 38.619565
 0.200000 1.204000 35.454787
 0.300000 1.204000 31.571955
 0.400000 1.204000 22.479553
 0.500000 1.204000 23.286658
 0.600000 1.204000 inf
 0.700000 1.204000 inf
 0.800000 1.204000 inf
 0.900000 1.204000 inf
 1.000000 1.204000 inf
 1.100000 1.204000 inf
 1.200000 1.204000 inf
 1.300000 1.204000 inf
 1.400000 1.204000 inf
 1.500000 1.204000 inf
 1.600000 1.204000 inf
 1.700000 1.204000 inf
 1.800000 1.204000 inf
 1.900000 1.204000 inf
 2.000000 1.204000 inf
 2.100000 1.204000 inf
 2.200000 1.204000 inf
 2.300000 1.204000 inf
 2.400000 1.204000 inf
 2.500000 1.204000 inf
 2.600000 1.204000 inf
 2.700000 1.204000 inf
 2.800000 1.204000 inf
 2.900000 1.204000 inf
 3.000000 1.204000 inf
 3.100000 1.204000 inf
 3.200000 1.204000 inf
 3.300000 1.204000 inf
 3.400000 1.204000 inf
 3.500000 1.204000 inf
 3.600000 1.204000 inf
 3.700000 1.204000 inf
 3.800000 1.204000 inf
 3.900000 1.204000 inf
 4.000000 1.204000 inf
 4.100000 1.204000 inf
 4.200000 1.204000 inf
 4.300000 1.204000 inf
 4.400000 1.204000 inf
 4.500000 1.204000 inf
 4.600000 1.204000 inf
 4.700000 1.204000 inf
 4.800000 1.204000 inf
 4.900000 1.204000 inf
 5.000000 1.204000 inf

 0.000000 1.232000 inf
 0.100000 1.232000 39.879518
 0.200000 1.232000 38.908700
 0.300000 1.232000 31.759785
 0.400000 1.232000 22.322530
 0.500000 1.232000 inf
 0.600000 1.232000 inf
 0.700000 1.232000 inf
 0.800000 1.232000 inf
 0.900000 1.232000 inf
 1.000000 1.232000 inf
 1.100000 1.232000 inf
 1.200000 1.232000 inf
 1.300000 1.232000 inf
 1.400000 1.232000 inf
 1.500000 1.232000 inf
 1.600000 1.232000 inf
 1.700000 1.232000 inf
 1.800000 1.232000 inf
 1.900000 1.232000 inf
 2.000000 1.232000 inf
 2.100000 1.232000 inf
 2.200000 1.232000 inf
 2.300000 1.232000 inf
 2.400000 1.232000 inf
 2.500000 1.232000 inf
 2.600000 1.232000 inf
 2.700000 1.232000 inf
 2.800000 1.232000 inf
 2.900000 1.232000 inf
 3.000000 1.232000 inf
 3.100000 1.232000 inf
 3.200000 1.232000 inf
 3.300000 1.232000 inf
 3.400000 1.232000 inf
 3.500000 1.232000 inf
 3.600000 1.232000 inf
 3.700000 1.232000 inf
 3.800000 1.232000 inf
 3.900000 1.232000 inf
 4.000000 1.232000 inf
 4.100000 1.232000 inf
 4.200000 1.232000 inf
 4.300000 1.232000 inf
 4.400000 1.232000 inf
 4.500000 1.232000 inf
 4.600000 1.232000 inf
 4.700000 1.232000 inf
 4.800000 1.232000 inf
 4.900000 1.232000 inf
 5.000000 1.232000 inf

 0.000000 1.260000 inf
 0.100000 1.260000 40.273808
 0.200000 1.260000 37.817640
 0.300000 1.260000 32.984657
 0.400000 1.260000 31.115069
 0.500000 1.260000 inf
 0.600000 1.260000 inf
 0.700000 1.260000 inf
 0.800000 1.260000 inf
 0.900000 1.260000 inf
 1.000000 1.260000 inf
 1.100000 1.260000 inf
 1.200000 1.260000 inf
 1.300000 1.260000 inf
 1.400000 1.260000 inf
 1.500000 1.260000 inf
 1.600000 1.260000 inf
 1.700000 1.260000 inf
 1.800000 1.260000 inf
 1.900000 1.260000 inf
 2.000000 1.260000 inf
 2.100000 1.260000 inf
 2.200000 1.260000 inf
 2.300000 1.260000 inf
 2.400000 1.260000 inf
 2.500000 1.260000 inf
 2.600000 1.260000 inf
 2.700000 1.260000 inf
 2.800000 1.260000 inf
 2.900000 1.260000 inf
 3.000000 1.260000 inf
 3.100000 1.260000 inf
 3.200000 1.260000 inf
 3.300000 1.260000 inf
 3.400000 1.260000 inf
 3.500000 1.260000 inf
 3.600000 1.260000 inf
 3.700000 1.260000 inf
 3.800000 1.260000 inf
 3.900000 1.260000 inf
 4.000000 1.260000 inf
 4.100000 1.260000 inf
 4.200000 1.260000 inf
 4.300000 1.260000 inf
 4.400000 1.260000 inf
 4.500000 1.260000 inf
 4.600000 1.260000 inf
 4.700000 1.260000 inf
 4.800000 1.260000 inf
 4.900000 1.260000 inf
 5.000000 1.260000 inf

 0.000000 1.288000 inf
 0.100000 1.288000 38.599768
 0.200000 1.288000 37.078698
 0.300000 1.288000 35.199096
 0.400000 1.288000 inf
 0.500000 1.288000 inf
 0.600000 1.288000 inf
 0.700000 1.288000 inf
 0.800000 1.288000 inf
 0.900000 1.288000 inf
 1.000000 1.288000 inf
 1.100000 1.288000 inf
 1.200000 1.288000 inf
 1.300000 1.288000 inf
 1.400000 1.288000 inf
 1.500000 1.288000 inf
 1.600000 1.288000 inf
 1.700000 1.288000 inf
 1.800000 1.288000 inf
 1.900000 1.288000 inf
 2.000000 1.288000 inf
 2.100000 1.288000 inf
 2.200000 1.288000 inf
 2.300000 1.288000 inf
 2.400000 1.288000 inf
 2.500000 1.288000 inf
 2.600000 1.288000 inf
 2.700000 1.288000 inf
 2.800000 1.288000 inf
 2.900000 1.288000 inf
 3.000000 1.288000 inf
 3.100000 1.288000 inf
 3.200000 1.288000 inf
 3.300000 1.288000 inf
 3.400000 1.288000 inf
 3.500000 1.288000 inf
 3.600000 1.288000 inf
 3.700000 1.288000 inf
 3.800000 1.288000 inf
 3.900000 1.288000 inf
 4.000000 1.288000 inf
 4.100000 1.288000 inf
 4.200000 1.288000 inf
 4.300000 1.288000 inf
 4.400000 1.288000 inf
 4.500000 1.288000 inf
 4.600000 1.288000 inf
 4.700000 1.288000 inf
 4.800000 1.288000 inf
 4.900000 1.288000 inf
 5.000000 1.288000 inf

 0.000000 1.316000 inf
 0.100000 1.316000 38.576707
 0.200000 1.316000 37.370093
 0.300000 1.316000 39.517674
 0.400000 1.316000 inf
 0.500000 1.316000 inf
 0.600000 1.316000 inf
 0.700000 1.316000 inf
 0.800000 1.316000 inf
 0.900000 1.316000 inf
 1.000000 1.316000 inf
 1.100000 1.316000 inf
 1.200000 1.316000 inf
 1.300000 1.316000 inf
 1.400000 1.316000 inf
 1.500000 1.316000 inf
 1.600000 1.316000 inf
 1.700000 1.316000 inf
 1.800000 1.316000 inf
 1.900000 1.316000 inf
 2.000000 1.316000 inf
 2.100000 1.316000 inf
 2.200000 1.316000 inf
 2.300000 1.316000 inf
 2.400000 1.316000 inf
 2.500000 1.316000 inf
 2.600000 1.316000 inf
 2.700000 1.316000 inf
 2.800000 1.316000 inf
 2.900000 1.316000 inf
 3.000000 1.316000 inf
 3.100000 1.316000 inf
 3.200000 1.316000 inf
 3.300000 1.316000 inf
 3.400000 1.316000 inf
 3.500000 1.316000 inf
 3.600000 1.316000 inf
 3.700000 1.316000 inf
 3.800000 1.316000 inf
 3.900000 1.316000 inf
 4.000000 1.316000 inf
 4.100000 1.316000 inf
 4.200000 1.316000 inf
 4.300000 1.316000 inf
 4.400000 1.316000 inf
 4.500000 1.316000 inf
 4.600000 1.316000 inf
 4.700000 1.316000 inf
 4.800000 1.316000 inf
 4.900000 1.316000 inf
 5.000000 1.316000 inf

 0.000000 1.344000 inf
 0.100000 1.344000 38.016733
 0.200000 1.344000 38.545210
 0.300000 1.344000 inf
 0.400000 1.344000 inf
 0.500000 1.344000 inf
 0.600000 1.344000 inf
 0.700000 1.344000 inf
 0.800000 1.344000 inf
 0.900000 1.344000 inf
 1.000000 1.344000 inf
 1.100000 1.344000 inf
 1.200000 1.344000 inf
 1.300000 1.344000 inf
 1.400000 1.344000 inf
 1.500000 1.344000 inf
 1.600000 1.344000 inf
 1.700000 1.344000 inf
 1.800000 1.344000 inf
 1.900000 1.344000 inf
 2.000000 1.344000 inf
 2.100000 1.344000 inf
 2.200000 1.344000 inf
 2.300000 1.344000 inf
 2.400000 1.344000 inf
 2.500000 1.344000 inf
 2.600000 1.344000 inf
 2.700000 1.344000 inf
 2.800000 1.344000 inf
 2.900000 1.344000 inf
 3.000000 1.344000 inf
 3.100000 1.344000 inf
 3.200000 1.344000 inf
 3.300000 1.344000 inf
 3.400000 1.344000 inf
 3.500000 1.344000 inf
 3.600000 1.344000 inf
 3.700000 1.344000 inf
 3.800000 1.344000 inf
 3.900000 1.344000 inf
 4.000000 1.344000 inf
 4.100000 1.344000 inf
 4.200000 1.344000 inf
 4.300000 1.344000 inf
 4.400000 1.344000 inf
 4.500000 1.344000 inf
 4.600000 1.344000 inf
 4.700000 1.344000 inf
 4.800000 1.344000 inf
 4.900000 1.344000 inf
 5.000000 1.344000 inf

 0.000000 1.372000 inf
 0.100000 1.372000 38.315532
 0.200000 1.372000 36.077025
 0.300000 1.372000 inf
 0.400000 1.372000 inf
 0.500000 1.372000 inf
 0.600000 1.372000 inf
 0.700000 1.372000 inf
 0.800000 1.372000 inf
 0.900000 1.372000 inf
 1.000000 1.372000 inf
 1.100000 1.372000 inf
 1.200000 1.372000 inf
 1.300000 1.372000 inf
 1.400000 1.372000 inf
 1.500000 1.372000 inf
 1.600000 1.372000 inf
 1.700000 1.372000 inf
 1.800000 1.372000 inf
 1.900000 1.372000 inf
 2.000000 1.372000 inf
 2.100000 1.372000 inf
 2.200000 1.372000 inf
 2.300000 1.372000 inf
 2.400000 1.372000 inf
 2.500000 1.372000 inf
 2.600000 1.372000 inf
 2.700000 1.372000 inf
 2.800000 1.372000 inf
 2.900000 1.372000 inf
 3.000000 1.372000 inf
 3.100000 1.372000 inf
 3.200000 1.372000 inf
 3.300000 1.372000 inf
 3.400000 1.372000 inf
 3.500000 1.372000 inf
 3.600000 1.372000 inf
 3.700000 1.372000 inf
 3.800000 1.372000 inf
 3.900000 1.372000 inf
 4.000000 1.372000 inf
 4.100000 1.372000 inf
 4.200000 1.372000 inf
 4.300000 1.372000 inf
 4.400000 1.372000 inf
 4.500000 1.372000 inf
 4.600000 1.372000 inf
 4.700000 1.372000 inf
 4.800000 1.372000 inf
 4.900000 1.372000 inf
 5.000000 1.372000 inf

 0.000000 1.400000 inf
 0.100000 1.400000 51.922769
 0.200000 1.400000 inf
 0.300000 1.400000 inf
 0.400000 1.400000 inf
 0.500000 1.400000 inf
 0.600000 1.400000 inf
 0.700000 1.400000 inf
 0.800000 1.400000 inf
 0.900000 1.400000 inf
 1.000000 1.400000 inf
 1.100000 1.400000 inf
 1.200000 1.400000 inf
 1.300000 1.400000 inf
 1.400000 1.400000 inf
 1.500000 1.400000 inf
 1.600000 1.400000 inf
 1.700000 1.400000 inf
 1.800000 1.400000 inf
 1.900000 1.400000 inf
 2.000000 1.400000 inf
 2.100000 1.400000 inf
 2.200000 1.400000 inf
 2.300000 1.400000 inf
 2.400000 1.400000 inf
 2.500000 1.400000 inf
 2.600000 1.400000 inf
 2.700000 1.400000 inf
 2.800000 1.400000 inf
 2.900000 1.400000 inf
 3.000000 1.400000 inf
 3.100000 1.400000 inf
 3.200000 1.400000 inf
 3.300000 1.400000 inf
 3.400000 1.400000 inf
 3.500000 1.400000 inf
 3.600000 1.400000 inf
 3.700000 1.400000 inf
 3.800000 1.400000 inf
 3.900000 1.400000 inf
 4.000000 1.400000 inf
 4.100000 1.400000 inf
 4.200000 1.400000 inf
 4.300000 1.400000 inf
 4.400000 1.400000 inf
 4.500000 1.400000 inf
 4.600000 1.400000 inf
 4.700000 1.400000 inf
 4.800000 1.400000 inf
 4.900000 1.400000 inf
 5.000000 1.400000 inf
