#! FIELDS distance hh1
#! SET normalisation    6.0617300000000000e+05
#! SET min_distance 0
#! SET max_distance 6
#! SET nbins_distance  100
#! SET periodic_distance false
   0.0000000000000000e+00   1.5003707190917273e-01
   5.9999999999999998e-02   2.3654717920371522e+00
   1.2000000000000000e-01   1.2115839395431984e+00
   1.7999999999999999e-01   4.5879713879729833e-01
   2.3999999999999999e-01   1.8123156239732926e-02
   2.9999999999999999e-01   4.8524076558353016e-02
   3.5999999999999999e-01   1.3830543051797956e-01
   4.1999999999999998e-01   1.3673726439228370e-01
   4.7999999999999998e-01   7.8665982887484304e-02
   5.4000000000000004e-01   3.4626234890483665e-02
   5.9999999999999998e-01   1.0474454555767513e-02
   6.5999999999999992e-01   4.9242147151230715e-03
   7.1999999999999997e-01   3.2723859623902201e-03
   7.8000000000000003e-01   6.6090931759568835e-03
   8.3999999999999997e-01   8.9965603475695849e-03
   8.9999999999999991e-01   6.8245364928401719e-02
   9.5999999999999996e-01   1.7468245265915422e-01
   1.0200000000000000e+00   4.4884477309929754e-01
   1.0800000000000001e+00   1.8508835892169915e+00
   1.1399999999999999e+00   9.3681863072360816e-01
   1.2000000000000000e+00   2.9181767202301279e-01
   1.2600000000000000e+00   2.9463251842015106e-02
   1.3199999999999998e+00   4.7410147394485172e-03
   1.3799999999999999e+00   4.1928254058061829e-04
   1.4399999999999999e+00   9.9773068340711720e-05
   1.5000000000000000e+00   8.7525020817263711e-05
   1.5600000000000001e+00   4.9380417833466297e-05
   1.6199999999999999e+00   3.4322194993964634e-05
   1.6799999999999999e+00   7.4939374794193587e-05
   1.7400000000000000e+00   2.0158195280739789e-05
   1.7999999999999998e+00   1.3166876811595522e-05
   1.8599999999999999e+00   8.6023793846445952e-06
   1.9199999999999999e+00   1.8891429149234431e-05
   1.9800000000000000e+00   6.5529343030606916e-06
   2.0400000000000000e+00   8.8453414011206128e-06
   2.1000000000000001e+00   1.5713726628544066e-06
   2.1600000000000001e+00   2.5354851901899446e-06
   2.2199999999999998e+00   6.7316000709415592e-07
   2.2799999999999998e+00   3.6060096058327374e-07
   2.3399999999999999e+00   2.3962365834112749e-07
   2.3999999999999999e+00   1.1537460802437174e-07
   2.4600000000000000e+00   4.3244559942940675e-07
   2.5200000000000000e+00   1.6173765358826152e-07
   2.5800000000000001e+00   1.5204889830888037e-07
   2.6399999999999997e+00   2.0688226497047176e-07
   2.6999999999999997e+00   1.2948699685183389e-07
   2.7599999999999998e+00   6.7972976847350096e-07
   2.8199999999999998e+00   1.3919015986670469e-07
   2.8799999999999999e+00   1.3906487749461707e-07
   2.9399999999999999e+00   1.2860362668182367e-07
   3.0000000000000000e+00   1.9314599909679482e-07
   3.0600000000000001e+00   1.3052091679448932e-07
   3.1200000000000001e+00   1.4658450482136919e-07
   3.1799999999999997e+00   2.9204350798577618e-07
   3.2399999999999998e+00   2.0129532437968052e-07
   3.2999999999999998e+00   2.3149755166370358e-07
   3.3599999999999999e+00   2.1329916310100290e-07
   3.4199999999999999e+00   8.4418211582951257e+11
   3.4800000000000000e+00   1.3478656602281712e-07
   3.5400000000000000e+00   2.1457712647917825e-07
   3.5999999999999996e+00   5.9308784692583387e+01
   3.6599999999999997e+00   1.5183986719538470e-07
   3.7199999999999998e+00   4.6425150466621819e-07
   3.7799999999999998e+00   2.3451531123802279e-07
   3.8399999999999999e+00   1.8296987254388935e-07
   3.8999999999999999e+00   1.3753577320161038e-07
   3.9600000000000000e+00   1.7820754507177664e-07
   4.0199999999999996e+00   1.4008345933893377e-07
   4.0800000000000001e+00   1.1901695265233627e-08
   4.1399999999999997e+00   0.0000000000000000e+00
   4.2000000000000002e+00   0.0000000000000000e+00
   4.2599999999999998e+00   0.0000000000000000e+00
   4.3200000000000003e+00   0.0000000000000000e+00
   4.3799999999999999e+00   0.0000000000000000e+00
   4.4399999999999995e+00   0.0000000000000000e+00
   4.5000000000000000e+00   0.0000000000000000e+00
   4.5599999999999996e+00   0.0000000000000000e+00
   4.6200000000000001e+00   0.0000000000000000e+00
   4.6799999999999997e+00   0.0000000000000000e+00
   4.7400000000000002e+00   0.0000000000000000e+00
   4.7999999999999998e+00   0.0000000000000000e+00
   4.8599999999999994e+00   0.0000000000000000e+00
   4.9199999999999999e+00   0.0000000000000000e+00
   4.9799999999999995e+00   0.0000000000000000e+00
   5.0400000000000000e+00   0.0000000000000000e+00
   5.0999999999999996e+00   0.0000000000000000e+00
   5.1600000000000001e+00   0.0000000000000000e+00
   5.2199999999999998e+00   0.0000000000000000e+00
   5.2799999999999994e+00   0.0000000000000000e+00
   5.3399999999999999e+00   0.0000000000000000e+00
   5.3999999999999995e+00   0.0000000000000000e+00
   5.4600000000000000e+00   0.0000000000000000e+00
   5.5199999999999996e+00   0.0000000000000000e+00
   5.5800000000000001e+00   0.0000000000000000e+00
   5.6399999999999997e+00   0.0000000000000000e+00
   5.7000000000000002e+00   0.0000000000000000e+00
   5.7599999999999998e+00   0.0000000000000000e+00
   5.8199999999999994e+00   0.0000000000000000e+00
   5.8799999999999999e+00   0.0000000000000000e+00
   5.9399999999999995e+00   0.0000000000000000e+00
   6.0000000000000000e+00   0.0000000000000000e+00
