#! FIELDS Ox_rho file.free der_Ox_rho
#! SET min_Ox_rho -0.0245537
#! SET max_Ox_rho 4.10875
#! SET nbins_Ox_rho  1672
#! SET periodic_Ox_rho false
   -0.024553700  232.673803348   -0.000000000
   -0.022080149  232.573202085 -121.242473401
   -0.019606598  231.935413307 -433.902348845
   -0.017133047  230.128909501 -1109.851898895
   -0.014659496  225.895900709 -2446.773664142
   -0.012185945  217.268202640 -4690.654184829
   -0.009712394  201.960298236 -7804.918211108
   -0.007238843  178.389473990 -11224.495207074
   -0.004765292  147.091156718 -13840.858242212
   -0.002291741  111.554157976 -14489.546222691
    0.000181810   77.488692093 -12659.195786819
    0.002655361   50.461146950 -8997.538159276
    0.005128912   33.244866987 -5005.329495947
    0.007602463   24.759193504 -2122.784826305
    0.010076014   21.346121985 -902.684334250
    0.012549565   19.280119864 -898.904483689
    0.015023116   16.612090515 -1248.067470943
    0.017496667   13.321103481 -1348.048657838
    0.019970218   10.244764555 -1099.345245581
    0.022443769    7.978543059 -733.352504224
    0.024917320    6.528989601 -463.707982783
    0.027390871    5.501535935 -395.795414446
    0.029864422    4.582311463 -346.727735737
    0.032337973    3.810960191 -272.752029822
    0.034811524    3.272505199 -154.101173781
    0.037285075    3.069286649   -4.448749288
    0.039758626    3.262286472  156.005510524
    0.042232177    3.833421904  305.438423490
    0.044705728    4.772960669  453.520770195
    0.047179279    6.058261539  586.758352466
    0.049652830    7.660316492  707.513604588
    0.052126381    9.536685106  807.382081702
    0.054599932   11.603252966  858.556997390
    0.057073483   13.747098104  863.624557134
    0.059547034   15.849067111  828.369726350
    0.062020585   17.814312220  753.117186298
    0.064494136   19.552500882  648.139900641
    0.066967687   20.990479565  511.152188232
    0.069441238   22.059756504  347.273547584
    0.071914789   22.717012529  187.964959767
    0.074388339   23.003639496   49.651624679
    0.076861890   22.981976309  -66.872746471
    0.079335441   22.691298640 -167.664967672
    0.081808992   22.165934411 -253.858367237
    0.084282543   21.464006380 -310.972965030
    0.086756094   20.644792702 -342.966045749
    0.089229645   19.796510327 -342.984957850
    0.091703196   18.968965291 -324.146774360
    0.094176747   18.204573545 -295.115561984
    0.096650298   17.505915639 -266.840406047
    0.099123849   16.876947329 -240.500781037
    0.101597400   16.304044345 -225.937433929
    0.104070951   15.738137641 -234.416529963
    0.106544502   15.137358072 -256.196771057
    0.109018053   14.483424550 -271.159105745
    0.111491604   13.798162473 -276.440190152
    0.113965155   13.142300610 -251.590897327
    0.116438706   12.560457201 -221.709360930
    0.118912257   12.021114973 -216.883289266
    0.121385808   11.468663007 -234.936092233
    0.123859359   10.837464936 -272.348984940
    0.126332910   10.123454752 -302.464473303
    0.128806461    9.377611210 -296.934800715
    0.131280012    8.690667424 -255.425641190
    0.133753563    8.112647468 -215.165908934
    0.136227114    7.605745070 -197.646785225
    0.138700665    7.106131363 -209.250886920
    0.141174216    6.571864216 -222.485112532
    0.143647767    6.033281952 -212.069436781
    0.146121318    5.541859742 -184.135207814
    0.148594869    5.117593391 -161.416709350
    0.151068420    4.723025105 -159.226373094
    0.153541971    4.313384856 -172.537776782
    0.156015522    3.865447388 -191.058042368
    0.158489073    3.376099641 -199.567445125
    0.160962624    2.879206164 -197.341712455
    0.163436175    2.408547361 -183.541475212
    0.165909726    1.970447078 -172.857269724
    0.168383277    1.561139569 -157.753305055
    0.170856828    1.187729162 -144.997350107
    0.173330379    0.844047689 -127.019374233
    0.175803930    0.541831641 -114.507807220
    0.178277481    0.282241867  -92.976132943
    0.180751032    0.094190727  -59.922585034
    0.183224583    0.000000000  -15.685353477
    0.185698134    0.011470287   22.332249365
    0.188171685    0.088123008   41.805967713
    0.190645236    0.203747751   52.643830341
    0.193118787    0.348283467   64.392577680
    0.195592338    0.524703959   77.604133802
    0.198065889    0.713389026   72.833779168
    0.200539440    0.869651422   51.079547458
    0.203012991    0.952888826   17.748500569
    0.205486542    0.968338881   -2.343335618
    0.207960093    0.967764784    7.620523649
    0.210433644    1.002597924   22.116891283
    0.212907195    1.077743878   37.069808562
    0.215380746    1.177713712   41.310780281
    0.217854297    1.284875809   44.909313655
    0.220327848    1.408324187   58.093307367
    0.222801399    1.576991381   81.923193396
    0.225274950    1.802574515  102.152794021
    0.227748501    2.078091849  121.524187983
    0.230222052    2.385601651  127.041401533
    0.232695603    2.706763219  131.601846956
    0.235169154    3.035111747  135.002088422
    0.237642705    3.370719200  140.683305888
    0.240116256    3.736095843  154.628712154
    0.242589807    4.130676199  166.140684310
    0.245063358    4.559746868  182.071874377
    0.247536909    5.026672993  196.439778062
    0.250010460    5.524760164  203.829657299
    0.252484011    6.016242589  188.907367325
    0.254957562    6.454997396  162.550586097
    0.257431113    6.815703344  127.954206719
    0.259904664    7.084128554   92.668954973
    0.262378215    7.299856533   84.870719311
    0.264851766    7.505398537   82.330156129
    0.267325317    7.706064617   79.556534290
    0.269798868    7.903751638   82.605933469
    0.272272418    8.107156981   86.995572912
    0.274745969    8.338993652  101.646482151
    0.277219520    8.614042831  119.239128713
    0.279693071    8.896944800  105.516459393
    0.282166622    9.112421573   68.435481518
    0.284640173    9.218870587   21.521560755
    0.287113724    9.227737174   -6.844798511
    0.289587275    9.214080261   -3.590815504
    0.292060826    9.218773157    9.573920807
    0.294534377    9.248553914   13.775062388
    0.297007928    9.269199725    1.525327971
    0.299481479    9.265084162   -2.430469335
    0.301955030    9.267922940    3.331504205
    0.304428581    9.304059984   24.357418201
    0.306902132    9.380541757   35.693688977
    0.309375683    9.460398443   29.088142418
    0.311849234    9.525930482   21.769418673
    0.314322785    9.554730719    7.699301583
    0.316796336    9.576007048   11.927397296
    0.319269887    9.621545868   24.688722459
    0.321743438    9.682383702   21.240809799
    0.324216989    9.708451159   -0.204066238
    0.326690540    9.697904424   -4.584265334
    0.329164091    9.701399527   14.484668138
    0.331637642    9.780155184   49.230166466
    0.334111193    9.923359889   60.125620730
    0.336584744   10.048815248   36.629536729
    0.339058295   10.083153596  -11.035536611
    0.341531846   10.001216648  -47.645188872
    0.344005397    9.869098233  -53.365334037
    0.346478948    9.769453762  -24.843177269
    0.348952499    9.743394462    1.517045173
    0.351426050    9.762792794   10.185930471
    0.353899601    9.776021482   -7.854301630
    0.356373152    9.745826406  -15.569656588
    0.358846703    9.700993593  -21.008382962
    0.361320254    9.642684927  -23.572921964
    0.363793805    9.575504160  -22.128676628
    0.366267356    9.542413896   -2.991190321
    0.368740907    9.560491632   18.024093074
    0.371214458    9.614932050   19.112404242
    0.373688009    9.647142457    6.502433971
    0.376161560    9.647077103   -4.663166975
    0.378635111    9.647016593    7.938131646
    0.381108662    9.696739988   31.460772634
    0.383582213    9.798304511   47.042064032
    0.386055764    9.914246838   42.380839597
    0.388529315    9.995422067   22.858236256
    0.391002866   10.042725945   20.422923996
    0.393476417   10.109750953   33.030691976
    0.395949968   10.210110368   44.011349305
    0.398423519   10.312899618   38.102755274
    0.400897070   10.401591045   34.419427382
    0.403370621   10.484061439   34.403079560
    0.405844172   10.594701388   56.777683317
    0.408317723   10.762601543   68.326817318
    0.410791274   10.918518001   51.269232397
    0.413264825   11.001412414   21.198513363
    0.415738376   11.032636442    8.486832221
    0.418211927   11.083412292   42.297147387
    0.420685478   11.249763086   94.670565625
    0.423159029   11.529762342  123.189242023
    0.425632580   11.828493165  114.113520791
    0.428106131   12.083739878   90.526351935
    0.430579682   12.289826789   80.630835742
    0.433053233   12.511448172  103.467046233
    0.435526784   12.810532923  140.818844211
    0.438000335   13.191511644  164.710926985
    0.440473886   13.595519721  158.965390728
    0.442947437   13.964357122  134.419444994
    0.445420988   14.274376458  117.936659984
    0.447894539   14.567665952  118.084727646
    0.450368090   14.864878488  123.491442535
    0.452841641   15.163854787  121.496264636
    0.455315192   15.467543382  124.511136606
    0.457788743   15.793593868  134.127841046
    0.460262294   16.132646772  132.999342305
    0.462735845   16.457759109  125.719798963
    0.465209396   16.740431270  102.923802676
    0.467682946   16.983590892   98.284252069
    0.470156497   17.239398892  111.335858499
    0.472630048   17.533753636  125.088081087
    0.475103599   17.862556753  139.005247913
    0.477577150   18.199593757  130.752900967
    0.480050701   18.500082241  114.408193626
    0.482524252   18.771613011  108.302044891
    0.484997803   19.050812198  119.114837947
    0.487471354   19.336533923  109.574718522
    0.489944905   19.585871690   90.720761293
    0.492418456   19.786089242   70.667670535
    0.494892007   19.955707508   67.400425714
    0.497365558   20.131166447   74.141710410
    0.499839109   20.328571360   83.476053607
    0.502312660   20.523519208   71.609102585
    0.504786211   20.669536604   43.960918832
    0.507259762   20.749198013   22.414193754
    0.509733313   20.791134755    8.961166780
    0.512206864   20.805825706    2.234023778
    0.514680415   20.813881072    1.738898564
    0.517153966   20.809369310   -4.042062731
    0.519627517   20.791283153   -9.901138254
    0.522101068   20.765465387  -11.371681645
    0.524574619   20.738632062   -9.958822940
    0.527048170   20.706848256  -18.463949267
    0.529521721   20.629242738  -44.875689959
    0.531995272   20.487179820  -70.199786272
    0.534468823   20.292513185  -85.660150129
    0.536942374   20.074331931  -85.554524001
    0.539415925   19.889068976  -67.060944636
    0.541889476   19.749077060  -50.743725014
    0.544363027   19.642167712  -37.454912426
    0.546836578   19.548451822  -42.438960961
    0.549310129   19.430433723  -53.876054426
    0.551783680   19.289213314  -60.051649571
    0.554257231   19.152482569  -45.112181003
    0.556730782   19.068810416  -22.074040107
    0.559204333   19.035601354   -6.870743344
    0.561677884   19.018889033   -6.731850433
    0.564151435   18.996888733  -14.447032452
    0.566624986   18.936782429  -31.757710246
    0.569098537   18.839957361  -42.160875992
    0.571572088   18.731353658  -43.914529021
    0.574045639   18.638963217  -32.521182575
    0.576519190   18.571633094  -25.060900184
    0.578992741   18.532563019   -5.176349883
    0.581466292   18.553499466   20.619564124
    0.583939843   18.625684497   37.562611047
    0.586413394   18.718982526   34.307812200
    0.588886945   18.775530925    4.776088434
    0.591360496   18.762175696  -17.826542248
    0.593834047   18.718700323  -14.503353606
    0.596307598   18.696964968   -3.202642181
    0.598781149   18.695340857    2.271224954
    0.601254700   18.701008350    3.014530050
    0.603728251   18.710851553    6.290949703
    0.606201802   18.745169528   22.278606076
    0.608675353   18.849159987   63.178578894
    0.611148904   19.033059633   86.265350133
    0.613622455   19.241663271   79.587520328
    0.616096006   19.392254340   42.157025621
    0.618569557   19.445514231    7.364948994
    0.621043108   19.454808065    8.377157490
    0.623516659   19.526422066   50.854745827
    0.625990210   19.710919478   97.271325979
    0.628463761   19.992691598  124.401807470
    0.630937312   20.284987862  108.229534968
    0.633410863   20.517204605   81.024873150
    0.635884414   20.705684364   75.977262980
    0.638357965   20.915181605   94.619855936
    0.640831516   21.189160236  123.886221804
    0.643305067   21.501066703  124.679468025
    0.645778618   21.785267996   99.855935206
    0.648252169   21.978146750   60.483270558
    0.650725720   22.101961143   46.574140364
    0.653199271   22.218391525   52.444116715
    0.655672822   22.379557406   76.321113401
    0.658146373   22.586691555   85.405251974
    0.660619924   22.767979793   59.190616025
    0.663093475   22.857585279   17.356616141
    0.665567025   22.859910098  -15.099951419
    0.668040576   22.811498170  -18.240331832
    0.670514127   22.789912029    3.714570638
    0.672987678   22.841016488   35.396448677
    0.675461229   22.935741623   38.230249604
    0.677934780   23.016429207   27.426557336
    0.680408331   23.052124085    6.622302360
    0.682881882   23.067447230    9.823307380
    0.685355433   23.125228171   39.384714150
    0.687828984   23.237905791   46.158784720
    0.690302535   23.319571399   16.158604658
    0.692776086   23.307963949  -23.297655069
    0.695249637   23.215911077  -43.105039784
    0.697723188   23.125095952  -23.792098735
    0.700196739   23.110010274    5.972160796
    0.702670290   23.122061048    1.008870610
    0.705143841   23.079722257  -35.841878762
    0.707617392   22.944915786  -65.445500600
    0.710090943   22.791356170  -49.801744222
    0.712564494   22.716128181   -7.526283348
    0.715038045   22.728173352    9.838013572
    0.717511596   22.733088168  -14.147650597
    0.719985147   22.655374348  -46.274936893
    0.722458698   22.518721162  -60.127367636
    0.724932249   22.386322006  -40.619739028
    0.727405800   22.321094510  -11.696732538
    0.729879351   22.292143362  -15.491347500
    0.732352902   22.221522125  -43.848625905
    0.734826453   22.073903460  -71.067078266
    0.737300004   21.884472200  -76.552114879
    0.739773555   21.718336815  -53.074498545
    0.742247106   21.626946846  -24.888645769
    0.744720657   21.557900334  -31.669495460
    0.747194208   21.464598310  -46.394618801
    0.749667759   21.338074265  -55.882256990
    0.752141310   21.207396396  -46.954036454
    0.754614861   21.106762062  -33.217664554
    0.757088412   21.034517654  -27.983059164
    0.759561963   20.962877888  -28.238933061
    0.762035514   20.893027174  -27.395205397
    0.764509065   20.838382253  -15.634061125
    0.766982616   20.812108566   -4.777853660
    0.769456167   20.812740877    4.236313010
    0.771929718   20.819331764   -3.791170189
    0.774403269   20.796893370  -15.792102329
    0.776876820   20.737380045  -28.024381249
    0.779350371   20.655217471  -29.417470500
    0.781823922   20.595714914  -16.914441146
    0.784297473   20.565537641   -8.582050874
    0.786771024   20.547164971   -8.621937092
    0.789244575   20.522571861   -8.480329705
    0.791718126   20.511184472   -1.364991223
    0.794191677   20.516049332   10.367553041
    0.796665228   20.558581158   16.457911365
    0.799138779   20.597294795   12.741485674
    0.801612330   20.606520024   -5.139821207
    0.804085881   20.577237806  -19.195554608
    0.806559432   20.517665272  -24.925608554
    0.809032983   20.446175124  -27.218118902
    0.811506534   20.369718418  -37.015657065
    0.813980085   20.262752003  -50.835980193
    0.816453636   20.116159397  -60.247517917
    0.818927187   19.979963704  -43.490970546
    0.821400738   19.917693922   -9.668438008
    0.823874289   19.936297210   21.899587764
    0.826347840   20.011925703   32.017133604
    0.828821391   20.088700634   31.401568595
    0.831294942   20.157464156   21.773117882
    0.833768493   20.201347901   13.414289489
    0.836242044   20.226356222    8.339489541
    0.838715595   20.255702952   17.482815318
    0.841189146   20.299091666   12.620341070
    0.843662697   20.327972340    9.166722144
    0.846136248   20.332309414   -4.926383964
    0.848609799   20.300689402  -16.047191094
    0.851083350   20.263225118  -10.970870416
    0.853556901   20.248471409    0.798743536
    0.856030452   20.266730691   13.611838828
    0.858504003   20.291979709    3.228158379
    0.860977554   20.272530118  -21.032321465
    0.863451104   20.194391635  -39.845885492
    0.865924655   20.092217027  -37.932586843
    0.868398206   20.046847886    2.261393709
    0.870871757   20.106375912   39.738941658
    0.873345308   20.219710571   46.852629970
    0.875818859   20.306028462   17.044704317
    0.878292410   20.297428303  -24.100613762
    0.880765961   20.190979505  -61.881289024
    0.883239512   20.002327155  -92.247272308
    0.885713063   19.753739898 -105.175295987
    0.888186614   19.500136597  -97.079966163
    0.890660165   19.280936017  -79.525919909
    0.893133716   19.131626514  -46.130602714
    0.895607267   19.047148773  -24.273399046
    0.898080818   18.972279252  -36.735959249
    0.900554369   18.846281700  -64.092287067
    0.903027920   18.673824330  -69.105652354
    0.905501471   18.530682554  -39.175275870
    0.907975022   18.484766628    2.088546579
    0.910448573   18.540295776   34.189406626
    0.912922124   18.611169131   20.071664600
    0.915395675   18.631978121   -4.409581834
    0.917869226   18.617540943   -3.765755579
    0.920342777   18.632077811   18.060560222
    0.922816328   18.714120721   47.359013943
    0.925289879   18.849075624   57.401756474
    0.927763430   18.979304694   44.814528523
    0.930236981   19.074878475   37.633631621
    0.932710532   19.179285634   53.953206702
    0.935184083   19.352474544   87.216189300
    0.937657634   19.612166758  119.010205811
    0.940131185   19.921278217  125.703388566
    0.942604736   20.213434638  105.519543593
    0.945078287   20.461744629   95.329159598
    0.947551838   20.686553155   92.073847777
    0.950025389   20.926089813  108.441775474
    0.952498940   21.216008660  123.830459326
    0.954972491   21.533666920  130.702061474
    0.957446042   21.830526079  110.938296029
    0.959919593   22.089711576   99.249956052
    0.962393144   22.332426635  104.879036306
    0.964866695   22.650578250  152.415725997
    0.967340246   23.093376851  203.375062211
    0.969813797   23.627115831  218.276343711
    0.972287348   24.137318421  184.072049864
    0.974760899   24.514793562  122.178798531
    0.977234450   24.768812365   88.310658994
    0.979708001   24.992002674   98.060583581
    0.982181552   25.278185616  137.718667729
    0.984655103   25.654625776  161.077152501
    0.987128654   26.062530088  166.057113453
    0.989602205   26.468192706  162.122558826
    0.992075756   26.847261077  150.796501433
    0.994549307   27.220705662  146.493777043
    0.997022858   27.552382846  123.245177495
    0.999496409   27.814545188   89.192197135
    1.001969960   27.991849616   57.484428427
    1.004443511   28.133723004   60.190693444
    1.006917062   28.281290804   61.770860172
    1.009390613   28.415335350   38.656683100
    1.011864164   28.450512652  -13.492774713
    1.014337715   28.362601859  -59.705429955
    1.016811266   28.188549311  -76.951988859
    1.019284817   28.008936463  -69.979101326
    1.021758368   27.835746798  -71.855258275
    1.024231919   27.624787393 -100.769606209
    1.026705470   27.329526242 -138.002990788
    1.029179021   26.953764059 -159.703188434
    1.031652572   26.572449157 -144.408379092
    1.034126123   26.249465464 -124.116604432
    1.036599674   25.948247544 -121.319170079
    1.039073225   25.618743944 -148.031360283
    1.041546776   25.215502932 -172.077802297
    1.044020327   24.789254989 -166.982635581
    1.046493878   24.407967565 -138.660803465
    1.048967429   24.087109831 -124.809887128
    1.051440980   23.773722275 -130.785607451
    1.053914531   23.447320762 -131.274316721
    1.056388082   23.126654743 -122.933452197
    1.058861632   22.849134083 -100.031463470
    1.061335183   22.623321878  -84.567106799
    1.063808734   22.403733272  -95.231823635
    1.066282285   22.144555475 -113.696098672
    1.068755836   21.847818708 -124.493124516
    1.071229387   21.531696693 -124.087222497
    1.073702938   21.234792060 -113.055915827
    1.076176489   20.970426415  -99.285573189
    1.078650040   20.749918841  -76.627219323
    1.081123591   20.597518979  -49.579645816
    1.083597142   20.513082924  -26.943155258
    1.086070693   20.456755743  -21.632086221
    1.088544244   20.392175664  -31.058486470
    1.091017795   20.321879764  -23.015778958
    1.093491346   20.284080385   -4.226751801
    1.095964897   20.312183052   22.629390798
    1.098438448   20.383383206   32.064059633
    1.100911999   20.444699323   18.742253155
    1.103385550   20.484887419   17.840589030
    1.105859101   20.529321609   22.032116347
    1.108332652   20.605239550   37.870591723
    1.110806203   20.691334155   28.414973704
    1.113279754   20.716449476   -6.077590104
    1.115753305   20.669072109  -26.326898556
    1.118226856   20.606479446  -16.047263207
    1.120700407   20.599359044   18.552055452
    1.123173958   20.683631224   46.105678266
    1.125647509   20.802775355   45.993706331
    1.128121060   20.904346574   37.600603608
    1.130594611   21.005478952   41.834742711
    1.133068162   21.128953479   55.792186683
    1.135541713   21.279304687   65.983734281
    1.138015264   21.444532928   63.534496920
    1.140488815   21.577730496   43.800058383
    1.142962366   21.650834067   19.802604933
    1.145435917   21.703129233   23.714210493
    1.147909468   21.770377247   22.760926962
    1.150383019   21.807988871    9.427041444
    1.152856570   21.799415805  -17.149076217
    1.155330121   21.727746385  -37.160598033
    1.157803672   21.642418044  -23.886268229
    1.160277223   21.640596523   23.967181490
    1.162750774   21.768372223   79.443998387
    1.165224325   22.024777293  122.742079144
    1.167697876   22.335647300  122.145246330
    1.170171427   22.611394868   95.630605652
    1.172644978   22.784127951   42.546809195
    1.175118529   22.840351131    4.224984110
    1.177592080   22.830423953   -5.886010300
    1.180065631   22.827964953    4.915999163
    1.182539182   22.853690516   16.412247044
    1.185012733   22.911217405   31.500683563
    1.187486284   23.001505586   40.708426146
    1.189959835   23.105955654   47.165983500
    1.192433386   23.244093985   66.233347556
    1.194906937   23.434799209   87.111401490
    1.197380488   23.651006592   79.086003049
    1.199854039   23.834123817   67.233121193
    1.202327590   23.961716227   34.227537049
    1.204801141   24.020876396   15.356993506
    1.207274692   24.062036354   20.949307720
    1.209748243   24.140065235   36.875136131
    1.212221794   24.224748429   31.634008311
    1.214695345   24.295101554   21.244490598
    1.217168896   24.325238686    9.300898529
    1.219642447   24.374186212   30.345002436
    1.222115998   24.497590916   68.234692499
    1.224589549   24.697887057   89.458967143
    1.227063100   24.911409417   78.831746996
    1.229536651   25.064224080   46.151407376
    1.232010202   25.142183152   22.491453094
    1.234483753   25.198887420   26.435519314
    1.236957304   25.268359619   26.100158505
    1.239430855   25.305822548    2.779098291
    1.241904406   25.274035895  -32.072907676
    1.244377957   25.155988623  -57.453446358
    1.246851508   25.018179490  -50.408970609
    1.249325059   24.941486965  -12.841831755
    1.251798610   24.945815834   14.057786608
    1.254272161   24.992729281   19.269829490
    1.256745711   25.020246488    1.432875560
    1.259219262   24.992315204  -24.708713151
    1.261692813   24.910768203  -36.455589477
    1.264166364   24.823727564  -37.867416737
    1.266639915   24.746207869  -22.554515029
    1.269113466   24.710834822   -6.038603388
    1.271587017   24.721958122   10.770043116
    1.274060568   24.755467026   14.166628582
    1.276534119   24.770380310   -5.280283656
    1.279007670   24.734454128  -23.230595025
    1.281481221   24.654720334  -38.305664305
    1.283954772   24.563410612  -32.094127106
    1.286428323   24.508045236  -13.631897811
    1.288901874   24.495087269    0.692628925
    1.291375425   24.510291467    9.178709178
    1.293848976   24.517345909   -4.226965211
    1.296322527   24.499456504  -11.043635032
    1.298796078   24.472036081  -13.050437469
    1.301269629   24.447199874   -5.598927827
    1.303743180   24.437900498   -0.924662211
    1.306216731   24.432698210    0.999056441
    1.308690282   24.431120714    1.767733043
    1.311163833   24.432218246   -3.445054318
    1.313637384   24.408994261  -18.032520098
    1.316110935   24.355265883  -27.441339471
    1.318584486   24.296377207  -15.522947667
    1.321058037   24.293934530   16.301226699
    1.323531588   24.352590999   29.484262022
    1.326005139   24.410085667   12.443098588
    1.328478690   24.399032928  -24.326779974
    1.330952241   24.287208854  -61.480232230
    1.333425792   24.136416950  -50.216734030
    1.335899343   24.078406134    3.229269260
    1.338372894   24.149807419   50.132489054
    1.340846445   24.300522076   63.416317638
    1.343319996   24.404118209   17.572443579
    1.345793547   24.391205930  -27.500361690
    1.348267098   24.289998788  -48.086169784
    1.350740649   24.196840626  -26.202680157
    1.353214200   24.166456440   -0.175070775
    1.355687751   24.158825873   -6.725350047
    1.358161302   24.111649834  -32.490380474
    1.360634853   23.999908961  -55.228175765
    1.363108404   23.878032181  -39.344664692
    1.365581955   23.829878618    1.641811097
    1.368055506   23.884845245   42.538964286
    1.370529057   24.001473898   50.391056076
    1.373002608   24.108138580   33.823448431
    1.375476159   24.158969201    9.011682607
    1.377949710   24.185801221   12.699229758
    1.380423261   24.223172401   21.580938794
    1.382896812   24.300118647   35.764835629
    1.385370363   24.384017778   22.427186772
    1.387843914   24.380371322  -23.681140880
    1.390317465   24.266420667  -63.888635207
    1.392791016   24.079620451  -77.809336834
    1.395264567   23.908508676  -57.076535609
    1.397738118   23.821933815  -13.579671006
    1.400211669   23.830217348   13.823421262
    1.402685220   23.870950731   13.253677381
    1.405158771   23.872420826  -13.994564696
    1.407632322   23.806944652  -34.360066794
    1.410105873   23.723225262  -28.565252505
    1.412579424   23.701995542   11.037662225
    1.415052975   23.783620919   52.392902836
    1.417526526   23.940860480   72.417994324
    1.420000077   24.099947498   54.640175360
    1.422473628   24.195785355   19.248220088
    1.424947179   24.192224126  -17.780602270
    1.427420730   24.133560741  -31.643424880
    1.429894281   24.051152552  -28.173045440
    1.432367832   24.011166784   -8.463606205
    1.434841383   24.006882427   -1.174774818
    1.437314934   23.993733191   -6.498990936
    1.439788485   23.963513944  -14.531353900
    1.442262036   23.920198428  -17.247216447
    1.444735587   23.903514748    3.665155107
    1.447209138   23.943622796   23.897702256
    1.449682689   24.002917375   23.466749138
    1.452156239   24.047975714   12.247034163
    1.454629790   24.053578398   -6.624111867
    1.457103341   24.029622102  -10.726259262
    1.459576892   24.014014552    1.465592771
    1.462050443   24.059723364   31.514120500
    1.464523994   24.161727147   44.603756164
    1.466997545   24.266227069   36.653351370
    1.469471096   24.321694812    9.501676933
    1.471944647   24.324521487   -2.454297932
    1.474418198   24.322414947   10.306858033
    1.476891749   24.381783723   40.637716312
    1.479365300   24.519174154   64.993423930
    1.481838851   24.676604067   54.143317271
    1.484312402   24.766826332   17.175049748
    1.486785953   24.771330298   -9.636730861
    1.489259504   24.750620806    2.894798304
    1.491733055   24.806814285   45.535287739
    1.494206606   24.978942122   83.058677126
    1.496680157   25.174700388   66.747064995
    1.499153708   25.292466277   26.661136864
    1.501627259   25.323905289    3.445408974
    1.504100810   25.334102290   14.279489770
    1.506574361   25.408616390   44.018167024
    1.509047912   25.546833282   61.240124967
    1.511521463   25.701706669   57.833700311
    1.513995014   25.823724009   44.444455670
    1.516468565   25.948762724   61.655619386
    1.518942116   26.141319027   92.447326919
    1.521415667   26.395954507  110.919449241
    1.523889218   26.648556637   91.018624153
    1.526362769   26.836523189   60.000999395
    1.528836320   26.955017966   38.157366400
    1.531309871   27.049130135   46.903270655
    1.533783422   27.195828622   73.984398054
    1.536256973   27.414225199  100.240440923
    1.538730524   27.681730963  114.201605885
    1.541204075   27.972742492  118.758156742
    1.543677626   28.273992321  120.713095476
    1.546151177   28.555513737  112.352741542
    1.548624728   28.826288461  100.043600416
    1.551098279   29.052045930   82.063850595
    1.553571830   29.231233064   69.059767280
    1.556045381   29.408234001   76.981302241
    1.558518932   29.635068551  107.371557512
    1.560992483   29.947434790  143.565595778
    1.563466034   30.334662770  165.598146053
    1.565939585   30.759962969  175.972872818
    1.568413136   31.193936225  170.810628741
    1.570886687   31.615040312  171.784517592
    1.573360238   32.039304412  172.245010096
    1.575833789   32.484357473  182.463180843
    1.578307340   32.938114382  178.320932299
    1.580780891   33.360894573  164.780024696
    1.583254442   33.741006261  144.405005127
    1.585727993   34.087919091  139.747737018
    1.588201544   34.450083574  156.355997406
    1.590675095   34.894219357  202.024388197
    1.593148646   35.441126624  230.745420054
    1.595622197   36.017344363  233.861854273
    1.598095748   36.571939764  208.496901558
    1.600569299   37.062648065  188.139750001
    1.603042850   37.516862852  183.009224961
    1.605516401   37.992698744  202.959752593
    1.607989952   38.513144467  215.761329660
    1.610463503   39.057019864  221.695095821
    1.612937054   39.609579575  219.323650782
    1.615410605   40.159006539  227.368260664
    1.617884156   40.725827407  231.504486100
    1.620357707   41.320559808  249.147128732
    1.622831258   41.954556100  257.975930785
    1.625304809   42.593183921  252.408420477
    1.627778360   43.187730888  224.222421570
    1.630251911   43.719656059  206.872979919
    1.632725462   44.229206141  207.381107025
    1.635199013   44.747067461  210.837424170
    1.637672564   45.267987044  211.030935757
    1.640146115   45.774395924  197.133696129
    1.642619666   46.247497614  187.079092841
    1.645093217   46.721392847  198.763881932
    1.647566768   47.235062407  216.029639283
    1.650040318   47.785358148  219.992969465
    1.652513869   48.318780752  208.748480194
    1.654987420   48.814175059  191.962506027
    1.657460971   49.283259988  194.548855960
    1.659934522   49.804057274  230.378026306
    1.662408073   50.430484173  269.558779232
    1.664881624   51.121437988  285.272810783
    1.667355175   51.805419601  265.137323310
    1.669828726   52.428330251  240.558468154
    1.672302277   53.018457263  240.184156440
    1.674775828   53.666291277  286.530168770
    1.677249379   54.436101962  334.766596075
    1.679722930   55.293063240  349.835633453
    1.682196481   56.158304197  343.251650252
    1.684670032   56.964003857  305.258553573
    1.687143583   57.670794416  268.048773193
    1.689617134   58.304700557  251.695351988
    1.692090685   58.952320258  277.765660219
    1.694564236   59.703082614  334.003125311
    1.697037787   60.604760403  394.004869452
    1.699511338   61.616429498  410.779759148
    1.701984889   62.613289780  388.070282517
    1.704458440   63.508579854  336.709551751
    1.706931991   64.291127759  298.114775008
    1.709405542   65.002460133  278.396346921
    1.711879093   65.689974821  277.572880607
    1.714352644   66.388286873  284.852197450
    1.716826195   67.074553296  271.340063191
    1.719299746   67.737003271  264.652035209
    1.721773297   68.412402553  285.640394553
    1.724246848   69.174214694  335.734545647
    1.726720399   70.090407962  404.136697747
    1.729193950   71.159187499  460.467225453
    1.731667501   72.363586966  507.603668281
    1.734141052   73.625627893  505.449776699
    1.736614603   74.815117213  448.491512897
    1.739088154   75.828615347  369.089585392
    1.741561705   76.652644006  300.823330958
    1.744035256   77.352015332  272.888521526
    1.746508807   78.026415160  278.820778019
    1.748982358   78.718302297  272.004658632
    1.751455909   79.349453254  230.134311010
    1.753929460   79.821729645  147.244589734
    1.756403011   80.073640124   58.687246307
    1.758876562   80.161539074   21.726220572
    1.761350113   80.247716177   58.113371507
    1.763823664   80.463987823  114.259041992
    1.766297215   80.783671609  136.770103907
    1.768770766   81.097869937  105.732336021
    1.771244317   81.295820957   53.425186167
    1.773717868   81.378597243   17.938662538
    1.776191419   81.392747376   -3.429248234
    1.778664970   81.360369854  -18.412770034
    1.781138521   81.300496751  -30.667408147
    1.783612072   81.209844172  -39.336899703
    1.786085623   81.118528442  -28.646129028
    1.788559174   81.085439515    4.742207677
    1.791032725   81.139144080   35.819429805
    1.793506276   81.251055947   47.442984120
    1.795979827   81.355503023   31.282230677
    1.798453378   81.400221761    4.665904937
    1.800926929   81.385157676  -17.291745217
    1.803400480   81.344270648  -17.919105054
    1.805874031   81.298960614  -19.801255838
    1.808347582   81.245970958  -21.470132234
    1.810821133   81.200030160  -17.653626052
    1.813294684   81.160364491  -11.971642495
    1.815768235   81.153926621    4.745425153
    1.818241786   81.185200656   16.572761593
    1.820715337   81.222368794   10.551980858
    1.823188888   81.203320683  -29.480149938
    1.825662439   81.084524192  -63.050831958
    1.828135990   80.917028890  -62.626542346
    1.830609541   80.800785487  -25.159885853
    1.833083092   80.803662008   25.743917167
    1.835556643   80.894939557   38.286307176
    1.838030194   80.944293344   -1.058999707
    1.840503745   80.866350431  -57.186604444
    1.842977296   80.687026989  -82.943237968
    1.845450846   80.502726563  -62.088948714
    1.847924397   80.415394687  -10.706383837
    1.850397948   80.427170805   14.963452357
    1.852871499   80.477249278   20.641943721
    1.855345050   80.518325775    9.764257229
    1.857818601   80.542060617    9.759897345
    1.860292152   80.552661339   -6.933668018
    1.862765703   80.493947887  -41.732155760
    1.865239254   80.335224436  -86.003512359
    1.867712805   80.101545883  -95.715322633
    1.870186356   79.889171122  -62.012107641
    1.872659907   79.819277588    8.025058732
    1.875133458   79.930551017   72.447247747
    1.877607009   80.134018334   83.280205335
    1.880080560   80.292253552   40.997424031
    1.882554111   80.320814909  -16.276623093
    1.885027662   80.226325665  -51.742029382
    1.887501213   80.109190381  -37.128346104
    1.889974764   80.059408709    3.036719542
    1.892448315   80.127751691   47.840482187
    1.894921866   80.269382313   57.531050467
    1.897395417   80.384357624   31.320452452
    1.899868968   80.421709033    0.947390686
    1.902342519   80.408675637   -2.387052077
    1.904816070   80.436344946   21.943595102
    1.907289621   80.533769333   50.840562545
    1.909763172   80.647485895   30.248450891
    1.912236723   80.648749416  -32.924320079
    1.914710274   80.486024268  -93.331765084
    1.917183825   80.231328030 -103.929972953
    1.919657376   80.008528628  -66.425442455
    1.922130927   79.927221955    2.709075616
    1.924604478   80.003701179   55.769009914
    1.927078029   80.178089210   77.050015024
    1.929551580   80.357526071   64.923829562
    1.932025131   80.486330108   36.435437673
    1.934498682   80.542851916    7.959364688
    1.936972233   80.518763724  -29.090739825
    1.939445784   80.404546973  -58.798529251
    1.941919335   80.237106830  -73.158284459
    1.944392886   80.080965443  -47.433931277
    1.946866437   80.017325920   -2.089629414
    1.949339988   80.065656237   34.147131959
    1.951813539   80.166798199   45.420495951
    1.954287090   80.262283550   28.059456019
    1.956760641   80.322612115   22.356916565
    1.959234192   80.379466556   24.653659154
    1.961707743   80.455912538   39.632485728
    1.964181294   80.576956181   56.690649142
    1.966654845   80.720550288   60.227205882
    1.969128396   80.859429042   48.730126702
    1.971601947   80.973382874   43.098810574
    1.974075498   81.048244913   23.163536847
    1.976549049   81.077968711   -3.477347355
    1.979022600   81.038125724  -30.983912374
    1.981496151   80.930163931  -54.519092689
    1.983969702   80.781891678  -64.302262981
    1.986443253   80.639318799  -47.334964820
    1.988916804   80.559108876  -13.992926505
    1.991390355   80.564583094   17.600606452
    1.993863906   80.643164778   43.473880121
    1.996337457   80.740821684   28.197582985
    1.998811008   80.782308999    4.524033968
    2.001284559   80.776676884   -6.923350098
    2.003758110   80.744797357  -13.500319766
    2.006231661   80.721771441   -8.162078151
    2.008705212   80.689066153  -20.367074025
    2.011178763   80.596623090  -57.595540367
    2.013652314   80.407597623  -94.390376058
    2.016125865   80.151274763 -103.135185205
    2.018599416   79.926689840  -73.016607135
    2.021072967   79.810828072  -20.073891054
    2.023546518   79.825013039   27.296756114
    2.026020069   79.923571565   48.162332652
    2.028493620   80.044346117   45.548098369
    2.030967171   80.133637037   27.599557756
    2.033440722   80.168293298   -1.743283971
    2.035914273   80.134571941  -25.892900852
    2.038387824   80.042854376  -43.789108729
    2.040861375   79.921360837  -50.817625772
    2.043334925   79.825792006  -24.511670224
    2.045808476   79.779807457  -15.634291049
    2.048282027   79.754326854   -9.993528102
    2.050755578   79.702051608  -32.101874658
    2.053229129   79.572821391  -62.509204871
    2.055702680   79.417818194  -59.118966277
    2.058176231   79.318322586  -17.642762557
    2.060649782   79.326667172   19.360203863
    2.063123333   79.392695466   26.759077150
    2.065596884   79.433024491   -1.337563812
    2.068070435   79.359911365  -56.685121527
    2.070543986   79.166351522  -93.944505358
    2.073017537   78.942021613  -83.119489364
    2.075491088   78.805254747  -21.168559024
    2.077964639   78.841435931   53.021742378
    2.080438190   79.042163149   97.546295039
    2.082911741   79.278767698   85.840580500
    2.085385292   79.427532887   29.302509720
    2.087858843   79.402486357  -43.072561926
    2.090332394   79.232043836  -83.189849340
    2.092805945   79.040544972  -66.211513445
    2.095279496   78.913815869  -31.212242623
    2.097753047   78.893410957    7.702491378
    2.100226598   78.930800741   19.470309698
    2.102700149   78.963247522    6.968822200
    2.105173700   78.966078476   -1.788336734
    2.107647251   78.974538936   10.007881940
    2.110120802   79.001227604   11.032231797
    2.112594353   79.038597150   21.750122501
    2.115067904   79.077243547    5.014665266
    2.117541455   79.047117175  -33.442893199
    2.120015006   78.893807251  -92.726840463
    2.122488557   78.612991414 -135.247957254
    2.124962108   78.272854713 -132.404842242
    2.127435659   78.007290400  -68.808531760
    2.129909210   77.960125909   26.271669133
    2.132382761   78.131824828  103.782422858
    2.134856312   78.391304696   91.086292060
    2.137329863   78.519597693    7.699596171
    2.139803414   78.440196152  -62.550878256
    2.142276965   78.273667316  -58.339544473
    2.144750516   78.226984849   29.576449906
    2.147224067   78.434831141  129.397579337
    2.149697618   78.807266897  153.197936238
    2.152171169   79.118935922   83.010106476
    2.154644720   79.199833763  -19.218664352
    2.157118271   79.052196191  -92.734657883
    2.159591822   78.782917425 -110.431753662
    2.162065373   78.542039112  -78.107244791
    2.164538924   78.375508035  -50.311071677
    2.167012475   78.291898657  -13.822717951
    2.169486026   78.315955592   35.395170681
    2.171959577   78.460340938   73.168704424
    2.174433128   78.650509004   72.571943397
    2.176906679   78.788237205   36.021619598
    2.179380230   78.812926516  -17.028226698
    2.181853781   78.720755300  -52.047358080
    2.184327332   78.585686697  -51.809047180
    2.186800883   78.473561474  -38.817207849
    2.189274434   78.392433234  -30.819443632
    2.191747985   78.305266950  -41.641896354
    2.194221536   78.210697798  -31.201140761
    2.196695087   78.173940365    3.852185657
    2.199168638   78.237332071   41.825901887
    2.201642189   78.356871650   48.058819864
    2.204115740   78.463460751   31.485438760
    2.206589291   78.512259468    4.956756319
    2.209062842   78.519935168    4.084676924
    2.211536393   78.517311730   -3.138331971
    2.214009944   78.474714877  -26.262366400
    2.216483495   78.363704216  -60.900309614
    2.218957046   78.178415673  -84.591840037
    2.221430597   77.976073465  -73.515099068
    2.223904148   77.847701716  -31.104856795
    2.226377699   77.829762700   11.670506881
    2.228851250   77.864443948   11.691826722
    2.231324801   77.870290197   -9.149523685
    2.233798352   77.825505722  -26.244302993
    2.236271903   77.757433991  -24.967478764
    2.238745454   77.715043871   -6.259146459
    2.241219004   77.723415754    9.842184687
    2.243692555   77.761603096   18.140771984
    2.246166106   77.800703140   13.043509369
    2.248639657   77.824240906    4.154115991
    2.251113208   77.817602302   -5.042631138
    2.253586759   77.809337261    0.846883998
    2.256060310   77.831571528   17.196680022
    2.258533861   77.928486204   61.257808001
    2.261007412   78.137159652  108.774234715
    2.263480963   78.444735817  133.937510236
    2.265954514   78.745143162  101.924889011
    2.268428065   78.901361306   18.107024477
    2.270901616   78.804294905  -95.023143932
    2.273375167   78.455373466 -183.882981452
    2.275848718   77.980083485 -189.282859660
    2.278322269   77.576182681 -124.099580159
    2.280795820   77.397292565  -23.563738912
    2.283269371   77.445321819   49.438121994
    2.285742922   77.588433772   55.225404759
    2.288216473   77.699477653   31.967579712
    2.290690024   77.751525444   13.331065722
    2.293163575   77.816123683   45.231658163
    2.295637126   78.006037691  109.833929129
    2.298110677   78.316386397  132.425826614
    2.300584228   78.622045784  105.841142653
    2.303057779   78.805348357   39.190735003
    2.305531330   78.805623218  -36.481846357
    2.308004881   78.648763822  -86.061479294
    2.310478432   78.403802791 -111.629619340
    2.312951983   78.114659594 -119.248097327
    2.315425534   77.832841929 -104.757320262
    2.317899085   77.612127746  -72.611493222
    2.320372636   77.474152353  -31.402712362
    2.322846187   77.444197255    3.943039826
    2.325319738   77.476679458   18.596765817
    2.327793289   77.520957829   14.932274527
    2.330266840   77.546414995    5.086819929
    2.332740391   77.553889047    4.218480728
    2.335213942   77.578271923   22.155192956
    2.337687493   77.680717220   59.267252290
    2.340161044   77.872054459   93.868519984
    2.342634595   78.131522293  108.758520811
    2.345108146   78.383476802   85.182347512
    2.347581697   78.520657754   22.386662211
    2.350055248   78.508203644  -35.672719371
    2.352528799   78.368274453  -71.324668241
    2.355002350   78.192782491  -62.034533604
    2.357475901   78.082135779  -22.164879327
    2.359949452   78.089657683   23.983538477
    2.362423003   78.184064000   47.435118462
    2.364896554   78.294488967   35.861698324
    2.367370105   78.345480658    3.798214227
    2.369843656   78.324667063  -15.133857759
    2.372317207   78.263607152  -31.341697512
    2.374790758   78.167862936  -37.701214722
    2.377264309   78.070298349  -36.287444262
    2.379737860   78.012491757   -9.753503116
    2.382211411   78.031735275   28.828511446
    2.384684962   78.133756672   52.223683184
    2.387158513   78.274494164   56.408512224
    2.389632064   78.393283515   34.881688014
    2.392105615   78.429896920   -2.335259239
    2.394579166   78.409490321  -11.088504182
    2.397052717   78.400623160    5.853755796
    2.399526268   78.456396151   34.547673701
    2.401999819   78.568106278   48.460904634
    2.404473370   78.666337485   26.351334510
    2.406946921   78.673829618  -17.388039091
    2.409420472   78.582594335  -51.742214274
    2.411894023   78.450282416  -51.108892180
    2.414367574   78.357547042  -17.656492573
    2.416841125   78.352374390   17.392394125
    2.419314676   78.424076621   38.097019631
    2.421788227   78.504795355   19.838691176
    2.424261778   78.518010278   -3.930659287
    2.426735329   78.480473864  -15.716035987
    2.429208880   78.478277442   16.658100951
    2.431682431   78.565443456   50.850066614
    2.434155982   78.695036379   45.664798354
    2.436629532   78.769467600    7.619205639
    2.439103083   78.706076952  -56.184835499
    2.441576634   78.532124943  -69.141287182
    2.444050185   78.407088767  -22.276046882
    2.446523736   78.431596464   37.767100372
    2.448997287   78.561658367   58.149187561
    2.451470838   78.659767261   14.555661644
    2.453944389   78.616162540  -48.260307663
    2.456417940   78.449034501  -76.038711562
    2.458891491   78.281404743  -50.336243719
    2.461365042   78.221440074   -5.139097392
    2.463838593   78.235990902   11.067563896
    2.466312144   78.223973882  -21.643650324
    2.468785695   78.131296092  -43.643983421
    2.471259246   78.049508214  -14.970313537
    2.473732797   78.117547861   76.974154635
    2.476206348   78.405579488  157.960768258
    2.478679899   78.850597832  185.831247208
    2.481153450   79.254712204  125.250096705
    2.483627001   79.437172123   15.851324026
    2.486100552   79.346779392  -83.537515283
    2.488574103   79.050052791 -145.426063453
    2.491047654   78.682490485 -145.039617376
    2.493521205   78.368795992 -100.778828579
    2.495994756   78.205068097  -28.398355193
    2.498468307   78.224304577   41.635795400
    2.500941858   78.397291320   92.071223588
    2.503415409   78.635410682   92.961368260
    2.505888960   78.817768133   48.054755262
    2.508362511   78.864314036  -10.510997409
    2.510836062   78.788752261  -49.715669716
    2.513309613   78.656218461  -52.849916851
    2.515783164   78.532946496  -43.212565480
    2.518256715   78.453339162  -18.048803735
    2.520730266   78.440929870    5.654007514
    2.523203817   78.472376707   19.325410514
    2.525677368   78.518672115   20.937421840
    2.528150919   78.558950015    7.060035436
    2.530624470   78.557622880   -8.618782952
    2.533098021   78.518605204  -22.604499251
    2.535571572   78.452777289  -25.638935434
    2.538045123   78.404606647  -13.347738118
    2.540518674   78.387995955    1.744177318
    2.542992225   78.422527238   22.532473280
    2.545465776   78.483156152   28.446263306
    2.547939327   78.542926154   21.080191299
    2.550412878   78.592946328   15.973038862
    2.552886429   78.629584951   11.429885263
    2.555359980   78.642041156    0.669390365
    2.557833531   78.633216056  -10.771177921
    2.560307082   78.597769002  -20.922360770
    2.562780633   78.522517082  -40.890411084
    2.565254184   78.403508755  -51.928582877
    2.567727735   78.293458356  -30.389130005
    2.570201286   78.268146848    8.986112064
    2.572674837   78.344116741   53.508598494
    2.575148388   78.498716666   65.780093220
    2.577621939   78.628171868   32.689691515
    2.580095490   78.644648134  -20.484388865
    2.582569041   78.535642031  -61.926733388
    2.585042592   78.368509381  -65.667939914
    2.587516143   78.250870268  -27.351636447
    2.589989694   78.230122977   15.839099011
    2.592463245   78.320253248   51.232099062
    2.594936796   78.469029600   67.246313024
    2.597410347   78.617889444   47.971167538
    2.599883898   78.690710339    4.803789878
    2.602357449   78.646062772  -40.343468210
    2.604831000   78.526294652  -48.201246540
    2.607304551   78.422073672  -30.416685844
    2.609778102   78.381499694   -2.299365162
    2.612251653   78.379628141   -1.688999016
    2.614725204   78.354248321  -23.275942787
    2.617198755   78.257646265  -50.243114591
    2.619672306   78.121761683  -51.786359053
    2.622145857   78.041158177   -7.441590564
    2.624619408   78.075557762   34.202723588
    2.627092959   78.183815652   45.349584911
    2.629566510   78.266119106   17.342921654
    2.632040061   78.260794703  -21.479357213
    2.634513611   78.193572990  -28.438461305
    2.636987162   78.140561545  -11.529454695
    2.639460713   78.141522600   12.350761083
    2.641934264   78.191201360   24.315896569
    2.644407815   78.256620726   28.701844725
    2.646881366   78.323096696   28.177698646
    2.649354917   78.408416436   39.996753845
    2.651828468   78.527245707   53.268708701
    2.654302019   78.664841674   55.845633876
    2.656775570   78.786161583   40.534399045
    2.659249121   78.862512452   24.083144027
    2.661722672   78.915169150   22.181633451
    2.664196223   78.960433739   14.681462776
    2.666669774   78.985370294    8.326399563
    2.669143325   78.990486676   -2.793963990
    2.671616876   78.968478372  -11.553946637
    2.674090427   78.928591515  -18.244108230
    2.676563978   78.888329075  -11.241687766
    2.679037529   78.877824484    4.136880197
    2.681511080   78.901841035   17.924890548
    2.683984631   78.964974618   30.705320509
    2.686458182   79.044418309   32.652977113
    2.688931733   79.106335952   12.323795150
    2.691405284   79.092292293  -19.842581281
    2.693878835   79.003068690  -42.954564030
    2.696352386   78.899020149  -35.321709493
    2.698825937   78.841754111  -10.699723463
    2.701299488   78.847133154   12.396821257
    2.703773039   78.883493670   14.308273675
    2.706246590   78.896616396   -4.615601562
    2.708720141   78.875260962   -7.392851697
    2.711193692   78.892008143   19.874864044
    2.713667243   78.968056635   40.901409142
    2.716140794   79.063172187   29.299117619
    2.718614345   79.077629154  -23.779237810
    2.721087896   78.949535696  -77.819569018
    2.723561447   78.722412677  -96.602032948
    2.726034998   78.529160215  -53.154106727
    2.728508549   78.465319864    3.400996767
    2.730982100   78.519213865   34.530082581
    2.733455651   78.594996286   20.459234215
    2.735929202   78.599435553  -17.921982062
    2.738402753   78.493778300  -62.279051823
    2.740876304   78.301805933  -81.838304171
    2.743349855   78.103875900  -75.911163241
    2.745823406   77.928295490  -66.036123931
    2.748296957   77.779091279  -55.359942270
    2.750770508   77.661482976  -35.295767961
    2.753244059   77.611594707   -2.248119651
    2.755717610   77.640887911   25.458710715
    2.758191161   77.722423948   36.286787547
    2.760664712   77.781306537    4.829449304
    2.763138263   77.738184730  -40.690868392
    2.765611814   77.574231278  -81.915575336
    2.768085365   77.368662134  -76.053082600
    2.770558916   77.239831290  -26.131344374
    2.773032467   77.247654005   29.440304603
    2.775506018   77.353956982   47.314141916
    2.777979569   77.436137277   11.724079697
    2.780453120   77.395275329  -46.531990460
    2.782926671   77.222935260  -89.727817314
    2.785400222   76.991591593  -89.427997126
    2.787873773   76.797829681  -59.921085701
    2.790347324   76.700132033  -17.941426347
    2.792820875   76.703747377   13.768292550
    2.795294426   76.756411726   25.383296415
    2.797767977   76.801168579    7.912536534
    2.800241528   76.780103233  -20.644104246
    2.802715079   76.715683556  -29.960838371
    2.805188630   76.649428442  -19.173258040
    2.807662181   76.640709280    8.569954024
    2.810135732   76.671012905   17.801614032
    2.812609283   76.698961331   -0.257761955
    2.815082834   76.637478795  -47.291030728
    2.817556385   76.482594716  -73.853269987
    2.820029936   76.305075216  -64.069451635
    2.822503487   76.190908643  -25.153395309
    2.824977038   76.157701489   -5.183614879
    2.827450589   76.140261608  -14.647280418
    2.829924139   76.072761586  -42.904173500
    2.832397690   75.929913506  -70.434814295
    2.834871241   75.765892073  -57.165107478
    2.837344792   75.672009363  -17.752133561
    2.839818343   75.681182891   20.642491928
    2.842291894   75.768249832   43.311601923
    2.844765445   75.895221321   58.470190827
    2.847238996   76.043726438   57.615382028
    2.849712547   76.180071016   52.549075366
    2.852186098   76.277611043   22.099939782
    2.854659649   76.294526326  -10.753602606
    2.857133200   76.237524615  -33.103620114
    2.859606751   76.153382517  -27.078997806
    2.862080302   76.104562409   -9.392702303
    2.864553853   76.094190050   -1.589352124
    2.867027404   76.091888499   -6.015499886
    2.869500955   76.049154320  -29.210722138
    2.871974506   75.943386959  -53.834207356
    2.874448057   75.798454812  -57.522199226
    2.876921608   75.683288266  -33.280209261
    2.879395159   75.647910058    1.296660593
    2.881868710   75.666262387    9.552183746
    2.884342261   75.684605651    3.156777634
    2.886815812   75.656835792  -26.633914749
    2.889289363   75.551700633  -58.656886462
    2.891762914   75.378984293  -79.889192841
    2.894236465   75.169461368  -84.063137639
    2.896710016   74.974456050  -71.810684014
    2.899183567   74.839637765  -33.995127405
    2.901657118   74.805999173    8.991074273
    2.904130669   74.887441908   53.363718760
    2.906604220   75.055783471   78.977532726
    2.909077771   75.239455667   66.796814187
    2.911551322   75.349768069   17.682396660
    2.914024873   75.329254312  -30.048758771
    2.916498424   75.224609293  -45.918289005
    2.918971975   75.128586819  -26.370848164
    2.921445526   75.100821981    0.748719640
    2.923919077   75.104663311   -3.779665747
    2.926392628   75.060579178  -32.690896804
    2.928866179   74.958411523  -49.205335660
    2.931339730   74.840651615  -37.798107303
    2.933813281   74.787530176    2.242277356
    2.936286832   74.827805918   29.052544136
    2.938760383   74.905437430   26.628646167
    2.941233934   74.930375495  -11.098042964
    2.943707485   74.855965685  -44.078075594
    2.946181036   74.744636007  -40.777714666
    2.948654587   74.666769052  -18.320278636
    2.951128138   74.651481559    4.731490314
    2.953601689   74.676094962   14.055181429
    2.956075240   74.710679998   10.864600964
    2.958548791   74.726457098    1.924488994
    2.961022342   74.694352888  -32.171840087
    2.963495893   74.582755968  -59.315462676
    2.965969444   74.403461113  -80.829551328
    2.968442995   74.219687446  -57.663985239
    2.970916546   74.155780072   10.852605902
    2.973390097   74.258492590   71.129348953
    2.975863648   74.483650501  103.339496414
    2.978337199   74.729459293   87.922831161
    2.980810750   74.886427062   37.381611818
    2.983284301   74.918405827   -5.589671642
    2.985757852   74.881831695  -18.965175075
    2.988231403   74.848746835   -5.513921855
    2.990704954   74.850117725    2.112311892
    2.993178505   74.859342657   -2.037499007
    2.995652056   74.832499479  -23.052764906
    2.998125607   74.743937220  -46.055330373
    3.000599158   74.619588023  -52.372006138
    3.003072709   74.493097038  -44.998226642
    3.005546260   74.396117554  -29.407883818
    3.008019811   74.357508810    1.988776339
    3.010493362   74.388808885   19.815476554
    3.012966913   74.455035427   27.811138748
    3.015440464   74.498597339    3.146289606
    3.017914015   74.489018010   -8.100229517
    3.020387566   74.462489268   -6.038570579
    3.022861117   74.466968521   14.427999397
    3.025334668   74.534132259   36.145782045
    3.027808218   74.623244948   30.835581563
    3.030281769   74.662851296   -1.849159141
    3.032755320   74.629550973  -19.388734376
    3.035228871   74.613782225   15.404350372
    3.037702422   74.731182764   81.493068222
    3.040175973   74.984251088  112.346933197
    3.042649524   75.219000406   61.590900777
    3.045123075   75.242578313  -46.638794087
    3.047596626   74.996615319 -144.113724260
    3.050070177   74.594494592 -168.189991918
    3.052543728   74.237136283 -112.532535979
    3.055017279   74.059136978  -30.124888809
    3.057490830   74.056786446   20.674186824
    3.059964381   74.117260702   20.772346806
    3.062437932   74.147557979    0.320149271
    3.064911483   74.103398560  -36.126565124
    3.067385034   73.993213546  -50.534211718
    3.069858585   73.856355553  -50.993795299
    3.072332136   73.757252757  -28.862528599
    3.074805687   73.716760910   -9.306775795
    3.077279238   73.697713406   -4.838215224
    3.079752789   73.678917672  -15.951808087
    3.082226340   73.612064691  -33.071935273
    3.084699891   73.535317791  -20.184210043
    3.087173442   73.523699253   15.868209858
    3.089646993   73.601678678   45.533406244
    3.092120544   73.722418619   43.293762094
    3.094594095   73.779906275   -2.583883523
    3.097067646   73.705943679  -54.153414637
    3.099541197   73.542454262  -75.517487824
    3.102014748   73.384308270  -50.331630657
    3.104488299   73.308751802  -14.113068437
    3.106961850   73.298045177   -1.100844516
    3.109435401   73.284927481  -12.602591240
    3.111908952   73.226023458  -36.797513019
    3.114382503   73.111284653  -51.648729827
    3.116856054   73.000668967  -37.394348689
    3.119329605   72.939943862   -9.508935112
    3.121803156   72.947693789   11.347010397
    3.124276707   72.979312577    7.481598616
    3.126750258   72.968461081  -16.692191337
    3.129223809   72.888582457  -49.653987833
    3.131697360   72.734605198  -68.295709373
    3.134170911   72.582603308  -51.463702505
    3.136644462   72.485290654  -24.797648943
    3.139118013   72.451536254   -7.766473543
    3.141591564   72.435494929   -8.617361804
    3.144065115   72.409912514  -10.730532458
    3.146538666   72.387897747   -7.223895123
    3.149012217   72.378702984    1.642228301
    3.151485768   72.389543273    5.238645594
    3.153959319   72.401577478    5.384730430
    3.156432870   72.415773403    2.596287637
    3.158906421   72.411418484   -1.842940380
    3.161379972   72.406374093   -6.221724819
    3.163853523   72.392668868   -8.234215134
    3.166327074   72.355159705  -25.315441805
    3.168800625   72.261175019  -52.885852153
    3.171274176   72.095046719  -80.601136337
    3.173747727   71.880901908  -89.100612769
    3.176221278   71.662559192  -87.360735580
    3.178694829   71.461323725  -72.903103357
    3.181168380   71.301416123  -51.950209046
    3.183641931   71.193905065  -35.327026305
    3.186115482   71.107580342  -37.037418174
    3.188589033   71.007059944  -50.074210517
    3.191062584   70.871466504  -56.990283829
    3.193536135   70.754065957  -29.923412035
    3.196009686   70.736884181   18.962847401
    3.198483237   70.858920711   79.100713844
    3.200956788   71.074670508   83.265631295
    3.203430339   71.236597006   41.055614832
    3.205903890   71.244925827  -38.644348968
    3.208377441   71.068559238  -91.723516521
    3.210850992   70.834386748  -91.416869565
    3.213324543   70.676761377  -32.960217619
    3.215798094   70.661489239   18.621956277
    3.218271645   70.735604139   34.378610032
    3.220745196   70.809197950   21.666275173
    3.223218746   70.855498627   16.954810652
    3.225692297   70.902192298   24.751280386
    3.228165848   70.989560921   41.142345221
    3.230639399   71.092417273   38.210892210
    3.233112950   71.153220430   11.465302132
    3.235586501   71.147731125  -10.862046510
    3.238060052   71.123929829   -5.656390684
    3.240533603   71.141584797   18.088625675
    3.243007154   71.208572046   31.727003489
    3.245480705   71.277062480   21.126400574
    3.247954256   71.302040857   -1.861097607
    3.250427807   71.256768792  -32.283303730
    3.252901358   71.169268202  -35.695528804
    3.255374909   71.085223638  -30.965438434
    3.257848460   71.031001195  -12.137210205
    3.260322011   71.003396942  -11.372450139
    3.262795562   70.980275326   -8.025210157
    3.265269113   70.948612761  -17.259514058
    3.267742664   70.900667376  -19.233954046
    3.270216215   70.862393618  -11.128356350
    3.272689766   70.858070819    5.541510640
    3.275163317   70.867898957    2.398225640
    3.277636868   70.861602793  -14.524880337
    3.280110419   70.794205506  -39.354685354
    3.282583970   70.672549430  -55.276457701
    3.285057521   70.542484107  -48.470185559
    3.287531072   70.445638704  -29.040750340
    3.290004623   70.388260934  -22.264625048
    3.292478174   70.319817781  -35.841680582
    3.294951725   70.221413473  -42.504861732
    3.297425276   70.123054981  -36.635410895
    3.299898827   70.054940565  -16.713573097
    3.302372378   70.029249286   -7.294130987
    3.304845929   70.006239181   -9.640726179
    3.307319480   69.966036598  -20.301149678
    3.309793031   69.923672965   -7.787957000
    3.312266582   69.953117268   35.149792817
    3.314740133   70.099922781   76.700819922
    3.317213684   70.317362734   91.210122389
    3.319687235   70.506353836   50.918673625
    3.322160786   70.537905045  -30.089017234
    3.324634337   70.357363214 -105.224182929
    3.327107888   70.062246652 -126.125335270
    3.329581439   69.787892800  -84.932173156
    3.332054990   69.663466533  -14.677646275
    3.334528541   69.703002904   35.589408053
    3.337002092   69.811373783   42.193856804
    3.339475643   69.874867749    3.742231953
    3.341949194   69.833559270  -38.047123888
    3.344422745   69.691350447  -70.860769729
    3.346896296   69.501591842  -78.535773843
    3.349369847   69.320595278  -66.292025737
    3.351843398   69.179405790  -47.733047104
    3.354316949   69.095290094  -18.606674521
    3.356790500   69.070608735   -4.084877721
    3.359264051   69.086027950   14.919811080
    3.361737602   69.137790016   25.573694433
    3.364211153   69.211688298   27.930705463
    3.366684704   69.272377751   19.597182530
    3.369158255   69.317728055   14.985901508
    3.371631806   69.353608329   12.262026562
    3.374105357   69.381094724    8.199247301
    3.376578908   69.393690746   -1.096385260
    3.379052459   69.374907082  -14.244272072
    3.381526010   69.321765747  -31.236884756
    3.383999561   69.229570602  -43.440397504
    3.386473112   69.124961961  -40.192830540
    3.388946663   69.030575741  -34.239933302
    3.391420214   68.957039354  -26.264666987
    3.393893765   68.886817479  -30.337840473
    3.396367316   68.803378043  -36.127244999
    3.398840867   68.677705266  -61.623378506
    3.401314418   68.512818629  -70.358512308
    3.403787969   68.341092166  -67.080298918
    3.406261520   68.182168862  -62.506547229
    3.408735071   68.045890255  -46.361093136
    3.411208622   67.954397313  -24.925898447
    3.413682173   67.926480301    2.359058848
    3.416155724   67.968227845   32.199804471
    3.418629275   68.072870790   48.596721569
    3.421102825   68.181322802   27.423605848
    3.423576376   68.193256018  -23.379458243
    3.426049927   68.065760893  -73.914142926
    3.428523478   67.843646316  -92.426395080
    3.430997029   67.657740415  -50.143789123
    3.433470580   67.613814134   12.556008128
    3.435944131   67.694561463   45.615216542
    3.438417682   67.773124705   13.768923672
    3.440891233   67.738974817  -41.204065380
    3.443364784   67.593270401  -69.961675528
    3.445838335   67.436393206  -48.781364828
    3.448311886   67.357704723  -13.367760290
    3.450785437   67.364016302   12.124594149
    3.453258988   67.376319098   -8.277585193
    3.455732539   67.317351559  -39.381203074
    3.458206090   67.206485644  -45.608062855
    3.460679641   67.124371762  -15.810466557
    3.463153192   67.134631373   21.025633913
    3.465626743   67.209038302   34.841840642
    3.468100294   67.279030686   15.641924422
    3.470573845   67.276204826  -24.501424600
    3.473047396   67.180697234  -51.249894159
    3.475520947   67.043387398  -53.062343200
    3.477994498   66.938331317  -26.883605656
    3.480468049   66.910928405    2.679536958
    3.482941600   66.927738664    6.848218763
    3.485415151   66.926924285   -6.099209775
    3.487888702   66.887492219  -23.174507499
    3.490362253   66.828461002  -22.913383885
    3.492835804   66.790400394   -9.177737003
    3.495309355   66.777047852   -6.699958897
    3.497782906   66.758584314  -11.409403697
    3.500256457   66.723899243  -18.541641788
    3.502730008   66.679544659  -16.040917395
    3.505203559   66.653420082   -2.486456141
    3.507677110   66.646712940   -0.607238039
    3.510150661   66.636262804  -11.084600858
    3.512624212   66.582755665  -34.463624505
    3.515097763   66.479081717  -50.035598255
    3.517571314   66.351462309  -55.937274845
    3.520044865   66.219111946  -54.401427401
    3.522518416   66.077708541  -61.258336773
    3.524991967   65.924695195  -64.370163785
    3.527465518   65.778760947  -49.535493406
    3.529939069   65.693147803  -18.269444220
    3.532412620   65.696186177   17.831828031
    3.534886171   65.767870400   35.122700371
    3.537359722   65.842888787   19.573420616
    3.539833273   65.848833011  -16.135150984
    3.542306824   65.757966039  -56.541572225
    3.544780375   65.578550873  -88.333781993
    3.547253926   65.353260032  -89.070732124
    3.549727477   65.161086378  -61.484674732
    3.552201028   65.078090939   -1.533228248
    3.554674579   65.148919813   56.191629000
    3.557148130   65.315411273   74.408837328
    3.559621681   65.468012786   40.874808462
    3.562095232   65.493799783  -24.061167257
    3.564568783   65.378232522  -64.295387148
    3.567042334   65.231534652  -49.969179446
    3.569515885   65.158180927   -4.517127278
    3.571989436   65.187898040   24.869274497
    3.574462987   65.245186147   12.389121349
    3.576936538   65.220911664  -32.610173025
    3.579410089   65.097425015  -60.871083052
    3.581883640   64.963175453  -39.688342254
    3.584357191   64.916615499   -0.848766088
    3.586830742   64.950814739   27.091976158
    3.589304293   65.022027150   27.869222151
    3.591777844   65.089300312   28.449248750
    3.594251395   65.167498690   37.016101812
    3.596724946   65.281252927   54.630777587
    3.599198497   65.429163762   61.048465519
    3.601672048   65.554850222   38.729127064
    3.604145599   65.610980316    8.982829276
    3.606619150   65.605703910  -11.184846837
    3.609092701   65.563384949  -19.769088244
    3.611566252   65.506264429  -28.294265351
    3.614039803   65.421664144  -40.284183294
    3.616513354   65.302219125  -56.561446713
    3.618986904   65.154499249  -58.935264073
    3.621460455   65.024978397  -42.396876618
    3.623934006   64.952648820  -16.025317599
    3.626407557   64.945996690    6.128732866
    3.628881108   64.976728820   13.294198794
    3.631354659   65.006364471    7.903960541
    3.633828210   65.005486768   -9.645775168
    3.636301761   64.972130652  -16.600558928
    3.638775312   64.929761150  -11.462325148
    3.641248863   64.927422535   10.062065572
    3.643722414   64.970418247   24.712769022
    3.646195965   65.050679283   35.812945932
    3.648669516   65.142960017   34.569803518
    3.651143067   65.202986405   17.007834151
    3.653616618   65.234379822   12.673044340
    3.656090169   65.269046072   13.960178638
    3.658563720   65.310208488   21.386391404
    3.661037271   65.374529258   29.614355487
    3.663510822   65.442066103   26.041992737
    3.665984373   65.489820052   14.380309709
    3.668457924   65.522280179   13.605223237
    3.670931475   65.586066012   38.739872646
    3.673405026   65.718301379   68.949111980
    3.675878577   65.909303440   76.836610210
    3.678352128   66.054681971   36.772983884
    3.680825679   66.064723207  -33.222894078
    3.683299230   65.893575051  -97.926784744
    3.685772781   65.619288597 -116.940918083
    3.688246332   65.380596277  -69.230728298
    3.690719883   65.294570750    2.987251434
    3.693193434   65.369705524   55.059369078
    3.695666985   65.547603291   77.750725487
    3.698140536   65.730986250   61.298009817
    3.700614087   65.835761325   26.414307179
    3.703087638   65.882540852   17.238796007
    3.705561189   65.946671449   33.638235046
    3.708034740   66.051316334   50.799083564
    3.710508291   66.171025051   38.776466543
    3.712981842   66.223190404    6.043631465
    3.715455393   66.202833054  -14.751935056
    3.717928944   66.171562776   -1.255128800
    3.720402495   66.213734985   33.660667661
    3.722876046   66.333205179   58.153494825
    3.725349597   66.450440828   23.287981724
    3.727823148   66.422162102  -46.364594162
    3.730296699   66.219790854 -108.561363886
    3.732770250   65.943931894 -103.980396528
    3.735243801   65.749191482  -46.739298102
    3.737717352   65.718175085   17.702163959
    3.740190903   65.801682974   42.868217142
    3.742664454   65.884129173   24.779129815
    3.745138005   65.915693012    4.946438830
    3.747611556   65.937143970   15.365467433
    3.750085107   66.032046758   66.636515490
    3.752558658   66.273146103  125.130546121
    3.755032209   66.619739172  141.408559189
    3.757505760   66.904404529   77.525986829
    3.759979311   66.970346997  -30.186280636
    3.762452862   66.784717914 -112.187152000
    3.764926413   66.463163810 -134.127264707
    3.767399964   66.182444063  -82.839238771
    3.769873515   66.055537334  -23.295756949
    3.772347066   66.049180994    8.033710401
    3.774820617   66.041950968  -20.859327257
    3.777294168   65.944364156  -54.924751909
    3.779767719   65.791493306  -58.377790156
    3.782241270   65.680196745  -32.433048065
    3.784714821   65.638364627   -2.461601105
    3.787188372   65.643874560    3.998620692
    3.789661923   65.641001008   -6.102726540
    3.792135474   65.631831978    5.509028792
    3.794609025   65.666583356   23.910839693
    3.797082576   65.740144211   32.481955576
    3.799556127   65.814257716   23.347718889
    3.802029678   65.842938208   -3.252142553
    3.804503229   65.808915826  -20.104188822
    3.806976780   65.756762496  -20.966906584
    3.809450331   65.734261201    2.191053472
    3.811923882   65.770979101   24.822533019
    3.814397432   65.850967752   35.810297103
    3.816870983   65.951349874   43.183220759
    3.819344534   66.067027815   50.695959162
    3.821818085   66.211499000   64.875247005
    3.824291636   66.374972020   66.597732876
    3.826765187   66.519595409   52.257889105
    3.829238738   66.625973019   33.810221354
    3.831712289   66.656338165   -8.779237143
    3.834185840   66.599908025  -38.164225257
    3.836659391   66.494552002  -40.068728040
    3.839132942   66.426961410   -6.483951782
    3.841606493   66.497738920   61.982959364
    3.844080044   66.700903044   93.617287577
    3.846553595   66.927962836   81.845211587
    3.849027146   67.072576119   32.682536284
    3.851500697   67.098372849   -9.540673576
    3.853974248   67.062601208  -10.076301299
    3.856447799   67.079715095   24.517258124
    3.858921350   67.199984344   65.434693389
    3.861394901   67.382134046   74.289949690
    3.863868452   67.541007563   47.236314138
    3.866342003   67.615060604    8.334310819
    3.868815554   67.603411808  -11.129770049
    3.871289105   67.559235583  -18.436926120
    3.873762656   67.525501628   -5.491798094
    3.876236207   67.550520008   30.284809452
    3.878709758   67.665948765   61.918201208
    3.881183309   67.826833476   62.092063366
    3.883656860   67.952281174   31.378929333
    3.886130411   67.966683639  -17.402354942
    3.888603962   67.872236992  -52.512489318
    3.891077513   67.751253702  -43.264581385
    3.893551064   67.684879260  -10.009534989
    3.896024615   67.708990193   26.021240265
    3.898498166   67.784810615   28.339092587
    3.900971717   67.826571281    3.171395470
    3.903445268   67.795947220  -28.386791720
    3.905918819   67.717764981  -31.613908545
    3.908392370   67.651283136  -23.286636039
    3.910865921   67.608899804   -8.313345954
    3.913339472   67.602384323    0.027128976
    3.915813023   67.619082519    8.594102574
    3.918286574   67.656573553   25.510267962
    3.920760125   67.720526862   28.017604626
    3.923233676   67.782956292   22.538829587
    3.925707227   67.828875608   13.922580399
    3.928180778   67.858146164   17.075947178
    3.930654329   67.925344855   38.699963686
    3.933127880   68.056395570   68.027198142
    3.935601431   68.247892543   82.813523257
    3.938074982   68.428019210   56.783483475
    3.940548533   68.496001564   -3.905948177
    3.943022084   68.424861699  -49.531400121
    3.945495635   68.291658747  -49.044268929
    3.947969186   68.212636973  -16.062511618
    3.950442737   68.232821060   32.165502682
    3.952916288   68.332288178   40.908905006
    3.955389839   68.424582587   31.506778242
    3.957863390   68.473201348   11.413193342
    3.960336941   68.493464270   12.378396479
    3.962810492   68.537614474   23.022713823
    3.965284043   68.599547005   20.167566928
    3.967757594   68.612226297  -12.868595737
    3.970231145   68.528996073  -52.364707964
    3.972704696   68.374058096  -63.613595842
    3.975178247   68.239997798  -37.005392608
    3.977651798   68.218946663   22.550176000
    3.980125349   68.335318132   69.073313183
    3.982598900   68.526600398   76.609989769
    3.985072451   68.690277477   49.043380531
    3.987546002   68.767787323   15.644568979
    3.990019553   68.775158832   -2.600842631
    3.992493104   68.770036953    0.521033528
    3.994966655   68.782145751   12.010012820
    3.997440206   68.842180928   31.370267986
    3.999913757   68.959560080   65.852358373
    4.002387308   69.170026998  107.486112538
    4.004860859   69.499029457  162.676423001
    4.007334410   69.982808774  232.117414300
    4.009807961   70.675494332  333.201565817
    4.012281511   71.650954175  460.010789872
    4.014755062   72.970438764  609.393878172
    4.017228613   74.652086988  750.916118176
    4.019702164   76.648566417  854.037884431
    4.022175715   78.827590864  903.732611750
    4.024649266   81.095198793  932.235373933
    4.027122817   83.473709676 1000.796289102
    4.029596368   86.075038623 1115.038813227
    4.032069919   89.005364520 1256.835432721
    4.034543470   92.299448396 1405.800589233
    4.037017021   95.952872576 1548.202467000
    4.039490572   99.939336618 1675.238142090
    4.041964123  104.224819896 1786.173404711
    4.044437674  108.755318952 1873.754552134
    4.046911225  113.454662739 1919.783519976
    4.049384776  118.235673065 1943.329700987
    4.051858327  123.088703250 1984.901529222
    4.054331878  128.095980592 2075.956909688
    4.056805429  133.382188569 2203.370578004
    4.059278980  139.012188670 2344.841524244
    4.061752531  144.951609279 2450.972544381
    4.064226082  151.110653704 2523.672883320
    4.066699633  157.422682949 2583.646927761
    4.069173184  163.908336207 2668.542552323
    4.071646735  170.680875160 2821.175648460
    4.074120286  177.915794644 3036.599490172
    4.076593837  185.725052362 3272.242581734
    4.079067388  194.028944098 3421.302944439
    4.081540939  202.490732042 3384.321193647
    4.084014490  210.559857614 3099.371689470
    4.086488041  217.634928878 2590.891891725
    4.088961592  223.267216671 1953.983863821
    4.091435143  227.307198884 1322.798311019
    4.093908694  229.906193489  802.405776534
    4.096382245  231.397310519  431.449247386
    4.098855796  232.157646682  202.791442312
    4.101329347  232.496788972   83.659380427
    4.103802898  232.627290676   30.427860437
    4.106276449  232.666874242    5.549898799
    4.108750000  232.673803129    0.847080981
