#! FIELDS distance hh1
#! SET normalisation    3.3074200000000000e+05
#! SET min_distance 0
#! SET max_distance 6
#! SET nbins_distance  100
#! SET periodic_distance false
   0.0000000000000000e+00   1.0007611123280616e-01
   5.9999999999999998e-02   1.7189973590877511e-01
   1.2000000000000000e-01   1.6932479605153698e-02
   1.7999999999999999e-01   1.4408839548335109e-01
   2.3999999999999999e-01   4.8134505098738498e-02
   2.9999999999999999e-01   1.0958811427964052e-02
   3.5999999999999999e-01   3.2426490764020923e-03
   4.1999999999999998e-01   1.4163486089624575e-03
   4.7999999999999998e-01   1.4237002823798753e-03
   5.4000000000000004e-01   2.9824048513877395e-03
   5.9999999999999998e-01   9.3427229750055304e-04
   6.5999999999999992e-01   4.6512103858059307e-04
   7.1999999999999997e-01   3.8596683975337259e-04
   7.8000000000000003e-01   6.9336275473354299e-03
   8.3999999999999997e-01   9.1643497817830211e-02
   8.9999999999999991e-01   1.6378865401851059e+00
   9.5999999999999996e-01   1.1760108180821802e+00
   1.0200000000000000e+00   1.0040377404259221e-01
   1.0800000000000001e+00   8.1933427465331915e-02
   1.1399999999999999e+00   1.6999015082318130e+00
   1.2000000000000000e+00   2.1435760502533940e-01
   1.2600000000000000e+00   8.7909427398446927e-01
   1.3199999999999998e+00   1.9283826931153272e-01
   1.3799999999999999e+00   2.3029620592120364e-01
   1.4399999999999999e+00   1.3105617188486221e-01
   1.5000000000000000e+00   1.1031749848772973e-01
   1.5600000000000001e+00   5.0741684928902200e-02
   1.6199999999999999e+00   1.4150170868192308e-02
   1.6799999999999999e+00   4.4816322934465077e-03
   1.7400000000000000e+00   1.0992627716065898e-05
   1.7999999999999998e+00   1.5326952950010051e-07
   1.8599999999999999e+00   2.9422307058142487e-07
   1.9199999999999999e+00   7.2405161422181507e-07
   1.9800000000000000e+00   1.7228628189986093e-07
   2.0400000000000000e+00   2.3982701970460614e-07
   2.1000000000000001e+00   2.7844127445605182e-07
   2.1600000000000001e+00   3.5459188324418118e-07
   2.2199999999999998e+00   5.9306449479550490e-07
   2.2799999999999998e+00   1.2695578290674777e-06
   2.3399999999999999e+00   1.7293666950699695e-06
   2.3999999999999999e+00   1.2448055081353537e-06
   2.4600000000000000e+00   1.8601551223518452e-06
   2.5200000000000000e+00   3.4880803387733997e-06
   2.5800000000000001e+00   2.8143189394448300e-06
   2.6399999999999997e+00   2.9777941302186177e-06
   2.6999999999999997e+00   6.2127702722948782e-06
   2.7599999999999998e+00   5.9024452162410412e-06
   2.8199999999999998e+00   5.6432735261055426e-06
   2.8799999999999999e+00   7.4643190259359618e-06
   2.9399999999999999e+00   1.9536676077031952e+08
   3.0000000000000000e+00   7.3031120561201018e-06
   3.0600000000000001e+00   2.2384085858178959e-05
   3.1200000000000001e+00   5.9734362922450358e-06
   3.1799999999999997e+00   5.8292084819410627e-06
   3.2399999999999998e+00   5.3255388024940105e-05
   3.2999999999999998e+00   5.6518090664054420e-06
   3.3599999999999999e+00   6.8306188946301540e-06
   3.4199999999999999e+00   8.9314796674029869e-06
   3.4800000000000000e+00   4.6795307650821151e-06
   3.5400000000000000e+00   2.6249959906545785e-06
   3.5999999999999996e+00   3.2320392562468210e-06
   3.6599999999999997e+00   1.6947001950330241e-06
   3.7199999999999998e+00   8.0848175984953610e+00
   3.7799999999999998e+00   6.7642416493107849e-01
   3.8399999999999999e+00   9.6757602800403561e-07
   3.8999999999999999e+00   1.5031044937505611e-06
   3.9600000000000000e+00   1.3232774246555759e-06
   4.0199999999999996e+00   8.1450585389534903e-07
   4.0800000000000001e+00   1.4899286200347849e-07
   4.1399999999999997e+00   0.0000000000000000e+00
   4.2000000000000002e+00   0.0000000000000000e+00
   4.2599999999999998e+00   0.0000000000000000e+00
   4.3200000000000003e+00   0.0000000000000000e+00
   4.3799999999999999e+00   0.0000000000000000e+00
   4.4399999999999995e+00   0.0000000000000000e+00
   4.5000000000000000e+00   0.0000000000000000e+00
   4.5599999999999996e+00   0.0000000000000000e+00
   4.6200000000000001e+00   0.0000000000000000e+00
   4.6799999999999997e+00   0.0000000000000000e+00
   4.7400000000000002e+00   0.0000000000000000e+00
   4.7999999999999998e+00   0.0000000000000000e+00
   4.8599999999999994e+00   0.0000000000000000e+00
   4.9199999999999999e+00   0.0000000000000000e+00
   4.9799999999999995e+00   0.0000000000000000e+00
   5.0400000000000000e+00   0.0000000000000000e+00
   5.0999999999999996e+00   0.0000000000000000e+00
   5.1600000000000001e+00   0.0000000000000000e+00
   5.2199999999999998e+00   0.0000000000000000e+00
   5.2799999999999994e+00   0.0000000000000000e+00
   5.3399999999999999e+00   0.0000000000000000e+00
   5.3999999999999995e+00   0.0000000000000000e+00
   5.4600000000000000e+00   0.0000000000000000e+00
   5.5199999999999996e+00   0.0000000000000000e+00
   5.5800000000000001e+00   0.0000000000000000e+00
   5.6399999999999997e+00   0.0000000000000000e+00
   5.7000000000000002e+00   0.0000000000000000e+00
   5.7599999999999998e+00   0.0000000000000000e+00
   5.8199999999999994e+00   0.0000000000000000e+00
   5.8799999999999999e+00   0.0000000000000000e+00
   5.9399999999999995e+00   0.0000000000000000e+00
   6.0000000000000000e+00   0.0000000000000000e+00
