#! FIELDS z_axis.lp hh1
#! SET normalisation    4.5610500000000000e+05
#! SET min_z_axis.lp 0.0
#! SET max_z_axis.lp 5.0
#! SET nbins_z_axis.lp  500
#! SET periodic_z_axis.lp false
   0.0000000000000000e+00   0.0000000000000000e+00
   1.0000000000000000e-02   0.0000000000000000e+00
   2.0000000000000000e-02   0.0000000000000000e+00
   2.9999999999999999e-02   0.0000000000000000e+00
   4.0000000000000001e-02   0.0000000000000000e+00
   5.0000000000000003e-02   0.0000000000000000e+00
   5.9999999999999998e-02   0.0000000000000000e+00
   7.0000000000000007e-02   0.0000000000000000e+00
   8.0000000000000002e-02   0.0000000000000000e+00
   8.9999999999999997e-02   0.0000000000000000e+00
   1.0000000000000001e-01   0.0000000000000000e+00
   1.1000000000000000e-01   0.0000000000000000e+00
   1.2000000000000000e-01   0.0000000000000000e+00
   1.3000000000000000e-01   0.0000000000000000e+00
   1.4000000000000001e-01   0.0000000000000000e+00
   1.4999999999999999e-01   0.0000000000000000e+00
   1.6000000000000000e-01   0.0000000000000000e+00
   1.7000000000000001e-01   0.0000000000000000e+00
   1.7999999999999999e-01   0.0000000000000000e+00
   1.9000000000000000e-01   0.0000000000000000e+00
   2.0000000000000001e-01   0.0000000000000000e+00
   2.0999999999999999e-01   0.0000000000000000e+00
   2.2000000000000000e-01   0.0000000000000000e+00
   2.3000000000000001e-01   0.0000000000000000e+00
   2.3999999999999999e-01   0.0000000000000000e+00
   2.5000000000000000e-01   0.0000000000000000e+00
   2.6000000000000001e-01   0.0000000000000000e+00
   2.7000000000000002e-01   0.0000000000000000e+00
   2.8000000000000003e-01   0.0000000000000000e+00
   2.8999999999999998e-01   0.0000000000000000e+00
   2.9999999999999999e-01   0.0000000000000000e+00
   3.1000000000000000e-01   0.0000000000000000e+00
   3.2000000000000001e-01   0.0000000000000000e+00
   3.3000000000000002e-01   0.0000000000000000e+00
   3.4000000000000002e-01   0.0000000000000000e+00
   3.5000000000000003e-01   0.0000000000000000e+00
   3.5999999999999999e-01   0.0000000000000000e+00
   3.7000000000000000e-01   0.0000000000000000e+00
   3.8000000000000000e-01   0.0000000000000000e+00
   3.9000000000000001e-01   0.0000000000000000e+00
   4.0000000000000002e-01   0.0000000000000000e+00
   4.1000000000000003e-01   0.0000000000000000e+00
   4.1999999999999998e-01   0.0000000000000000e+00
   4.2999999999999999e-01   0.0000000000000000e+00
   4.4000000000000000e-01   0.0000000000000000e+00
   4.5000000000000001e-01   0.0000000000000000e+00
   4.6000000000000002e-01   0.0000000000000000e+00
   4.7000000000000003e-01   0.0000000000000000e+00
   4.7999999999999998e-01   0.0000000000000000e+00
   4.8999999999999999e-01   0.0000000000000000e+00
   5.0000000000000000e-01   0.0000000000000000e+00
   5.1000000000000001e-01   0.0000000000000000e+00
   5.2000000000000002e-01   0.0000000000000000e+00
   5.3000000000000003e-01   0.0000000000000000e+00
   5.4000000000000004e-01   0.0000000000000000e+00
   5.5000000000000004e-01   0.0000000000000000e+00
   5.6000000000000005e-01   0.0000000000000000e+00
   5.7000000000000006e-01   0.0000000000000000e+00
   5.7999999999999996e-01   0.0000000000000000e+00
   5.8999999999999997e-01   8.1275332869783235e-15
   5.9999999999999998e-01   0.0000000000000000e+00
   6.0999999999999999e-01   0.0000000000000000e+00
   6.2000000000000000e-01   0.0000000000000000e+00
   6.3000000000000000e-01   6.4400872395340212e-15
   6.4000000000000001e-01   1.2274767050095453e-14
   6.5000000000000002e-01   0.0000000000000000e+00
   6.6000000000000003e-01   2.1308577038404990e-14
   6.7000000000000004e-01   4.3962759688836490e-14
   6.8000000000000005e-01   3.6636942123977844e-14
   6.9000000000000006e-01   1.2639599108417743e-13
   7.0000000000000007e-01   1.4694499443451125e-13
   7.0999999999999996e-01   1.9506478068442635e-13
   7.1999999999999997e-01   3.7395121097686926e-13
   7.2999999999999998e-01   1.0164657258965955e-12
   7.3999999999999999e-01   1.9251893707922918e-13
   7.5000000000000000e-01   1.7258492015866652e-12
   7.6000000000000001e-01   1.9482755225395496e-11
   7.7000000000000002e-01   1.9360721914721572e-07
   7.8000000000000003e-01   2.4502477463202421e-12
   7.9000000000000004e-01   4.1863289110343945e-11
   8.0000000000000004e-01   1.9454311562816130e-10
   8.1000000000000005e-01   1.0912341968304944e-10
   8.2000000000000006e-01   1.6787517529623287e-10
   8.3000000000000007e-01   3.3009460333686377e-10
   8.3999999999999997e-01   6.9401800486294677e-10
   8.4999999999999998e-01   6.2148054661168621e-10
   8.5999999999999999e-01   2.2958508744302251e-09
   8.7000000000000000e-01   3.8579175818107941e-10
   8.8000000000000000e-01   4.9576102289420399e-10
   8.9000000000000001e-01   3.9511052259460133e-10
   9.0000000000000002e-01   4.8413103140072263e-10
   9.1000000000000003e-01   4.3391392879636694e-10
   9.2000000000000004e-01   4.7636245723956615e-10
   9.3000000000000005e-01   5.3599110492691310e-10
   9.4000000000000006e-01   6.1410912270817616e-10
   9.5000000000000007e-01   4.4866201566944421e-10
   9.5999999999999996e-01   6.7234874025678171e-10
   9.6999999999999997e-01   1.3174022718439624e-09
   9.7999999999999998e-01   1.0098801520789523e-09
   9.8999999999999999e-01   1.7796944555137281e-09
   1.0000000000000000e+00   7.4686594568648451e-09
   1.0100000000000000e+00   4.4195077683584088e-09
   1.0200000000000000e+00   2.0246609970748745e-09
   1.0300000000000000e+00   3.1076998153124055e-09
   1.0400000000000000e+00   4.4247343848637632e-09
   1.0500000000000000e+00   6.5210253436494465e-09
   1.0600000000000001e+00   3.1349406869128870e-09
   1.0700000000000001e+00   5.6946840215905638e-09
   1.0800000000000001e+00   1.2799332732929903e-08
   1.0900000000000001e+00   1.1220015244181136e-08
   1.1000000000000001e+00   1.7818546698451966e-08
   1.1100000000000001e+00   1.9956891726624209e-08
   1.1200000000000001e+00   5.6988340978946751e-08
   1.1300000000000001e+00   1.1150499130554775e-07
   1.1400000000000001e+00   8.3413133595053536e-08
   1.1500000000000001e+00   2.1939592064413429e-07
   1.1599999999999999e+00   1.9096193327971967e-07
   1.1699999999999999e+00   4.3225000475062999e-06
   1.1799999999999999e+00   3.0623624579940450e-07
   1.1899999999999999e+00   3.7198267571188904e-07
   1.2000000000000000e+00   5.1138441240496135e-07
   1.2100000000000000e+00   7.1336280243493932e-07
   1.2200000000000000e+00   4.8640330784011443e-07
   1.2300000000000000e+00   5.2432583654417189e-07
   1.2400000000000000e+00   3.4651497676665005e-07
   1.2500000000000000e+00   1.5716230283042488e-07
   1.2600000000000000e+00   1.5334301832845617e-07
   1.2700000000000000e+00   4.9672662422579770e-08
   1.2800000000000000e+00   4.6292835515365113e-08
   1.2900000000000000e+00   2.6200736967867414e-08
   1.3000000000000000e+00   7.7604348663850402e-09
   1.3100000000000001e+00   6.8302398248673737e-09
   1.3200000000000001e+00   2.8443744151112518e-09
   1.3300000000000001e+00   4.7776543771475967e-09
   1.3400000000000001e+00   5.4922531771955910e-09
   1.3500000000000001e+00   1.0307894044936755e-08
   1.3600000000000001e+00   4.5576353047702982e-09
   1.3700000000000001e+00   6.5710984372778378e-09
   1.3800000000000001e+00   9.5218102455252299e-09
   1.3900000000000001e+00   8.7233763643539773e-09
   1.4000000000000001e+00   1.7821457081264339e-08
   1.4099999999999999e+00   4.1458539453675448e-08
   1.4199999999999999e+00   3.4705576361611445e-08
   1.4299999999999999e+00   1.2193802556203664e-07
   1.4399999999999999e+00   6.5480472233712675e-08
   1.4500000000000000e+00   6.3204582057708191e-08
   1.4600000000000000e+00   6.9475149947979730e-08
   1.4700000000000000e+00   5.0885102214766065e-08
   1.4800000000000000e+00   8.9023205793925178e-08
   1.4900000000000000e+00   2.7424038387027443e-07
   1.5000000000000000e+00   3.4067633145666681e-08
   1.5100000000000000e+00   3.0780926196001472e-07
   1.5200000000000000e+00   9.2674716477458420e-08
   1.5300000000000000e+00   3.0729218843126120e-08
   1.5400000000000000e+00   6.1873259995347411e-08
   1.5500000000000000e+00   3.4034263778037673e-08
   1.5600000000000001e+00   3.7343001386434572e-08
   1.5700000000000001e+00   2.0968053816340531e-07
   1.5800000000000001e+00   2.0586797808624982e-08
   1.5900000000000001e+00   2.0489271573096046e-08
   1.6000000000000001e+00   2.7691864254245655e-08
   1.6100000000000001e+00   1.9997203486420249e-08
   1.6200000000000001e+00   2.0030050899381530e-08
   1.6300000000000001e+00   9.0241538396231173e-09
   1.6400000000000001e+00   7.9830953314861023e-09
   1.6500000000000001e+00   5.2582938316561069e-08
   1.6600000000000001e+00   8.8835612274780186e-08
   1.6699999999999999e+00   1.1221837673351026e-08
   1.6799999999999999e+00   1.6500406393103364e-08
   1.6899999999999999e+00   2.9386418224436696e-08
   1.7000000000000000e+00   4.4717070789080930e-08
   1.7100000000000000e+00   4.5523838327336801e-08
   1.7200000000000000e+00   6.4705759451568256e-08
   1.7300000000000000e+00   4.3948639032790570e-08
   1.7400000000000000e+00   6.4315150564497327e-06
   1.7500000000000000e+00   3.6476197504656812e-08
   1.7600000000000000e+00   3.6287260530467528e-08
   1.7700000000000000e+00   3.3406149428673309e-08
   1.7800000000000000e+00   2.4198582866830876e-08
   1.7900000000000000e+00   3.0451023402546899e-08
   1.8000000000000000e+00   3.5028155075480602e-08
   1.8100000000000001e+00   3.5080975387749790e-08
   1.8200000000000001e+00   4.6840417045412770e-08
   1.8300000000000001e+00   2.7757746558399834e-08
   1.8400000000000001e+00   3.2165655018671608e-08
   1.8500000000000001e+00   4.2288465875802706e-08
   1.8600000000000001e+00   3.4546898089321330e-08
   1.8700000000000001e+00   6.1916688895650697e-08
   1.8800000000000001e+00   2.6318846643318777e-08
   1.8900000000000001e+00   5.4315440620666808e-08
   1.9000000000000001e+00   3.1691387025514727e-08
   1.9100000000000001e+00   7.9648491676675637e-08
   1.9199999999999999e+00   1.5632861299515746e-07
   1.9299999999999999e+00   4.5876670139211706e-08
   1.9399999999999999e+00   8.2039704148636968e-08
   1.9500000000000000e+00   9.4151946109922243e-08
   1.9600000000000000e+00   5.5357214499654412e-08
   1.9700000000000000e+00   7.8818945909468975e-08
   1.9800000000000000e+00   5.3992947683491775e-08
   1.9900000000000000e+00   5.0708551023461847e-08
   2.0000000000000000e+00   5.6183189707997119e-08
   2.0100000000000002e+00   6.8708765264165877e-08
   2.0200000000000000e+00   6.0305442022273219e-08
   2.0300000000000002e+00   5.2614320835882175e-08
   2.0400000000000000e+00   9.3091289150531664e-08
   2.0499999999999998e+00   5.5091975267767301e-08
   2.0600000000000001e+00   3.4268410612328017e-08
   2.0699999999999998e+00   3.9798842197702685e-08
   2.0800000000000001e+00   3.7392531346394132e-08
   2.0899999999999999e+00   3.8400033107807482e-08
   2.1000000000000001e+00   3.3566611296160521e-08
   2.1099999999999999e+00   4.0281716691239178e-06
   2.1200000000000001e+00   1.3712933504532776e-07
   2.1299999999999999e+00   7.9662029950457802e-08
   2.1400000000000001e+00   3.7534144513538814e-08
   2.1499999999999999e+00   8.8063871046533431e-08
   2.1600000000000001e+00   3.1787034607161326e-08
   2.1699999999999999e+00   5.4080484193586337e-07
   2.1800000000000002e+00   7.8879455019265656e-08
   2.1899999999999999e+00   1.9586891050374684e-08
   2.2000000000000002e+00   4.2417641617877267e-08
   2.2100000000000000e+00   3.4421876513198266e-08
   2.2200000000000002e+00   8.1155840469193127e-08
   2.2300000000000000e+00   2.9061955816261889e-08
   2.2400000000000002e+00   2.6085729513040258e-08
   2.2500000000000000e+00   1.3354690335466034e-08
   2.2600000000000002e+00   2.2832060294744796e-08
   2.2700000000000000e+00   2.6777926908803562e-08
   2.2800000000000002e+00   1.7804988353988918e-08
   2.2900000000000000e+00   2.4471278403326699e-08
   2.3000000000000003e+00   9.5786647334580131e-08
   2.3100000000000001e+00   3.5450296289767514e-07
   2.3199999999999998e+00   1.2982880051479426e-08
   2.3300000000000001e+00   1.0646580658426468e-08
   2.3399999999999999e+00   1.8666948494753600e-08
   2.3500000000000001e+00   2.2472254133733005e-08
   2.3599999999999999e+00   2.0512822532122383e-07
   2.3700000000000001e+00   1.2406829827605778e-08
   2.3799999999999999e+00   1.1450001040872265e-08
   2.3900000000000001e+00   1.4744354955842699e-08
   2.3999999999999999e+00   1.2134706214612032e-07
   2.4100000000000001e+00   1.0719623186422012e-08
   2.4199999999999999e+00   7.1332201019570646e-09
   2.4300000000000002e+00   7.4657940697843357e-09
   2.4399999999999999e+00   1.0165593477611888e-08
   2.4500000000000002e+00   1.0491160588862219e-08
   2.4600000000000000e+00   6.4398850233411858e-08
   2.4700000000000002e+00   4.6607138430898210e-09
   2.4800000000000000e+00   4.1839115717811416e-09
   2.4900000000000002e+00   5.3434610165493115e-09
   2.5000000000000000e+00   5.1111550139444693e-09
   2.5100000000000002e+00   6.7979298061628519e-09
   2.5200000000000000e+00   6.1392661778930217e-09
   2.5300000000000002e+00   3.4592303716265031e-09
   2.5400000000000000e+00   7.6696390535322516e-09
   2.5500000000000003e+00   7.3328873431125980e-09
   2.5600000000000001e+00   4.5483850849154598e-09
   2.5699999999999998e+00   1.1515151216832850e-08
   2.5800000000000001e+00   6.7476024417834298e-09
   2.5899999999999999e+00   7.5642297565979155e-09
   2.6000000000000001e+00   6.5663624878551966e-09
   2.6099999999999999e+00   8.5322620480701180e-09
   2.6200000000000001e+00   6.5681298580538942e-09
   2.6299999999999999e+00   1.8383769652375012e-08
   2.6400000000000001e+00   1.0453013735036380e-08
   2.6499999999999999e+00   4.4960151176847534e-09
   2.6600000000000001e+00   4.7299823909998897e-09
   2.6699999999999999e+00   5.6821533136993022e-09
   2.6800000000000002e+00   5.4960890110573239e-09
   2.6899999999999999e+00   5.1620339896652363e-09
   2.7000000000000002e+00   4.4922329795864783e-09
   2.7100000000000000e+00   3.7206216012127564e-09
   2.7200000000000002e+00   1.1503215475737515e-08
   2.7300000000000000e+00   2.9829148469559384e-09
   2.7400000000000002e+00   4.4874953343568398e-09
   2.7500000000000000e+00   3.6401678768681924e-09
   2.7600000000000002e+00   2.6683650104236458e-09
   2.7700000000000000e+00   3.0607789209570885e-09
   2.7800000000000002e+00   2.9904829197126970e-09
   2.7900000000000000e+00   7.0854444299379234e-09
   2.8000000000000003e+00   2.8666556338496997e-09
   2.8100000000000001e+00   1.1220816814239312e-08
   2.8199999999999998e+00   4.7651971473263975e-09
   2.8300000000000001e+00   3.3591538107740849e-09
   2.8399999999999999e+00   5.4135083525923916e-09
   2.8500000000000001e+00   3.3370220236425341e-09
   2.8599999999999999e+00   2.3328088671516136e-09
   2.8700000000000001e+00   2.6592073296640723e-09
   2.8799999999999999e+00   3.1313115664658321e-09
   2.8900000000000001e+00   4.6078996413655480e-09
   2.8999999999999999e+00   3.4422908353683636e-09
   2.9100000000000001e+00   1.0970850965921861e-08
   2.9199999999999999e+00   7.6646706732076121e-09
   2.9300000000000002e+00   4.0578082240335920e-09
   2.9399999999999999e+00   3.5006049786681473e-09
   2.9500000000000002e+00   2.4481534557850732e-09
   2.9600000000000000e+00   6.0345492995066242e-09
   2.9700000000000002e+00   3.1505141777499779e-09
   2.9800000000000000e+00   1.4764693476385307e-08
   2.9900000000000002e+00   2.9590587949779639e-09
   3.0000000000000000e+00   6.2317596145928700e-09
   3.0100000000000002e+00   2.5774757378278052e-09
   3.0200000000000000e+00   4.6477628116034243e-09
   3.0300000000000002e+00   7.6207035293582817e-09
   3.0400000000000000e+00   2.3908158483994536e-09
   3.0500000000000003e+00   4.2820038740860621e-09
   3.0600000000000001e+00   2.8087929498831689e-09
   3.0700000000000003e+00   3.0955773844282267e-09
   3.0800000000000001e+00   2.6550682089976189e-09
   3.0899999999999999e+00   3.2158200737139639e-09
   3.1000000000000001e+00   2.5717051084886214e-09
   3.1099999999999999e+00   3.4390707936274722e-09
   3.1200000000000001e+00   3.2229366775360425e-09
   3.1299999999999999e+00   3.4041459996808266e-09
   3.1400000000000001e+00   3.6436351550238180e-08
   3.1499999999999999e+00   3.4731677561840271e-09
   3.1600000000000001e+00   4.7533215445617130e-09
   3.1699999999999999e+00   2.9081386376997542e-09
   3.1800000000000002e+00   3.9685496376557167e-09
   3.1899999999999999e+00   3.4693702580626966e-09
   3.2000000000000002e+00   4.3405160391995609e-09
   3.2100000000000000e+00   7.3435722707610650e-09
   3.2200000000000002e+00   8.9844107567667715e-09
   3.2300000000000000e+00   5.0574514109896819e-09
   3.2400000000000002e+00   1.0245898142101422e-08
   3.2500000000000000e+00   1.8307768923538663e-08
   3.2600000000000002e+00   6.2364793553520804e-09
   3.2700000000000000e+00   1.0551960962180363e-08
   3.2800000000000002e+00   1.2241701332232843e-08
   3.2900000000000000e+00   4.6362456469565410e-09
   3.3000000000000003e+00   5.5068353344482043e-08
   3.3100000000000001e+00   4.4093101571055365e-09
   3.3200000000000003e+00   4.4522196961391714e-09
   3.3300000000000001e+00   8.4030474776418551e-09
   3.3399999999999999e+00   3.1695363908521499e-09
   3.3500000000000001e+00   4.2775962258717799e-09
   3.3599999999999999e+00   2.9185352981805690e-09
   3.3700000000000001e+00   3.1992530062852750e-09
   3.3799999999999999e+00   4.6256403839273934e-09
   3.3900000000000001e+00   7.3306836692567925e-09
   3.3999999999999999e+00   4.9567986442191843e-09
   3.4100000000000001e+00   4.2312643375543487e-09
   3.4199999999999999e+00   6.4812783474895892e-09
   3.4300000000000002e+00   3.3133622685379026e-09
   3.4399999999999999e+00   2.0672429593520383e-08
   3.4500000000000002e+00   3.7001929770512846e-09
   3.4600000000000000e+00   6.5613743089415166e-09
   3.4700000000000002e+00   5.6534298662565722e-09
   3.4800000000000000e+00   1.5664564405562219e-08
   3.4900000000000002e+00   3.9743749789531165e-09
   3.5000000000000000e+00   3.0289354217037587e-09
   3.5100000000000002e+00   3.5546471476275784e-09
   3.5200000000000000e+00   2.8506154879825844e-09
   3.5300000000000002e+00   3.6521598722925186e-09
   3.5400000000000000e+00   3.3277372860897366e-09
   3.5500000000000003e+00   3.4017234670608834e-09
   3.5600000000000001e+00   3.8672626275378941e-09
   3.5700000000000003e+00   2.8202436487814133e-09
   3.5800000000000001e+00   2.8332195569059636e-09
   3.5899999999999999e+00   3.5942259768338320e-09
   3.6000000000000001e+00   2.7868086388708422e-09
   3.6099999999999999e+00   2.4410070633483872e-09
   3.6200000000000001e+00   4.5001796768586289e-09
   3.6299999999999999e+00   2.2175226199615771e-09
   3.6400000000000001e+00   3.0758404115822331e-09
   3.6499999999999999e+00   2.1649718332957261e-09
   3.6600000000000001e+00   2.9441780551806287e-09
   3.6699999999999999e+00   2.1470225736659089e-09
   3.6800000000000002e+00   1.9405066729544172e-09
   3.6899999999999999e+00   2.8101198608694148e-09
   3.7000000000000002e+00   1.7127115697572233e-09
   3.7100000000000000e+00   3.1322004177188499e-09
   3.7200000000000002e+00   1.8059014678288708e-09
   3.7300000000000000e+00   2.2387186906914726e-09
   3.7400000000000002e+00   1.9849283021414556e-09
   3.7500000000000000e+00   7.7097126747144422e-09
   3.7600000000000002e+00   1.8785806863503459e-09
   3.7700000000000000e+00   2.0888558910728787e-09
   3.7800000000000002e+00   1.8104863283783666e-09
   3.7900000000000000e+00   1.6910566336699767e-09
   3.8000000000000003e+00   2.4973888456434736e-09
   3.8100000000000001e+00   3.2534449486133064e-09
   3.8200000000000003e+00   2.5637879423452665e-09
   3.8300000000000001e+00   2.3734063803532127e-09
   3.8399999999999999e+00   3.8543093936956780e-09
   3.8500000000000001e+00   3.3123119358318155e-09
   3.8599999999999999e+00   4.6671838071152136e-09
   3.8700000000000001e+00   6.8882630683122101e-09
   3.8799999999999999e+00   8.1279643911318085e-09
   3.8900000000000001e+00   2.4964248589017782e-08
   3.8999999999999999e+00   1.1617305666628393e-08
   3.9100000000000001e+00   9.4897066559064162e-09
   3.9199999999999999e+00   5.4613320101486359e-09
   3.9300000000000002e+00   6.6898410901712916e-09
   3.9399999999999999e+00   7.5901092327286919e-09
   3.9500000000000002e+00   1.2581152164568154e-08
   3.9600000000000000e+00   6.9977937098355741e-09
   3.9700000000000002e+00   2.2024873806112219e-08
   3.9800000000000000e+00   8.8767572751854181e-09
   3.9900000000000002e+00   1.3206571753722116e-08
   4.0000000000000000e+00   1.0382137027750896e-08
   4.0099999999999998e+00   2.7521847508710476e-07
   4.0200000000000005e+00   1.3967765235876700e-08
   4.0300000000000002e+00   1.8110337254504767e-08
   4.0400000000000000e+00   3.6709643353011838e-08
   4.0499999999999998e+00   2.2341178358378772e-08
   4.0600000000000005e+00   1.4904636784164061e-07
   4.0700000000000003e+00   1.9571407712704124e-08
   4.0800000000000001e+00   7.9201470549841185e-07
   4.0899999999999999e+00   4.2785262282724688e-08
   4.0999999999999996e+00   2.9109562871227639e-08
   4.1100000000000003e+00   5.9978564159461990e-08
   4.1200000000000001e+00   1.6011589491625353e-07
   4.1299999999999999e+00   6.4515653108718259e-08
   4.1399999999999997e+00   6.4203267565280300e-08
   4.1500000000000004e+00   1.5242322111078404e-07
   4.1600000000000001e+00   1.5554708940729864e-07
   4.1699999999999999e+00   9.1562238579360927e-08
   4.1799999999999997e+00   1.3497121986068839e-07
   4.1900000000000004e+00   8.7894505885092452e-08
   4.2000000000000002e+00   6.3080928503107618e-08
   4.2100000000000000e+00   5.4196198532876879e-08
   4.2199999999999998e+00   1.8603487788212284e-07
   4.2300000000000004e+00   1.3016593951569255e-07
   4.2400000000000002e+00   3.6609874802967886e-07
   4.2500000000000000e+00   1.0139226626651603e-07
   4.2599999999999998e+00   8.6047632016201681e-08
   4.2700000000000005e+00   1.2500572936519052e-07
   4.2800000000000002e+00   1.2289332548895665e-07
   4.2900000000000000e+00   1.2900638069820760e-07
   4.2999999999999998e+00   1.4787525243553265e-07
   4.3100000000000005e+00   1.8910748110178969e-07
   4.3200000000000003e+00   2.0662010585384049e-07
   4.3300000000000001e+00   3.2800439317888746e-07
   4.3399999999999999e+00   4.1133194961521808e-07
   4.3500000000000005e+00   1.7704363744498991e-07
   4.3600000000000003e+00   6.2402910946647291e-07
   4.3700000000000001e+00   1.6169868394430003e-06
   4.3799999999999999e+00   1.5189330767216024e-07
   4.3899999999999997e+00   1.9459131042205292e-07
   4.4000000000000004e+00   3.9251081166820051e-07
   4.4100000000000001e+00   3.5464314322327156e-07
   4.4199999999999999e+00   2.0310882019377941e-07
   4.4299999999999997e+00   3.7871288691252291e-07
   4.4400000000000004e+00   2.2301572136986354e-07
   4.4500000000000002e+00   2.1594528922552295e-07
   4.4600000000000000e+00   2.8680537215466695e-07
   4.4699999999999998e+00   4.9612000015438110e-07
   4.4800000000000004e+00   5.3253443447123901e-07
   4.4900000000000002e+00   2.9984898620646995e-07
   4.5000000000000000e+00   6.8263339047614881e-07
   4.5099999999999998e+00   2.1744814936190868e-07
   4.5200000000000005e+00   1.3145287820957364e-06
   4.5300000000000002e+00   1.4287945030904181e-07
   4.5400000000000000e+00   3.6984485801280452e-07
   4.5499999999999998e+00   1.8976534692833714e-07
   4.5600000000000005e+00   1.3643338490826978e-06
   4.5700000000000003e+00   4.0085579193391718e-07
   4.5800000000000001e+00   1.4762095107683783e-07
   4.5899999999999999e+00   1.1598765293572921e-07
   4.6000000000000005e+00   1.1623740518748399e-07
   4.6100000000000003e+00   2.2386677598503034e-07
   4.6200000000000001e+00   1.3156188829107587e-07
   4.6299999999999999e+00   1.0525298763773409e-07
   4.6399999999999997e+00   9.8603011353023440e-08
   4.6500000000000004e+00   6.9364472267471647e-08
   4.6600000000000001e+00   7.4517503724710540e-08
   4.6699999999999999e+00   1.1220654231624847e-07
   4.6799999999999997e+00   1.1594803161203203e-07
   4.6900000000000004e+00   1.3977686528321177e-07
   4.7000000000000002e+00   6.6261711402638817e-08
   4.7100000000000000e+00   8.1642724810520484e-08
   4.7199999999999998e+00   7.8394024719272084e-08
   4.7300000000000004e+00   1.1505047711612320e-07
   4.7400000000000002e+00   1.0551814381158665e-07
   4.7500000000000000e+00   1.7160645547026458e-07
   4.7599999999999998e+00   9.2101136324974529e-08
   4.7700000000000005e+00   3.8475475993229804e-07
   4.7800000000000002e+00   1.4740264247821369e-07
   4.7900000000000000e+00   1.4655987182860174e-07
   4.7999999999999998e+00   7.8055745198125873e-08
   4.8100000000000005e+00   1.4475338993960331e-07
   4.8200000000000003e+00   9.8517373629236568e-08
   4.8300000000000001e+00   1.4984646835432707e-07
   4.8399999999999999e+00   5.3388572101808306e-07
   4.8500000000000005e+00   6.5605048184045065e-08
   4.8600000000000003e+00   3.3221431706887043e-08
   4.8700000000000001e+00   3.5467517194411530e-08
   4.8799999999999999e+00   2.0243850346963261e-08
   4.8899999999999997e+00   8.3855790746470151e-08
   4.9000000000000004e+00   4.5610889604369221e-09
   4.9100000000000001e+00   4.0668330334593860e-10
   4.9199999999999999e+00   7.1213036527103320e-11
   4.9299999999999997e+00   1.3914908902441464e-11
   4.9400000000000004e+00   1.0609329447377806e-13
   4.9500000000000002e+00   7.8546644058207117e-15
   4.9600000000000000e+00   2.5450907827795026e-16
   4.9699999999999998e+00   1.1753159448445162e-22
   4.9800000000000004e+00   8.1871238441003950e-32
   4.9900000000000002e+00   9.3780621324327489e-37
   5.0000000000000000e+00   1.0985147541000921e-39
