#! FIELDS time d1
 0.000000 0.035069
 1.000000 0.038755
 2.000000 0.042919
 3.000000 0.040362
 4.000000 0.030480
 5.000000 0.042010
 6.000000 0.031277
 7.000000 0.047459
 8.000000 0.034734
 9.000000 0.047071
 10.000000 0.054580
 11.000000 0.037702
 12.000000 0.037320
 13.000000 0.044111
 14.000000 0.044035
 15.000000 0.037122
 16.000000 0.039906
 17.000000 0.038058
 18.000000 0.044039
 19.000000 0.034579
 20.000000 0.040921
 21.000000 0.036579
 22.000000 0.043185
 23.000000 0.042781
 24.000000 0.035311
 25.000000 0.034348
 26.000000 0.034356
 27.000000 0.045871
 28.000000 0.029644
 29.000000 0.039414
 30.000000 0.048335
 31.000000 0.049004
 32.000000 0.040390
 33.000000 0.044076
 34.000000 0.048190
 35.000000 0.043616
 36.000000 0.050387
 37.000000 0.045049
 38.000000 0.032423
 39.000000 0.039967
 40.000000 0.036314
 41.000000 0.036818
 42.000000 0.040979
 43.000000 0.054173
 44.000000 0.035230
 45.000000 0.043168
 46.000000 0.020593
 47.000000 0.057890
 48.000000 0.035387
 49.000000 0.041720
 50.000000 0.058376
 51.000000 0.031090
 52.000000 0.049885
 53.000000 0.039578
 54.000000 0.043658
 55.000000 0.040466
 56.000000 0.041734
 57.000000 0.051548
 58.000000 0.052327
 59.000000 0.039868
 60.000000 0.029559
 61.000000 0.030704
 62.000000 0.034687
 63.000000 0.058515
 64.000000 0.054949
 65.000000 0.030595
 66.000000 0.031789
 67.000000 0.024085
 68.000000 0.046991
 69.000000 0.032490
 70.000000 0.041728
 71.000000 0.042426
 72.000000 0.040037
 73.000000 0.048707
 74.000000 0.035287
 75.000000 0.045198
 76.000000 0.028065
 77.000000 0.025371
 78.000000 0.039060
 79.000000 0.040852
 80.000000 0.043713
 81.000000 0.023576
 82.000000 0.050998
 83.000000 0.041258
 84.000000 0.035543
 85.000000 0.043250
 86.000000 0.033501
 87.000000 0.043693
 88.000000 0.045654
 89.000000 0.038463
 90.000000 0.036347
 91.000000 0.031608
 92.000000 0.042658
 93.000000 0.031970
 94.000000 0.037646
 95.000000 0.043504
 96.000000 0.050807
 97.000000 0.048940
 98.000000 0.036953
 99.000000 0.034148
 100.000000 0.034394
 101.000000 0.051677
 102.000000 0.048406
 103.000000 0.044933
 104.000000 0.051234
 105.000000 0.042496
 106.000000 0.041416
 107.000000 0.045824
 108.000000 0.055311
 109.000000 0.050023
 110.000000 0.043264
 111.000000 0.047294
 112.000000 0.034582
 113.000000 0.048351
 114.000000 0.059942
 115.000000 0.038425
 116.000000 0.039542
 117.000000 0.039257
 118.000000 0.028621
 119.000000 0.049510
 120.000000 0.043611
 121.000000 0.036170
 122.000000 0.030671
 123.000000 0.027083
 124.000000 0.042175
 125.000000 0.038234
 126.000000 0.033475
 127.000000 0.047867
 128.000000 0.039136
 129.000000 0.038045
 130.000000 0.046923
 131.000000 0.041761
 132.000000 0.040848
 133.000000 0.040513
 134.000000 0.045569
 135.000000 0.045079
 136.000000 0.037361
 137.000000 0.032537
 138.000000 0.037660
 139.000000 0.041592
 140.000000 0.052367
 141.000000 0.041604
 142.000000 0.044512
 143.000000 0.032782
 144.000000 0.031632
 145.000000 0.038732
 146.000000 0.035569
 147.000000 0.042247
 148.000000 0.036574
 149.000000 0.039020
 150.000000 0.036916
 151.000000 0.050774
 152.000000 0.045057
 153.000000 0.038363
 154.000000 0.038689
 155.000000 0.038725
 156.000000 0.034817
 157.000000 0.025106
 158.000000 0.029018
 159.000000 0.032470
 160.000000 0.042741
 161.000000 0.050923
 162.000000 0.046899
 163.000000 0.043327
 164.000000 0.037983
 165.000000 0.043367
 166.000000 0.046148
 167.000000 0.046594
 168.000000 0.038040
 169.000000 0.038991
 170.000000 0.035623
 171.000000 0.029745
 172.000000 0.029704
 173.000000 0.042846
 174.000000 0.046373
 175.000000 0.029714
 176.000000 0.035306
 177.000000 0.040362
 178.000000 0.051903
 179.000000 0.043083
 180.000000 0.040959
 181.000000 0.036067
 182.000000 0.033432
 183.000000 0.041107
 184.000000 0.037687
 185.000000 0.031586
 186.000000 0.040361
 187.000000 0.032683
 188.000000 0.027663
 189.000000 0.030805
 190.000000 0.036319
 191.000000 0.033587
 192.000000 0.034005
 193.000000 0.050136
 194.000000 0.036783
 195.000000 0.042277
 196.000000 0.032823
 197.000000 0.040316
 198.000000 0.029643
 199.000000 0.036011
 200.000000 0.036649
 201.000000 0.041341
 202.000000 0.033185
 203.000000 0.028300
 204.000000 0.046664
 205.000000 0.037576
 206.000000 0.035789
 207.000000 0.040522
 208.000000 0.042728
 209.000000 0.047993
 210.000000 0.035260
 211.000000 0.051617
 212.000000 0.040240
 213.000000 0.029218
 214.000000 0.032583
 215.000000 0.032660
 216.000000 0.041136
 217.000000 0.055446
 218.000000 0.034697
 219.000000 0.035024
 220.000000 0.048054
 221.000000 0.041452
 222.000000 0.035352
 223.000000 0.041276
 224.000000 0.026430
 225.000000 0.034253
 226.000000 0.038059
 227.000000 0.040058
 228.000000 0.034815
 229.000000 0.044415
 230.000000 0.040499
 231.000000 0.036736
 232.000000 0.037987
 233.000000 0.049091
 234.000000 0.051508
 235.000000 0.050258
 236.000000 0.034073
 237.000000 0.039107
 238.000000 0.042017
 239.000000 0.036353
 240.000000 0.037490
 241.000000 0.038660
 242.000000 0.054267
 243.000000 0.038617
 244.000000 0.041831
 245.000000 0.050913
 246.000000 0.043934
 247.000000 0.046307
 248.000000 0.036706
 249.000000 0.027349
 250.000000 0.038733
 251.000000 0.039851
 252.000000 0.038332
 253.000000 0.029982
 254.000000 0.033540
 255.000000 0.044141
 256.000000 0.035582
 257.000000 0.041064
 258.000000 0.037850
 259.000000 0.032355
 260.000000 0.045969
 261.000000 0.039274
 262.000000 0.039032
 263.000000 0.034835
 264.000000 0.033295
 265.000000 0.042329
 266.000000 0.040608
 267.000000 0.034380
 268.000000 0.033595
 269.000000 0.032333
 270.000000 0.039853
 271.000000 0.034616
 272.000000 0.044352
 273.000000 0.040077
 274.000000 0.034680
 275.000000 0.036803
 276.000000 0.036911
 277.000000 0.033273
 278.000000 0.037873
 279.000000 0.037873
 280.000000 0.046156
 281.000000 0.046646
 282.000000 0.052013
 283.000000 0.033537
 284.000000 0.042430
 285.000000 0.058815
 286.000000 0.048934
 287.000000 0.049381
 288.000000 0.041782
 289.000000 0.040601
 290.000000 0.040641
 291.000000 0.041822
 292.000000 0.038826
 293.000000 0.043621
 294.000000 0.048346
 295.000000 0.031838
 296.000000 0.048167
 297.000000 0.035257
 298.000000 0.027959
 299.000000 0.042480
 300.000000 0.042755
 301.000000 0.042970
 302.000000 0.038330
 303.000000 0.034439
 304.000000 0.043044
 305.000000 0.047239
 306.000000 0.044293
 307.000000 0.045580
 308.000000 0.039149
 309.000000 0.042889
 310.000000 0.047437
 311.000000 0.050858
 312.000000 0.040349
 313.000000 0.041026
 314.000000 0.043469
 315.000000 0.041168
 316.000000 0.047130
 317.000000 0.044143
 318.000000 0.035967
 319.000000 0.040722
 320.000000 0.035347
 321.000000 0.031838
 322.000000 0.030636
 323.000000 0.049563
 324.000000 0.029619
 325.000000 0.049824
 326.000000 0.048344
 327.000000 0.036540
 328.000000 0.036729
 329.000000 0.034636
 330.000000 0.042847
 331.000000 0.031036
 332.000000 0.031656
 333.000000 0.042679
 334.000000 0.043230
 335.000000 0.030084
 336.000000 0.044436
 337.000000 0.045948
 338.000000 0.045152
 339.000000 0.042170
 340.000000 0.035873
 341.000000 0.040678
 342.000000 0.028745
 343.000000 0.046920
 344.000000 0.044778
 345.000000 0.042715
 346.000000 0.030681
 347.000000 0.037411
 348.000000 0.032810
 349.000000 0.047585
 350.000000 0.038386
 351.000000 0.033149
 352.000000 0.035997
 353.000000 0.038801
 354.000000 0.036473
 355.000000 0.044406
 356.000000 0.038264
 357.000000 0.046874
 358.000000 0.042803
 359.000000 0.035224
 360.000000 0.033258
 361.000000 0.050900
 362.000000 0.039621
 363.000000 0.034533
 364.000000 0.037848
 365.000000 0.041155
 366.000000 0.036820
 367.000000 0.041059
 368.000000 0.029293
 369.000000 0.046466
 370.000000 0.044529
 371.000000 0.037574
 372.000000 0.036888
 373.000000 0.036150
 374.000000 0.027085
 375.000000 0.051647
 376.000000 0.041615
 377.000000 0.040882
 378.000000 0.043712
 379.000000 0.036919
 380.000000 0.038538
 381.000000 0.041018
 382.000000 0.048872
 383.000000 0.030335
 384.000000 0.033804
 385.000000 0.037130
 386.000000 0.031033
 387.000000 0.035449
 388.000000 0.029852
 389.000000 0.033336
 390.000000 0.038071
 391.000000 0.034832
 392.000000 0.038292
 393.000000 0.035009
 394.000000 0.030344
 395.000000 0.045320
 396.000000 0.039944
 397.000000 0.037940
 398.000000 0.031136
 399.000000 0.043714
 400.000000 0.039938
 401.000000 0.038542
 402.000000 0.039100
 403.000000 0.047473
 404.000000 0.036280
 405.000000 0.055301
 406.000000 0.045267
 407.000000 0.050362
 408.000000 0.036206
 409.000000 0.040170
 410.000000 0.043064
 411.000000 0.033341
 412.000000 0.042346
 413.000000 0.051252
 414.000000 0.040381
 415.000000 0.029224
 416.000000 0.038099
 417.000000 0.044963
 418.000000 0.038443
 419.000000 0.038843
 420.000000 0.039181
 421.000000 0.022470
 422.000000 0.039886
 423.000000 0.036280
 424.000000 0.048916
 425.000000 0.042805
 426.000000 0.043478
 427.000000 0.036321
 428.000000 0.034943
 429.000000 0.039086
 430.000000 0.033997
 431.000000 0.039783
 432.000000 0.052474
 433.000000 0.026698
 434.000000 0.038019
 435.000000 0.042584
 436.000000 0.041730
 437.000000 0.035739
 438.000000 0.045568
 439.000000 0.044107
 440.000000 0.049732
 441.000000 0.041506
 442.000000 0.046702
 443.000000 0.044239
 444.000000 0.032703
 445.000000 0.030344
 446.000000 0.039586
 447.000000 0.030796
 448.000000 0.053225
 449.000000 0.034816
 450.000000 0.039337
 451.000000 0.038227
 452.000000 0.039809
 453.000000 0.036821
 454.000000 0.034555
 455.000000 0.036867
 456.000000 0.038719
 457.000000 0.036245
 458.000000 0.046291
 459.000000 0.041135
 460.000000 0.041037
 461.000000 0.036477
 462.000000 0.041210
 463.000000 0.044921
 464.000000 0.031869
 465.000000 0.034551
 466.000000 0.043736
 467.000000 0.037417
 468.000000 0.034152
 469.000000 0.039440
 470.000000 0.036702
 471.000000 0.048362
 472.000000 0.039286
 473.000000 0.045146
 474.000000 0.041877
 475.000000 0.044032
 476.000000 0.041168
 477.000000 0.043854
 478.000000 0.033995
 479.000000 0.046620
 480.000000 0.047474
 481.000000 0.044553
 482.000000 0.044006
 483.000000 0.028443
 484.000000 0.042187
 485.000000 0.043442
 486.000000 0.047933
 487.000000 0.021734
 488.000000 0.043226
 489.000000 0.044137
 490.000000 0.036194
 491.000000 0.038353
 492.000000 0.042560
 493.000000 0.036007
 494.000000 0.037269
 495.000000 0.048919
 496.000000 0.046469
 497.000000 0.051697
 498.000000 0.049636
 499.000000 0.031013
 500.000000 0.049042
 501.000000 0.046778
 502.000000 0.054328
 503.000000 0.030640
 504.000000 0.058064
 505.000000 0.053491
 506.000000 0.038076
 507.000000 0.027488
 508.000000 0.052978
 509.000000 0.037224
 510.000000 0.036977
 511.000000 0.034742
 512.000000 0.032007
 513.000000 0.050082
 514.000000 0.037854
 515.000000 0.044296
 516.000000 0.033809
 517.000000 0.043552
 518.000000 0.042414
 519.000000 0.040152
 520.000000 0.040980
 521.000000 0.037977
 522.000000 0.050112
 523.000000 0.041420
 524.000000 0.047941
 525.000000 0.024993
 526.000000 0.051447
 527.000000 0.025825
 528.000000 0.045170
 529.000000 0.042275
 530.000000 0.033214
 531.000000 0.044959
 532.000000 0.046822
 533.000000 0.039366
 534.000000 0.037009
 535.000000 0.036236
 536.000000 0.045287
 537.000000 0.024589
 538.000000 0.042787
 539.000000 0.028561
 540.000000 0.033108
 541.000000 0.046760
 542.000000 0.057014
 543.000000 0.044744
 544.000000 0.051619
 545.000000 0.045825
 546.000000 0.047645
 547.000000 0.037236
 548.000000 0.046778
 549.000000 0.033876
 550.000000 0.039512
 551.000000 0.038501
 552.000000 0.032953
 553.000000 0.048516
 554.000000 0.037113
 555.000000 0.036595
 556.000000 0.046719
 557.000000 0.041457
 558.000000 0.036759
 559.000000 0.040168
 560.000000 0.042709
 561.000000 0.043781
 562.000000 0.042256
 563.000000 0.035536
 564.000000 0.040927
 565.000000 0.033420
 566.000000 0.043007
 567.000000 0.040191
 568.000000 0.048384
 569.000000 0.040362
 570.000000 0.032679
 571.000000 0.038972
 572.000000 0.036845
 573.000000 0.043385
 574.000000 0.044749
 575.000000 0.039771
 576.000000 0.037413
 577.000000 0.049345
 578.000000 0.046735
 579.000000 0.037651
 580.000000 0.034391
 581.000000 0.042903
 582.000000 0.046484
 583.000000 0.045521
 584.000000 0.028622
 585.000000 0.036436
 586.000000 0.045439
 587.000000 0.041809
 588.000000 0.038522
 589.000000 0.046445
 590.000000 0.032291
 591.000000 0.033978
 592.000000 0.045184
 593.000000 0.026967
 594.000000 0.042931
 595.000000 0.053938
 596.000000 0.036526
 597.000000 0.053069
 598.000000 0.029906
 599.000000 0.037870
 600.000000 0.035500
 601.000000 0.028316
 602.000000 0.030499
 603.000000 0.041063
 604.000000 0.042230
 605.000000 0.046472
 606.000000 0.030442
 607.000000 0.029846
 608.000000 0.052394
 609.000000 0.053924
 610.000000 0.039423
 611.000000 0.045589
 612.000000 0.038780
 613.000000 0.035545
 614.000000 0.032513
 615.000000 0.047816
 616.000000 0.037746
 617.000000 0.047541
 618.000000 0.039978
 619.000000 0.023642
 620.000000 0.037528
 621.000000 0.067634
 622.000000 0.030810
 623.000000 0.033486
 624.000000 0.042766
 625.000000 0.041870
 626.000000 0.049555
 627.000000 0.049452
 628.000000 0.046027
 629.000000 0.037649
 630.000000 0.039733
 631.000000 0.026193
 632.000000 0.040147
 633.000000 0.038898
 634.000000 0.036694
 635.000000 0.037956
 636.000000 0.035728
 637.000000 0.042476
 638.000000 0.043606
 639.000000 0.032065
 640.000000 0.029695
 641.000000 0.038818
 642.000000 0.042076
 643.000000 0.050433
 644.000000 0.043655
 645.000000 0.047350
 646.000000 0.043529
 647.000000 0.043805
 648.000000 0.050424
 649.000000 0.043728
 650.000000 0.034771
 651.000000 0.037620
 652.000000 0.036484
 653.000000 0.037582
 654.000000 0.043668
 655.000000 0.041615
 656.000000 0.042803
 657.000000 0.040921
 658.000000 0.053854
 659.000000 0.038777
 660.000000 0.032270
 661.000000 0.039700
 662.000000 0.028995
 663.000000 0.046856
 664.000000 0.040913
 665.000000 0.037300
 666.000000 0.036570
 667.000000 0.043476
 668.000000 0.039691
 669.000000 0.039121
 670.000000 0.030553
 671.000000 0.031891
 672.000000 0.040010
 673.000000 0.037797
 674.000000 0.042115
 675.000000 0.036559
 676.000000 0.034431
 677.000000 0.046136
 678.000000 0.046317
 679.000000 0.033456
 680.000000 0.042950
 681.000000 0.023314
 682.000000 0.041898
 683.000000 0.035092
 684.000000 0.043592
 685.000000 0.039871
 686.000000 0.047803
 687.000000 0.039412
 688.000000 0.043809
 689.000000 0.044131
 690.000000 0.041172
 691.000000 0.038290
 692.000000 0.037096
 693.000000 0.036402
 694.000000 0.032127
 695.000000 0.034562
 696.000000 0.046139
 697.000000 0.038383
 698.000000 0.036416
 699.000000 0.050741
 700.000000 0.046704
 701.000000 0.035048
 702.000000 0.043799
 703.000000 0.037812
 704.000000 0.039257
 705.000000 0.036729
 706.000000 0.035377
 707.000000 0.034224
 708.000000 0.035143
 709.000000 0.050323
 710.000000 0.033465
 711.000000 0.041412
 712.000000 0.045204
 713.000000 0.028057
 714.000000 0.043684
 715.000000 0.040281
 716.000000 0.040568
 717.000000 0.035735
 718.000000 0.034061
 719.000000 0.029034
 720.000000 0.032778
 721.000000 0.039236
 722.000000 0.039617
 723.000000 0.040714
 724.000000 0.035298
 725.000000 0.040622
 726.000000 0.037816
 727.000000 0.037097
 728.000000 0.042866
 729.000000 0.048749
 730.000000 0.033382
 731.000000 0.038095
 732.000000 0.041498
 733.000000 0.040224
 734.000000 0.031928
 735.000000 0.035780
 736.000000 0.037467
 737.000000 0.041621
 738.000000 0.047668
 739.000000 0.040218
 740.000000 0.034361
 741.000000 0.055513
 742.000000 0.036880
 743.000000 0.037189
 744.000000 0.035917
 745.000000 0.035073
 746.000000 0.047297
 747.000000 0.038504
 748.000000 0.039147
 749.000000 0.041131
 750.000000 0.052647
 751.000000 0.029450
 752.000000 0.041607
 753.000000 0.038005
 754.000000 0.034141
 755.000000 0.045907
 756.000000 0.037988
 757.000000 0.038419
 758.000000 0.037046
 759.000000 0.040131
 760.000000 0.044783
 761.000000 0.048791
 762.000000 0.038054
 763.000000 0.037687
 764.000000 0.043834
 765.000000 0.044439
 766.000000 0.023856
 767.000000 0.046009
 768.000000 0.044454
 769.000000 0.039532
 770.000000 0.039889
 771.000000 0.038342
 772.000000 0.037394
 773.000000 0.037070
 774.000000 0.043761
 775.000000 0.042532
 776.000000 0.036987
 777.000000 0.042984
 778.000000 0.050930
 779.000000 0.036198
 780.000000 0.033027
 781.000000 0.033766
 782.000000 0.034777
 783.000000 0.038119
 784.000000 0.039923
 785.000000 0.046150
 786.000000 0.034714
 787.000000 0.041699
 788.000000 0.040020
 789.000000 0.029755
 790.000000 0.042811
 791.000000 0.049929
 792.000000 0.027218
 793.000000 0.037471
 794.000000 0.041164
 795.000000 0.041974
 796.000000 0.050468
 797.000000 0.039781
 798.000000 0.041293
 799.000000 0.037822
 800.000000 0.043937
 801.000000 0.047852
 802.000000 0.047548
 803.000000 0.032087
 804.000000 0.040164
 805.000000 0.036096
 806.000000 0.046901
 807.000000 0.033778
 808.000000 0.033329
 809.000000 0.052029
 810.000000 0.027954
 811.000000 0.035117
 812.000000 0.033988
 813.000000 0.035562
 814.000000 0.032128
 815.000000 0.051980
 816.000000 0.035365
 817.000000 0.034434
 818.000000 0.031266
 819.000000 0.038742
 820.000000 0.042907
 821.000000 0.047320
 822.000000 0.039443
 823.000000 0.035917
 824.000000 0.034880
 825.000000 0.040964
 826.000000 0.029893
 827.000000 0.029523
 828.000000 0.042283
 829.000000 0.044521
 830.000000 0.040173
 831.000000 0.040225
 832.000000 0.041959
 833.000000 0.046782
 834.000000 0.037688
 835.000000 0.051477
 836.000000 0.035694
 837.000000 0.039268
 838.000000 0.051837
 839.000000 0.045053
 840.000000 0.046559
 841.000000 0.039936
 842.000000 0.034183
 843.000000 0.038049
 844.000000 0.041871
 845.000000 0.028894
 846.000000 0.041083
 847.000000 0.047533
 848.000000 0.035729
 849.000000 0.046268
 850.000000 0.035933
 851.000000 0.042689
 852.000000 0.036977
 853.000000 0.047346
 854.000000 0.041499
 855.000000 0.044760
 856.000000 0.041977
 857.000000 0.043152
 858.000000 0.041205
 859.000000 0.035984
 860.000000 0.030908
 861.000000 0.030424
 862.000000 0.044573
 863.000000 0.053539
 864.000000 0.038888
 865.000000 0.030293
 866.000000 0.037473
 867.000000 0.059760
 868.000000 0.040122
 869.000000 0.052397
 870.000000 0.036280
 871.000000 0.042875
 872.000000 0.039160
 873.000000 0.038049
 874.000000 0.049601
 875.000000 0.036094
 876.000000 0.042683
 877.000000 0.044360
 878.000000 0.044122
 879.000000 0.037573
 880.000000 0.030874
 881.000000 0.034405
 882.000000 0.044829
 883.000000 0.043865
 884.000000 0.044684
 885.000000 0.040536
 886.000000 0.036687
 887.000000 0.046604
 888.000000 0.038097
 889.000000 0.038805
 890.000000 0.046143
 891.000000 0.034808
 892.000000 0.032852
 893.000000 0.035882
 894.000000 0.039407
 895.000000 0.031599
 896.000000 0.042780
 897.000000 0.043427
 898.000000 0.044308
 899.000000 0.028144
 900.000000 0.040203
 901.000000 0.041325
 902.000000 0.026139
 903.000000 0.048220
 904.000000 0.035101
 905.000000 0.042959
 906.000000 0.036700
 907.000000 0.036984
 908.000000 0.044633
 909.000000 0.036592
 910.000000 0.039067
 911.000000 0.036569
 912.000000 0.032184
 913.000000 0.032946
 914.000000 0.040636
 915.000000 0.044039
 916.000000 0.033271
 917.000000 0.044693
 918.000000 0.038418
 919.000000 0.029795
 920.000000 0.046150
 921.000000 0.040182
 922.000000 0.044945
 923.000000 0.036246
 924.000000 0.048762
 925.000000 0.046426
 926.000000 0.046037
 927.000000 0.044292
 928.000000 0.036136
 929.000000 0.041144
 930.000000 0.026941
 931.000000 0.031420
 932.000000 0.041247
 933.000000 0.046807
 934.000000 0.045383
 935.000000 0.038891
 936.000000 0.044219
 937.000000 0.030893
 938.000000 0.034547
 939.000000 0.048950
 940.000000 0.043498
 941.000000 0.035444
 942.000000 0.033442
 943.000000 0.037179
 944.000000 0.033625
 945.000000 0.029501
 946.000000 0.037568
 947.000000 0.046347
 948.000000 0.049595
 949.000000 0.042663
 950.000000 0.033467
 951.000000 0.033107
 952.000000 0.042090
 953.000000 0.036287
 954.000000 0.042624
 955.000000 0.036280
 956.000000 0.040816
 957.000000 0.032861
 958.000000 0.036342
 959.000000 0.052455
 960.000000 0.040043
 961.000000 0.039520
 962.000000 0.042422
 963.000000 0.036383
 964.000000 0.044026
 965.000000 0.047202
 966.000000 0.037752
 967.000000 0.044299
 968.000000 0.035677
 969.000000 0.044838
 970.000000 0.050511
 971.000000 0.040358
 972.000000 0.029001
 973.000000 0.028709
 974.000000 0.039830
 975.000000 0.043308
 976.000000 0.036473
 977.000000 0.039821
 978.000000 0.038630
 979.000000 0.036895
 980.000000 0.037581
 981.000000 0.034307
 982.000000 0.035910
 983.000000 0.036802
 984.000000 0.049004
 985.000000 0.037203
 986.000000 0.049124
 987.000000 0.043045
 988.000000 0.024008
 989.000000 0.047210
 990.000000 0.027442
 991.000000 0.024442
 992.000000 0.038028
 993.000000 0.041642
 994.000000 0.044667
 995.000000 0.040801
 996.000000 0.041254
 997.000000 0.047557
 998.000000 0.046235
 999.000000 0.032159
 1000.000000 0.042053
