#! FIELDS distance ffd1 dffd1_distance
#! SET normalisation  1.000000
#! SET min_distance 0
#! SET max_distance 0.4
#! SET nbins_distance  800
#! SET periodic_distance false
 0.000000 1.199914 -0.102504
 0.000500 1.199864 -0.101215
 0.001000 1.199813 -0.099927
 0.001500 1.199764 -0.098638
 0.002000 1.199715 -0.097349
 0.002500 1.199666 -0.096061
 0.003000 1.199619 -0.094772
 0.003500 1.199571 -0.093483
 0.004000 1.199525 -0.092195
 0.004500 1.199479 -0.090906
 0.005000 1.199434 -0.089617
 0.005500 1.199390 -0.088329
 0.006000 1.199346 -0.087040
 0.006500 1.199303 -0.085751
 0.007000 1.199260 -0.084463
 0.007500 1.199218 -0.083174
 0.008000 1.199177 -0.081885
 0.008500 1.199136 -0.080596
 0.009000 1.199096 -0.079308
 0.009500 1.199057 -0.078019
 0.010000 1.199018 -0.076730
 0.010500 1.198980 -0.075442
 0.011000 1.198943 -0.074153
 0.011500 1.198906 -0.072864
 0.012000 1.198870 -0.071576
 0.012500 1.198834 -0.070287
 0.013000 1.198800 -0.068998
 0.013500 1.198765 -0.067710
 0.014000 1.198732 -0.066421
 0.014500 1.198699 -0.065132
 0.015000 1.198667 -0.063844
 0.015500 1.198635 -0.062555
 0.016000 1.198604 -0.061266
 0.016500 1.198574 -0.059977
 0.017000 1.198544 -0.058689
 0.017500 1.198515 -0.057400
 0.018000 1.198487 -0.056111
 0.018500 1.198459 -0.054823
 0.019000 1.198432 -0.053534
 0.019500 1.198406 -0.052245
 0.020000 1.198380 -0.050957
 0.020500 1.198355 -0.049668
 0.021000 1.198330 -0.048379
 0.021500 1.198306 -0.047091
 0.022000 1.198283 -0.045802
 0.022500 1.198260 -0.044513
 0.023000 1.198239 -0.043225
 0.023500 1.198217 -0.041936
 0.024000 1.198197 -0.040647
 0.024500 1.198177 -0.039359
 0.025000 1.198157 -0.038070
 0.025500 1.198139 -0.036781
 0.026000 1.198120 -0.035492
 0.026500 1.198103 -0.034204
 0.027000 1.198086 -0.032915
 0.027500 1.198070 -0.031626
 0.028000 1.198055 -0.030338
 0.028500 1.198040 -0.029049
 0.029000 1.198026 -0.027760
 0.029500 1.198012 -0.026472
 0.030000 1.197999 -0.025183
 0.030500 1.197987 -0.023894
 0.031000 1.197975 -0.022606
 0.031500 1.197964 -0.021317
 0.032000 1.197954 -0.020028
 0.032500 1.197944 -0.018740
 0.033000 1.197935 -0.017451
 0.033500 1.197927 -0.016162
 0.034000 1.197919 -0.014873
 0.034500 1.197912 -0.013585
 0.035000 1.197905 -0.012296
 0.035500 1.197900 -0.011007
 0.036000 1.197894 -0.009719
 0.036500 1.197890 -0.008430
 0.037000 1.197886 -0.007141
 0.037500 1.197883 -0.005853
 0.038000 1.197880 -0.004564
 0.038500 1.197878 -0.003275
 0.039000 1.197877 -0.001987
 0.039500 1.197876 -0.000698
 0.040000 1.197876 0.000591
 0.040500 1.197877 0.001879
 0.041000 1.197878 0.003168
 0.041500 1.197880 0.004457
 0.042000 1.197883 0.005745
 0.042500 1.197886 0.007034
 0.043000 1.197890 0.008323
 0.043500 1.197894 0.009612
 0.044000 1.197899 0.010900
 0.044500 1.197905 0.012189
 0.045000 1.197911 0.013478
 0.045500 1.197918 0.014766
 0.046000 1.197926 0.016055
 0.046500 1.197934 0.017344
 0.047000 1.197943 0.018632
 0.047500 1.197953 0.019921
 0.048000 1.197963 0.021210
 0.048500 1.197974 0.022498
 0.049000 1.197986 0.023787
 0.049500 1.197998 0.025076
 0.050000 1.198011 0.026364
 0.050500 1.198024 0.027653
 0.051000 1.198039 0.028942
 0.051500 1.198053 0.030231
 0.052000 1.198069 0.031519
 0.052500 1.198085 0.032808
 0.053000 1.198102 0.034097
 0.053500 1.198119 0.035385
 0.054000 1.198137 0.036674
 0.054500 1.198156 0.037963
 0.055000 1.198175 0.039251
 0.055500 1.198195 0.040540
 0.056000 1.198216 0.041829
 0.056500 1.198237 0.043117
 0.057000 1.198259 0.044406
 0.057500 1.198281 0.045695
 0.058000 1.198304 0.046983
 0.058500 1.198328 0.048272
 0.059000 1.198353 0.049561
 0.059500 1.198378 0.050849
 0.060000 1.198403 0.052138
 0.060500 1.198430 0.053427
 0.061000 1.198457 0.054716
 0.061500 1.198485 0.056004
 0.062000 1.198513 0.057293
 0.062500 1.198542 0.058582
 0.063000 1.198571 0.059870
 0.063500 1.198602 0.061159
 0.064000 1.198633 0.062448
 0.064500 1.198664 0.063736
 0.065000 1.198696 0.065025
 0.065500 1.198729 0.066314
 0.066000 1.198763 0.067602
 0.066500 1.198797 0.068891
 0.067000 1.198832 0.070180
 0.067500 1.198867 0.071468
 0.068000 1.198903 0.072757
 0.068500 1.198940 0.074046
 0.069000 1.198977 0.075335
 0.069500 1.199015 0.076623
 0.070000 1.199054 0.077912
 0.070500 1.199093 0.079201
 0.071000 1.199133 0.080489
 0.071500 1.199173 0.081778
 0.072000 1.199215 0.083067
 0.072500 1.199257 0.084355
 0.073000 1.199299 0.085644
 0.073500 1.199342 0.086933
 0.074000 1.199386 0.088221
 0.074500 1.199430 0.089510
 0.075000 1.199475 0.090799
 0.075500 1.199521 0.092087
 0.076000 1.199568 0.093376
 0.076500 1.199615 0.094665
 0.077000 1.199662 0.095953
 0.077500 1.199711 0.097242
 0.078000 1.199759 0.098531
 0.078500 1.199809 0.099820
 0.079000 1.199859 0.101108
 0.079500 1.199910 0.102397
 0.080000 1.199962 0.103686
 0.080500 1.200014 0.104974
 0.081000 1.200067 0.106263
 0.081500 1.200120 0.107552
 0.082000 1.200174 0.108840
 0.082500 1.200229 0.110129
 0.083000 1.200284 0.111418
 0.083500 1.200340 0.112706
 0.084000 1.200397 0.113995
 0.084500 1.200454 0.115284
 0.085000 1.200512 0.116572
 0.085500 1.200571 0.117861
 0.086000 1.200630 0.119150
 0.086500 1.200690 0.120439
 0.087000 1.200751 0.121727
 0.087500 1.200812 0.123016
 0.088000 1.200874 0.124305
 0.088500 1.200936 0.125593
 0.089000 1.200999 0.126882
 0.089500 1.201063 0.128171
 0.090000 1.201127 0.129459
 0.090500 1.201192 0.130748
 0.091000 1.201258 0.132037
 0.091500 1.201325 0.133325
 0.092000 1.201392 0.134614
 0.092500 1.201459 0.135903
 0.093000 1.201527 0.137191
 0.093500 1.201596 0.138480
 0.094000 1.201666 0.139769
 0.094500 1.201736 0.141058
 0.095000 1.201807 0.142346
 0.095500 1.201878 0.143635
 0.096000 1.201951 0.144924
 0.096500 1.202023 0.146212
 0.097000 1.202097 0.147501
 0.097500 1.202171 0.148790
 0.098000 1.202246 0.150078
 0.098500 1.202321 0.151367
 0.099000 1.202397 0.152656
 0.099500 1.202474 0.153944
 0.100000 1.202551 0.155233
 0.100500 1.202629 0.156522
 0.101000 1.202707 0.157810
 0.101500 1.202787 0.159099
 0.102000 1.202867 0.160388
 0.102500 1.202947 0.161676
 0.103000 1.203028 0.162965
 0.103500 1.203110 0.164254
 0.104000 1.203192 0.165543
 0.104500 1.203276 0.166831
 0.105000 1.203359 0.168120
 0.105500 1.203444 0.169409
 0.106000 1.203529 0.170697
 0.106500 1.203614 0.171986
 0.107000 1.203701 0.173275
 0.107500 1.203788 0.174563
 0.108000 1.203875 0.175852
 0.108500 1.203963 0.177141
 0.109000 1.204052 0.178429
 0.109500 1.204142 0.179718
 0.110000 1.204232 0.181007
 0.110500 1.204323 0.182295
 0.111000 1.204414 0.183584
 0.111500 1.204506 0.184873
 0.112000 1.204599 0.186162
 0.112500 1.204693 0.187450
 0.113000 1.204787 0.188739
 0.113500 1.204881 0.190028
 0.114000 1.204977 0.191316
 0.114500 1.205073 0.192605
 0.115000 1.205169 0.193894
 0.115500 1.205267 0.195182
 0.116000 1.205365 0.196471
 0.116500 1.205463 0.197760
 0.117000 1.205562 0.199048
 0.117500 1.205662 0.200337
 0.118000 1.205763 0.201626
 0.118500 1.205864 0.202914
 0.119000 1.205966 0.204203
 0.119500 1.206068 0.205492
 0.120000 1.206171 0.206780
 0.120500 1.206275 0.208069
 0.121000 1.206379 0.209358
 0.121500 1.206484 0.210647
 0.122000 1.206590 0.211935
 0.122500 1.206696 0.213224
 0.123000 1.206803 0.214513
 0.123500 1.206911 0.215801
 0.124000 1.207019 0.217090
 0.124500 1.207128 0.218379
 0.125000 1.207237 0.219667
 0.125500 1.207347 0.220956
 0.126000 1.207458 0.222245
 0.126500 1.207570 0.223533
 0.127000 1.207682 0.224822
 0.127500 1.207794 0.226111
 0.128000 1.207908 0.227399
 0.128500 1.208022 0.228688
 0.129000 1.208136 0.229977
 0.129500 1.208252 0.231266
 0.130000 1.208368 0.232554
 0.130500 1.208484 0.233843
 0.131000 1.208602 0.235132
 0.131500 1.208719 0.236420
 0.132000 1.208838 0.237709
 0.132500 1.208957 0.238998
 0.133000 1.209077 0.240286
 0.133500 1.209197 0.241575
 0.134000 1.209319 0.242864
 0.134500 1.209440 0.244152
 0.135000 1.209563 0.245441
 0.135500 1.209686 0.246730
 0.136000 1.209809 0.248018
 0.136500 1.209934 0.249307
 0.137000 1.210059 0.250596
 0.137500 1.210184 0.251884
 0.138000 1.210311 0.253173
 0.138500 1.210438 0.254462
 0.139000 1.210565 0.255751
 0.139500 1.210693 0.257039
 0.140000 1.210822 0.258328
 0.140500 1.210952 0.259617
 0.141000 1.211082 0.260905
 0.141500 1.211212 0.262194
 0.142000 1.211344 0.263483
 0.142500 1.211476 0.264771
 0.143000 1.211609 0.266060
 0.143500 1.211742 0.267349
 0.144000 1.211876 0.268637
 0.144500 1.212011 0.269926
 0.145000 1.212146 0.271215
 0.145500 1.212282 0.272503
 0.146000 1.212418 0.273792
 0.146500 1.212556 0.275081
 0.147000 1.212694 0.276370
 0.147500 1.212832 0.277658
 0.148000 1.212971 0.278947
 0.148500 1.213111 0.280236
 0.149000 1.213251 0.281524
 0.149500 1.213393 0.282813
 0.150000 1.213534 0.284102
 0.150500 1.213677 0.285390
 0.151000 1.213820 0.286679
 0.151500 1.213963 0.287968
 0.152000 1.214108 0.289256
 0.152500 1.214253 0.290545
 0.153000 1.214398 0.291834
 0.153500 1.214544 0.293122
 0.154000 1.214691 0.294411
 0.154500 1.214839 0.295700
 0.155000 1.214987 0.296988
 0.155500 1.215136 0.298277
 0.156000 1.215285 0.299566
 0.156500 1.215435 0.300855
 0.157000 1.215586 0.302143
 0.157500 1.215738 0.303432
 0.158000 1.215890 0.304721
 0.158500 1.216042 0.306009
 0.159000 1.216196 0.307298
 0.159500 1.216350 0.308587
 0.160000 1.216504 0.309875
 0.160500 1.216659 0.311164
 0.161000 1.216815 0.312453
 0.161500 1.216972 0.313741
 0.162000 1.217129 0.315030
 0.162500 1.217287 0.316319
 0.163000 1.217445 0.317607
 0.163500 1.217604 0.318896
 0.164000 1.217764 0.320185
 0.164500 1.217925 0.321474
 0.165000 1.218086 0.322762
 0.165500 1.218247 0.324051
 0.166000 1.218410 0.325340
 0.166500 1.218573 0.326628
 0.167000 1.218736 0.327917
 0.167500 1.218901 0.329206
 0.168000 1.219066 0.330494
 0.168500 1.219231 0.331783
 0.169000 1.219397 0.333072
 0.169500 1.219564 0.334360
 0.170000 1.219732 0.335649
 0.170500 1.219900 0.336938
 0.171000 1.220069 0.338226
 0.171500 1.220238 0.339515
 0.172000 1.220408 0.340804
 0.172500 1.220579 0.342092
 0.173000 1.220750 0.343381
 0.173500 1.220922 0.344670
 0.174000 1.221095 0.345959
 0.174500 1.221268 0.347247
 0.175000 1.221442 0.348536
 0.175500 1.221617 0.349825
 0.176000 1.221792 0.351113
 0.176500 1.221968 0.352402
 0.177000 1.222144 0.353691
 0.177500 1.222322 0.354979
 0.178000 1.222499 0.356268
 0.178500 1.222678 0.357557
 0.179000 1.222857 0.358845
 0.179500 1.223037 0.360134
 0.180000 1.223217 0.361423
 0.180500 1.223398 0.362711
 0.181000 1.223580 0.364000
 0.181500 1.223762 0.365289
 0.182000 1.223945 0.366578
 0.182500 1.224129 0.367866
 0.183000 1.224313 0.369155
 0.183500 1.224498 0.370444
 0.184000 1.224683 0.371732
 0.184500 1.224870 0.373021
 0.185000 1.225056 0.374310
 0.185500 1.225244 0.375598
 0.186000 1.225432 0.376887
 0.186500 1.225621 0.378176
 0.187000 1.225810 0.379464
 0.187500 1.226000 0.380753
 0.188000 1.226191 0.382042
 0.188500 1.226382 0.383330
 0.189000 1.226574 0.384619
 0.189500 1.226767 0.385908
 0.190000 1.226960 0.387196
 0.190500 1.227154 0.388485
 0.191000 1.227349 0.389774
 0.191500 1.227544 0.391063
 0.192000 1.227740 0.392351
 0.192500 1.227936 0.393640
 0.193000 1.228133 0.394929
 0.193500 1.228331 0.396217
 0.194000 1.228530 0.397506
 0.194500 1.228729 0.398795
 0.195000 1.228928 0.400083
 0.195500 1.229129 0.401372
 0.196000 1.229330 0.402661
 0.196500 1.229531 0.403949
 0.197000 1.229734 0.405238
 0.197500 1.229937 0.406527
 0.198000 1.230140 0.407815
 0.198500 1.230344 0.409104
 0.199000 1.230549 0.410393
 0.199500 1.230755 0.411682
 0.200000 1.230961 0.412970
 0.200500 1.231168 0.414259
 0.201000 1.231375 0.415548
 0.201500 1.231583 0.416836
 0.202000 1.231792 0.418125
 0.202500 1.232002 0.419414
 0.203000 1.232212 0.420702
 0.203500 1.232422 0.421991
 0.204000 1.232634 0.423280
 0.204500 1.232846 0.424568
 0.205000 1.233058 0.425857
 0.205500 1.233271 0.427146
 0.206000 1.233485 0.428434
 0.206500 1.233700 0.429723
 0.207000 1.233915 0.431012
 0.207500 1.234131 0.432300
 0.208000 1.234347 0.433589
 0.208500 1.234564 0.434878
 0.209000 1.234782 0.436167
 0.209500 1.235001 0.437455
 0.210000 1.235220 0.438744
 0.210500 1.235439 0.440033
 0.211000 1.235660 0.441321
 0.211500 1.235881 0.442610
 0.212000 1.236102 0.443899
 0.212500 1.236325 0.445187
 0.213000 1.236547 0.446476
 0.213500 1.236771 0.447765
 0.214000 1.236995 0.449053
 0.214500 1.237220 0.450342
 0.215000 1.237446 0.451631
 0.215500 1.237672 0.452919
 0.216000 1.237898 0.454208
 0.216500 1.238126 0.455497
 0.217000 1.238354 0.456786
 0.217500 1.238583 0.458074
 0.218000 1.238812 0.459363
 0.218500 1.239042 0.460652
 0.219000 1.239273 0.461940
 0.219500 1.239504 0.463229
 0.220000 1.239736 0.464518
 0.220500 1.239969 0.465806
 0.221000 1.240202 0.467095
 0.221500 1.240436 0.468384
 0.222000 1.240670 0.469672
 0.222500 1.240905 0.470961
 0.223000 1.241141 0.472250
 0.223500 1.241378 0.473538
 0.224000 1.241615 0.474827
 0.224500 1.241852 0.476116
 0.225000 1.242091 0.477404
 0.225500 1.242330 0.478693
 0.226000 1.242569 0.479982
 0.226500 1.242810 0.481271
 0.227000 1.243051 0.482559
 0.227500 1.243292 0.483848
 0.228000 1.243535 0.485137
 0.228500 1.243777 0.486425
 0.229000 1.244021 0.487714
 0.229500 1.244265 0.489003
 0.230000 1.244510 0.490291
 0.230500 1.244755 0.491580
 0.231000 1.245002 0.492869
 0.231500 1.245248 0.494157
 0.232000 1.245496 0.495446
 0.232500 1.245744 0.496735
 0.233000 1.245992 0.498023
 0.233500 1.246242 0.499312
 0.234000 1.246492 0.500601
 0.234500 1.246742 0.501890
 0.235000 1.246994 0.503178
 0.235500 1.247246 0.504467
 0.236000 1.247498 0.505756
 0.236500 1.247751 0.507044
 0.237000 1.248005 0.508333
 0.237500 1.248260 0.509622
 0.238000 1.248515 0.510910
 0.238500 1.248771 0.512199
 0.239000 1.249027 0.513488
 0.239500 1.249284 0.514776
 0.240000 1.249542 0.516065
 0.240500 1.249800 0.517354
 0.241000 1.250059 0.518642
 0.241500 1.250319 0.519931
 0.242000 1.250579 0.521220
 0.242500 1.250840 0.522508
 0.243000 1.251102 0.523797
 0.243500 1.251364 0.525086
 0.244000 1.251627 0.526375
 0.244500 1.251890 0.527663
 0.245000 1.252154 0.528952
 0.245500 1.252419 0.530241
 0.246000 1.252685 0.531529
 0.246500 1.252951 0.532818
 0.247000 1.253217 0.534107
 0.247500 1.253485 0.535395
 0.248000 1.253753 0.536684
 0.248500 1.254021 0.537973
 0.249000 1.254291 0.539261
 0.249500 1.254561 0.540550
 0.250000 1.254831 0.541839
 0.250500 1.255103 0.543127
 0.251000 1.255374 0.544416
 0.251500 1.255647 0.545705
 0.252000 1.255920 0.546994
 0.252500 1.256194 0.548282
 0.253000 1.256468 0.549571
 0.253500 1.256743 0.550860
 0.254000 1.257019 0.552148
 0.254500 1.257296 0.553437
 0.255000 1.257573 0.554726
 0.255500 1.257850 0.556014
 0.256000 1.258129 0.557303
 0.256500 1.258408 0.558592
 0.257000 1.258687 0.559880
 0.257500 1.258968 0.561169
 0.258000 1.259248 0.562458
 0.258500 1.259530 0.563746
 0.259000 1.259812 0.565035
 0.259500 1.260095 0.566324
 0.260000 1.260379 0.567612
 0.260500 1.260663 0.568901
 0.261000 1.260947 0.570190
 0.261500 1.261233 0.571479
 0.262000 1.261519 0.572767
 0.262500 1.261806 0.574056
 0.263000 1.262093 0.575345
 0.263500 1.262381 0.576633
 0.264000 1.262670 0.577922
 0.264500 1.262959 0.579211
 0.265000 1.263249 0.580499
 0.265500 1.263539 0.581788
 0.266000 1.263831 0.583077
 0.266500 1.264122 0.584365
 0.267000 1.264415 0.585654
 0.267500 1.264708 0.586943
 0.268000 1.265002 0.588231
 0.268500 1.265296 0.589520
 0.269000 1.265591 0.590809
 0.269500 1.265887 0.592098
 0.270000 1.266184 0.593386
 0.270500 1.266481 0.594675
 0.271000 1.266778 0.595964
 0.271500 1.267077 0.597252
 0.272000 1.267375 0.598541
 0.272500 1.267675 0.599830
 0.273000 1.267975 0.601118
 0.273500 1.268276 0.602407
 0.274000 1.268578 0.603696
 0.274500 1.268880 0.604984
 0.275000 1.269183 0.606273
 0.275500 1.269486 0.607562
 0.276000 1.269790 0.608850
 0.276500 1.270095 0.610139
 0.277000 1.270400 0.611428
 0.277500 1.270706 0.612716
 0.278000 1.271013 0.614005
 0.278500 1.271320 0.615294
 0.279000 1.271628 0.616583
 0.279500 1.271937 0.617871
 0.280000 1.272246 0.619160
 0.280500 1.272556 0.620449
 0.281000 1.272867 0.621737
 0.281500 1.273178 0.623026
 0.282000 1.273490 0.624315
 0.282500 1.273802 0.625603
 0.283000 1.274115 0.626892
 0.283500 1.274429 0.628181
 0.284000 1.274744 0.629469
 0.284500 1.275059 0.630758
 0.285000 1.275374 0.632047
 0.285500 1.275691 0.633335
 0.286000 1.276008 0.634624
 0.286500 1.276325 0.635913
 0.287000 1.276644 0.637202
 0.287500 1.276962 0.638490
 0.288000 1.277282 0.639779
 0.288500 1.277602 0.641068
 0.289000 1.277923 0.642356
 0.289500 1.278245 0.643645
 0.290000 1.278567 0.644934
 0.290500 1.278890 0.646222
 0.291000 1.279213 0.647511
 0.291500 1.279537 0.648800
 0.292000 1.279862 0.650088
 0.292500 1.280187 0.651377
 0.293000 1.280513 0.652666
 0.293500 1.280840 0.653954
 0.294000 1.281167 0.655243
 0.294500 1.281495 0.656532
 0.295000 1.281824 0.657820
 0.295500 1.282153 0.659109
 0.296000 1.282483 0.660398
 0.296500 1.282813 0.661687
 0.297000 1.283144 0.662975
 0.297500 1.283476 0.664264
 0.298000 1.283809 0.665553
 0.298500 1.284142 0.666841
 0.299000 1.284476 0.668130
 0.299500 1.284810 0.669419
 0.300000 1.285145 0.670707
 0.300500 1.285481 0.671996
 0.301000 1.285817 0.673285
 0.301500 1.286154 0.674573
 0.302000 1.286491 0.675862
 0.302500 1.286830 0.677151
 0.303000 1.287169 0.678439
 0.303500 1.287508 0.679728
 0.304000 1.287848 0.681017
 0.304500 1.288189 0.682306
 0.305000 1.288531 0.683594
 0.305500 1.288873 0.684883
 0.306000 1.289216 0.686172
 0.306500 1.289559 0.687460
 0.307000 1.289903 0.688749
 0.307500 1.290248 0.690038
 0.308000 1.290593 0.691326
 0.308500 1.290939 0.692615
 0.309000 1.291286 0.693904
 0.309500 1.291633 0.695192
 0.310000 1.291981 0.696481
 0.310500 1.292329 0.697770
 0.311000 1.292679 0.699058
 0.311500 1.293028 0.700347
 0.312000 1.293379 0.701636
 0.312500 1.293730 0.702924
 0.313000 1.294082 0.704213
 0.313500 1.294434 0.705502
 0.314000 1.294787 0.706791
 0.314500 1.295141 0.708079
 0.315000 1.295495 0.709368
 0.315500 1.295850 0.710657
 0.316000 1.296206 0.711945
 0.316500 1.296562 0.713234
 0.317000 1.296919 0.714523
 0.317500 1.297277 0.715811
 0.318000 1.297635 0.717100
 0.318500 1.297994 0.718389
 0.319000 1.298354 0.719677
 0.319500 1.298714 0.720966
 0.320000 1.299075 0.722255
 0.320500 1.299436 0.723543
 0.321000 1.299798 0.724832
 0.321500 1.300161 0.726121
 0.322000 1.300524 0.727410
 0.322500 1.300888 0.728698
 0.323000 1.301253 0.729987
 0.323500 1.301618 0.731276
 0.324000 1.301984 0.732564
 0.324500 1.302351 0.733853
 0.325000 1.302718 0.735142
 0.325500 1.303086 0.736430
 0.326000 1.303454 0.737719
 0.326500 1.303824 0.739008
 0.327000 1.304193 0.740296
 0.327500 1.304564 0.741585
 0.328000 1.304935 0.742874
 0.328500 1.305307 0.744162
 0.329000 1.305679 0.745451
 0.329500 1.306052 0.746740
 0.330000 1.306426 0.748029
 0.330500 1.306800 0.749317
 0.331000 1.307175 0.750606
 0.331500 1.307551 0.751895
 0.332000 1.307927 0.753183
 0.332500 1.308304 0.754472
 0.333000 1.308682 0.755761
 0.333500 1.309060 0.757049
 0.334000 1.309439 0.758338
 0.334500 1.309818 0.759627
 0.335000 1.310198 0.760915
 0.335500 1.310579 0.762204
 0.336000 1.310961 0.763493
 0.336500 1.311343 0.764781
 0.337000 1.311725 0.766070
 0.337500 1.312109 0.767359
 0.338000 1.312493 0.768647
 0.338500 1.312877 0.769936
 0.339000 1.313263 0.771225
 0.339500 1.313649 0.772514
 0.340000 1.314035 0.773802
 0.340500 1.314422 0.775091
 0.341000 1.314810 0.776380
 0.341500 1.315199 0.777668
 0.342000 1.315588 0.778957
 0.342500 1.315978 0.780246
 0.343000 1.316368 0.781534
 0.343500 1.316759 0.782823
 0.344000 1.317151 0.784112
 0.344500 1.317543 0.785400
 0.345000 1.317936 0.786689
 0.345500 1.318330 0.787978
 0.346000 1.318724 0.789266
 0.346500 1.319119 0.790555
 0.347000 1.319515 0.791844
 0.347500 1.319911 0.793133
 0.348000 1.320308 0.794421
 0.348500 1.320706 0.795710
 0.349000 1.321104 0.796999
 0.349500 1.321503 0.798287
 0.350000 1.321902 0.799576
 0.350500 1.322302 0.800865
 0.351000 1.322703 0.802153
 0.351500 1.323104 0.803442
 0.352000 1.323506 0.804731
 0.352500 1.323909 0.806019
 0.353000 1.324312 0.807308
 0.353500 1.324716 0.808597
 0.354000 1.325121 0.809885
 0.354500 1.325526 0.811174
 0.355000 1.325932 0.812463
 0.355500 1.326339 0.813751
 0.356000 1.326746 0.815040
 0.356500 1.327154 0.816329
 0.357000 1.327562 0.817618
 0.357500 1.327971 0.818906
 0.358000 1.328381 0.820195
 0.358500 1.328792 0.821484
 0.359000 1.329203 0.822772
 0.359500 1.329614 0.824061
 0.360000 1.330027 0.825350
 0.360500 1.330440 0.826638
 0.361000 1.330853 0.827927
 0.361500 1.331268 0.829216
 0.362000 1.331682 0.830504
 0.362500 1.332098 0.831793
 0.363000 1.332514 0.833082
 0.363500 1.332931 0.834370
 0.364000 1.333349 0.835659
 0.364500 1.333767 0.836948
 0.365000 1.334186 0.838237
 0.365500 1.334605 0.839525
 0.366000 1.335025 0.840814
 0.366500 1.335446 0.842103
 0.367000 1.335867 0.843391
 0.367500 1.336289 0.844680
 0.368000 1.336712 0.845969
 0.368500 1.337135 0.847257
 0.369000 1.337559 0.848546
 0.369500 1.337984 0.849835
 0.370000 1.338409 0.851123
 0.370500 1.338835 0.852412
 0.371000 1.339261 0.853701
 0.371500 1.339689 0.854989
 0.372000 1.340116 0.856278
 0.372500 1.340545 0.857567
 0.373000 1.340974 0.858855
 0.373500 1.341404 0.860144
 0.374000 1.341834 0.861433
 0.374500 1.342265 0.862722
 0.375000 1.342697 0.864010
 0.375500 1.343129 0.865299
 0.376000 1.343562 0.866588
 0.376500 1.343996 0.867876
 0.377000 1.344430 0.869165
 0.377500 1.344865 0.870454
 0.378000 1.345300 0.871742
 0.378500 1.345737 0.873031
 0.379000 1.346173 0.874320
 0.379500 1.346611 0.875608
 0.380000 1.347049 0.876897
 0.380500 1.347488 0.878186
 0.381000 1.347927 0.879474
 0.381500 1.348367 0.880763
 0.382000 1.348808 0.882052
 0.382500 1.349249 0.883341
 0.383000 1.349691 0.884629
 0.383500 1.350134 0.885918
 0.384000 1.350577 0.887207
 0.384500 1.351021 0.888495
 0.385000 1.351466 0.889784
 0.385500 1.351911 0.891073
 0.386000 1.352357 0.892361
 0.386500 1.352803 0.893650
 0.387000 1.353251 0.894939
 0.387500 1.353698 0.896227
 0.388000 1.354147 0.897516
 0.388500 1.354596 0.898805
 0.389000 1.355046 0.900093
 0.389500 1.355496 0.901382
 0.390000 1.355947 0.902671
 0.390500 1.356399 0.903959
 0.391000 1.356851 0.905248
 0.391500 1.357304 0.906537
 0.392000 1.357757 0.907826
 0.392500 1.358212 0.909114
 0.393000 1.358667 0.910403
 0.393500 1.359122 0.911692
 0.394000 1.359578 0.912980
 0.394500 1.360035 0.914269
 0.395000 1.360493 0.915558
 0.395500 1.360951 0.916846
 0.396000 1.361409 0.918135
 0.396500 1.361869 0.919424
 0.397000 1.362329 0.920712
 0.397500 1.362789 0.922001
 0.398000 1.363251 0.923290
 0.398500 1.363713 0.924578
 0.399000 1.364175 0.925867
 0.399500 1.364639 0.927156
 0.400000 1.365103 0.928445
