#! FIELDS distance hh1 dhh1_distance
#! SET normalisation    2.9317000000000000e+04
#! SET min_distance 0
#! SET max_distance 0.5
#! SET nbins_distance  100
#! SET periodic_distance false
   0.0000000000000000e+00   6.2779773575569331e-01   2.4966932132445052e-02
   5.0000000000000001e-03   6.2791473418540011e-01   2.1832147399805973e-02
   1.0000000000000000e-02   6.2801605450190479e-01   1.8695726005066565e-02
   1.4999999999999999e-02   6.2810168910928998e-01   1.5557902921587241e-02
   2.0000000000000000e-02   6.2817163158687728e-01   1.2418913297875938e-02
   2.5000000000000001e-02   6.2822587669018193e-01   9.2789924282193886e-03
   2.9999999999999999e-02   6.2826442035143881e-01   6.1383757232879432e-03
   3.5000000000000003e-02   6.2828725968019317e-01   2.9972986807189207e-03
   4.0000000000000001e-02   6.2829439296360767e-01  -1.4400314431347984e-04
   4.4999999999999998e-02   6.2828581966675046e-01  -3.2852941685392848e-03
   5.0000000000000003e-02   6.2826154043256399e-01  -6.4263388100387481e-03
   5.5000000000000000e-02   6.2822155708187488e-01  -9.5669015176878813e-03
   5.9999999999999998e-02   6.2816587261310119e-01  -1.2706746800598840e-02
   6.5000000000000002e-02   6.2809449120190974e-01  -1.5845639257549064e-02
   7.0000000000000007e-02   6.2800741820070671e-01  -1.8983343606396585e-02
   7.4999999999999997e-02   6.2790466013792956e-01  -2.2119624713471803e-02
   8.0000000000000002e-02   6.2778622471725343e-01  -2.5254247622945279e-02
   8.5000000000000006e-02   6.2765212081661736e-01  -2.8386977586162980e-02
   8.9999999999999997e-02   6.2750235848716196e-01  -3.1517580090949369e-02
   9.5000000000000001e-02   6.2733694895191328e-01  -3.4645820890861129e-02
   1.0000000000000001e-01   6.2715590460436887e-01  -3.7771466034402859e-02
   1.0500000000000000e-01   6.2695923900704897e-01  -4.0894281894184314e-02
   1.1000000000000000e-01   6.2674696688971221e-01  -4.4014035196028492e-02
   1.1500000000000000e-01   6.2651910414753442e-01  -4.7130493048011014e-02
   1.2000000000000000e-01   6.2627566783913646e-01  -5.0243422969434001e-02
   1.2500000000000000e-01   6.2601667618447887e-01  -5.3352592919732995e-02
   1.3000000000000000e-01   6.2574214856254240e-01  -5.6457771327300087e-02
   1.3500000000000001e-01   6.2545210550893504e-01  -5.9558727118231229e-02
   1.4000000000000001e-01   6.2514656871333341e-01  -6.2655229744984553e-02
   1.4499999999999999e-01   6.2482556101677389e-01  -6.5747049214941636e-02
   1.4999999999999999e-01   6.2448910640881283e-01  -6.8833956118881004e-02
   1.5500000000000000e-01   6.2413723002455868e-01  -7.1915721659346107e-02
   1.6000000000000000e-01   6.2376995814147040e-01  -7.4992117678902542e-02
   1.6500000000000001e-01   6.2338731817616522e-01  -7.8062916688288658e-02
   1.7000000000000001e-01   6.2298933868096384e-01  -8.1127891894448023e-02
   1.7500000000000002e-01   6.2257604934037769e-01  -8.4186817228446342e-02
   1.7999999999999999e-01   6.2214748096737582e-01  -8.7239467373242369e-02
   1.8500000000000000e-01   6.2170366549957035e-01  -9.0285617791365902e-02
   1.9000000000000000e-01   6.2124463599527280e-01  -9.3325044752411407e-02
   1.9500000000000001e-01   6.2077042662934967e-01  -9.6357525360432933e-02
   2.0000000000000001e-01   6.2028107268901977e-01  -9.9382837581177275e-02
   2.0500000000000002e-01   6.1977661056948075e-01  -1.0240076026916020e-01
   2.0999999999999999e-01   6.1925707776932404e-01  -1.0541107319460262e-01
   2.1500000000000000e-01   6.1872251288599966e-01  -1.0841355707019809e-01
   2.2000000000000000e-01   6.1817295561095120e-01  -1.1140799357772514e-01
   2.2500000000000001e-01   6.1760844672476545e-01  -1.1439416539448109e-01
   2.3000000000000001e-01   6.1702902809206117e-01  -1.1737185621955443e-01
   2.3500000000000001e-01   6.1643474265637721e-01  -1.2034085079991157e-01
   2.3999999999999999e-01   6.1582563443482630e-01  -1.2330093495630695e-01
   2.4500000000000000e-01   6.1520174851270593e-01  -1.2625189560901037e-01
   2.5000000000000000e-01   6.1456313103789373e-01  -1.2919352080333601e-01
   2.5500000000000000e-01   6.1390982921517034e-01  -1.3212559973498067e-01
   2.6000000000000001e-01   6.1324189130043194e-01  -1.3504792277517111e-01
   2.6500000000000001e-01   6.1255936659470067e-01  -1.3796028149559769e-01
   2.7000000000000002e-01   6.1186230543808207e-01  -1.4086246869314523e-01
   2.7500000000000002e-01   6.1115075920363571e-01  -1.4375427841442104e-01
   2.8000000000000003e-01   6.1042478029093794e-01  -1.4663550598004940e-01
   2.8500000000000003e-01   6.0968442211980201e-01  -1.4950594800876471e-01
   2.8999999999999998e-01   6.0892973912359261e-01  -1.5236540244127869e-01
   2.9499999999999998e-01   6.0816078674263885e-01  -1.5521366856390939e-01
   2.9999999999999999e-01   6.0737762141744855e-01  -1.5805054703199761e-01
   3.0499999999999999e-01   6.0658030058175039e-01  -1.6087583989306486e-01
   3.1000000000000000e-01   6.0576888265551276e-01  -1.6368935060976642e-01
   3.1500000000000000e-01   6.0494342703780357e-01  -1.6649088408256049e-01
   3.2000000000000001e-01   6.0410399409956861e-01  -1.6928024667217562e-01
   3.2500000000000001e-01   6.0325064517623184e-01  -1.7205724622179350e-01
   3.3000000000000002e-01   6.0238344256025145e-01  -1.7482169207899717e-01
   3.3500000000000002e-01   6.0150244949355658e-01  -1.7757339511746320e-01
   3.4000000000000002e-01   6.0060773015982982e-01  -1.8031216775838965e-01
   3.4500000000000003e-01   5.9969934967674121e-01  -1.8303782399164728e-01
   3.5000000000000003e-01   5.9877737408804588e-01  -1.8575017939670380e-01
   3.5499999999999998e-01   5.9784187035559888e-01  -1.8844905116323246e-01
   3.5999999999999999e-01   5.9689290635120662e-01  -1.9113425811147561e-01
   3.6499999999999999e-01   5.9593055084848523e-01  -1.9380562071232865e-01
   3.7000000000000000e-01   5.9495487351452037e-01  -1.9646296110714095e-01
   3.7500000000000000e-01   5.9396594490146815e-01  -1.9910610312722926e-01
   3.8000000000000000e-01   5.9296383643806627e-01  -2.0173487231311896e-01
   3.8500000000000001e-01   5.9194862042103602e-01  -2.0434909593348821e-01
   3.9000000000000001e-01   5.9092037000641184e-01  -2.0694860300383133e-01
   3.9500000000000002e-01   5.8987915920071199e-01  -2.0953322430480750e-01
   4.0000000000000002e-01   5.8882506285214331e-01  -2.1210279240031807e-01
   4.0500000000000003e-01   5.8775815664155118e-01  -2.1465714165527086e-01
   4.1000000000000003e-01   5.8667851707345176e-01  -2.1719610825304375e-01
   4.1500000000000004e-01   5.8558622146684758e-01  -2.1971953021265711e-01
   4.1999999999999998e-01   5.8448134794603823e-01  -2.2222724740561517e-01
   4.2499999999999999e-01   5.8336397543127660e-01  -2.2471910157246636e-01
   4.2999999999999999e-01   5.8223418362942470e-01  -2.2719493633902879e-01
   4.3500000000000000e-01   5.8109205302445355e-01  -2.2965459723232270e-01
   4.4000000000000000e-01   5.7993766486792220e-01  -2.3209793169616039e-01
   4.4500000000000001e-01   5.7877110116934738e-01  -2.3452478910646601e-01
   4.5000000000000001e-01   5.7759244468651816e-01  -2.3693502078621498e-01
   4.5500000000000002e-01   5.7640177891567734e-01  -2.3932848002009799e-01
   4.6000000000000002e-01   5.7519918808172954e-01  -2.4170502206884759e-01
   4.6500000000000002e-01   5.7398475712832886e-01  -2.4406450418321665e-01
   4.7000000000000003e-01   5.7275857170781197e-01  -2.4640678561768228e-01
   4.7500000000000003e-01   5.7152071817127281e-01  -2.4873172764376497e-01
   4.7999999999999998e-01   5.7027128355833989e-01  -2.5103919356304866e-01
   4.8499999999999999e-01   5.6901035558703317e-01  -2.5332904871986167e-01
   4.8999999999999999e-01   5.6773802264352236e-01  -2.5560116051362397e-01
   4.9500000000000000e-01   5.6645437377183694e-01  -2.5785539841084870e-01
   5.0000000000000000e-01   5.6515949866344584e-01  -2.6009163395683771e-01
