#! FIELDS distance hh1 dhh1_distance
#! SET normalisation    2.9317000000000000e+04
#! SET min_distance 0
#! SET max_distance 0.4
#! SET nbins_distance  800
#! SET periodic_distance false
   0.0000000000000000e+00   6.2779773575569331e-01   2.4966932132445052e-02
   5.0000000000000001e-04   6.2781014087300480e-01   2.4653534001624539e-02
   1.0000000000000000e-03   6.2782238928661960e-01   2.4340117390971833e-02
   1.5000000000000000e-03   6.2783448098735628e-01   2.4026682535182278e-02
   2.0000000000000000e-03   6.2784641596615198e-01   2.3713229668971287e-02
   2.5000000000000001e-03   6.2785819421405376e-01   2.3399759027078824e-02
   3.0000000000000001e-03   6.2786981572225620e-01   2.3086270844266191e-02
   3.5000000000000001e-03   6.2788128048201641e-01   2.2772765355316759e-02
   4.0000000000000001e-03   6.2789258848476204e-01   2.2459242795036052e-02
   4.5000000000000005e-03   6.2790373972201463e-01   2.2145703398250085e-02
   5.0000000000000001e-03   6.2791473418540011e-01   2.1832147399805973e-02
   5.4999999999999997e-03   6.2792557186668829e-01   2.1518575034571937e-02
   6.0000000000000001e-03   6.2793625275774079e-01   2.1204986537437579e-02
   6.5000000000000006e-03   6.2794677685056777e-01   2.0891382143310180e-02
   7.0000000000000001e-03   6.2795714413727088e-01   2.0577762087119231e-02
   7.4999999999999997e-03   6.2796735461008768e-01   2.0264126603812643e-02
   8.0000000000000002e-03   6.2797740826134474e-01   1.9950475928358056e-02
   8.5000000000000006e-03   6.2798730508351652e-01   1.9636810295742262e-02
   9.0000000000000011e-03   6.2799704506918530e-01   1.9323129940969436e-02
   9.4999999999999998e-03   6.2800662821104702e-01   1.9009435099063599e-02
   1.0000000000000000e-02   6.2801605450190479e-01   1.8695726005066565e-02
   1.0500000000000001e-02   6.2802532393471922e-01   1.8382002894037849e-02
   1.0999999999999999e-02   6.2803443650250956e-01   1.8068266001053747e-02
   1.1500000000000000e-02   6.2804339219845573e-01   1.7754515561209314e-02
   1.2000000000000000e-02   6.2805219101585386e-01   1.7440751809614980e-02
   1.2500000000000001e-02   6.2806083294808668e-01   1.7126974981398813e-02
   1.3000000000000001e-02   6.2806931798869015e-01   1.6813185311704615e-02
   1.3500000000000000e-02   6.2807764613130412e-01   1.6499383035692941e-02
   1.4000000000000000e-02   6.2808581736967051e-01   1.6185568388539236e-02
   1.4500000000000001e-02   6.2809383169766819e-01   1.5871741605435339e-02
   1.4999999999999999e-02   6.2810168910928998e-01   1.5557902921587241e-02
   1.5500000000000000e-02   6.2810938959863827e-01   1.5244052572216669e-02
   1.6000000000000000e-02   6.2811693315995498e-01   1.4930190792559396e-02
   1.6500000000000001e-02   6.2812431978756833e-01   1.4616317817865720e-02
   1.7000000000000001e-02   6.2813154947594585e-01   1.4302433883400047e-02
   1.7500000000000002e-02   6.2813862221966388e-01   1.3988539224439997e-02
   1.8000000000000002e-02   6.2814553801341810e-01   1.3674634076277095e-02
   1.8499999999999999e-02   6.2815229685203244e-01   1.3360718674215673e-02
   1.9000000000000000e-02   6.2815889873042896e-01   1.3046793253573202e-02
   1.9500000000000000e-02   6.2816534364365328e-01   1.2732858049679116e-02
   2.0000000000000000e-02   6.2817163158687728e-01   1.2418913297875938e-02
   2.0500000000000001e-02   6.2817776255539781e-01   1.2104959233517176e-02
   2.1000000000000001e-02   6.2818373654460857e-01   1.1790996091968410e-02
   2.1500000000000002e-02   6.2818955355001815e-01   1.1477024108606683e-02
   2.1999999999999999e-02   6.2819521356728081e-01   1.1163043518820049e-02
   2.2499999999999999e-02   6.2820071659215204e-01   1.0849054558006986e-02
   2.3000000000000000e-02   6.2820606262047929e-01   1.0535057461576914e-02
   2.3500000000000000e-02   6.2821125164829072e-01   1.0221052464949126e-02
   2.4000000000000000e-02   6.2821628367166604e-01   9.9070398035528712e-03
   2.4500000000000001e-02   6.2822115868685191e-01   9.5930197128269203e-03
   2.5000000000000001e-02   6.2822587669018193e-01   9.2789924282193886e-03
   2.5500000000000002e-02   6.2823043767811670e-01   8.9649581851874768e-03
   2.6000000000000002e-02   6.2823484164724186e-01   8.6509172191967139e-03
   2.6499999999999999e-02   6.2823908859426147e-01   8.3368697657213615e-03
   2.7000000000000000e-02   6.2824317851596923e-01   8.0228160602438866e-03
   2.7500000000000000e-02   6.2824711140931311e-01   7.7087563382541927e-03
   2.8000000000000001e-02   6.2825088727134215e-01   7.3946908352501266e-03
   2.8500000000000001e-02   6.2825450609922540e-01   7.0806197867363582e-03
   2.9000000000000001e-02   6.2825796789024191e-01   6.7665434282247168e-03
   2.9500000000000002e-02   6.2826127264180809e-01   6.4524619952336043e-03
   2.9999999999999999e-02   6.2826442035143881e-01   6.1383757232879432e-03
   3.0499999999999999e-02   6.2826741101677153e-01   5.8242848479184046e-03
   3.1000000000000000e-02   6.2827024463556047e-01   5.5101896046615625e-03
   3.1500000000000000e-02   6.2827292120568345e-01   5.1960902290595105e-03
   3.2000000000000001e-02   6.2827544072514308e-01   4.8819869566593425e-03
   3.2500000000000001e-02   6.2827780319203574e-01   4.5678800230131962e-03
   3.3000000000000002e-02   6.2828000860459887e-01   4.2537696636778142e-03
   3.3500000000000002e-02   6.2828205696115802e-01   3.9396561142138794e-03
   3.4000000000000002e-02   6.2828394826021172e-01   3.6255396101865073e-03
   3.4500000000000003e-02   6.2828568250031980e-01   3.3114203871641521e-03
   3.5000000000000003e-02   6.2828725968019317e-01   2.9972986807189207e-03
   3.5500000000000004e-02   6.2828867979862335e-01   2.6831747264258526e-03
   3.6000000000000004e-02   6.2828994285457096e-01   2.3690487598628700e-03
   3.6499999999999998e-02   6.2829104884708964e-01   2.0549210166104317e-03
   3.6999999999999998e-02   6.2829199777533717e-01   1.7407917322511950e-03
   3.7499999999999999e-02   6.2829278963859936e-01   1.4266611423697014e-03
   3.7999999999999999e-02   6.2829342443630110e-01   1.1125294825521700e-03
   3.8500000000000000e-02   6.2829390216794456e-01   7.9839698838615172e-04
   3.9000000000000000e-02   6.2829422283318270e-01   4.8426389546024065e-04
   3.9500000000000000e-02   6.2829438643178248e-01   1.7013043936376564e-04
   4.0000000000000001e-02   6.2829439296360767e-01  -1.4400314431347984e-04
   4.0500000000000001e-02   6.2829424242865206e-01  -4.5813661998154911e-04
   4.1000000000000002e-02   6.2829393482703511e-01  -7.7226975205061689e-04
   4.1500000000000002e-02   6.2829347015899872e-01  -1.0864023049313046e-03
   4.2000000000000003e-02   6.2829284842487043e-01  -1.4005340430349499e-03
   4.2500000000000003e-02   6.2829206962513806e-01  -1.7146647307739167e-03
   4.3000000000000003e-02   6.2829113376036072e-01  -2.0287941325618569e-03
   4.3500000000000004e-02   6.2829004083125828e-01  -2.3429220128140678e-03
   4.3999999999999997e-02   6.2828879083863498e-01  -2.6570481359476936e-03
   4.4499999999999998e-02   6.2828738378345517e-01  -2.9711722663821553e-03
   4.4999999999999998e-02   6.2828581966675046e-01  -3.2852941685392848e-03
   4.5499999999999999e-02   6.2828409848968958e-01  -3.5994136068437724e-03
   4.5999999999999999e-02   6.2828222025359104e-01  -3.9135303457232037e-03
   4.6500000000000000e-02   6.2828018495983651e-01  -4.2276441496089615e-03
   4.7000000000000000e-02   6.2827799260996975e-01  -4.5417547829356055e-03
   4.7500000000000001e-02   6.2827564320562168e-01  -4.8558620101419314e-03
   4.8000000000000001e-02   6.2827313674856522e-01  -5.1699655956708385e-03
   4.8500000000000001e-02   6.2827047324067664e-01  -5.4840653039700208e-03
   4.9000000000000002e-02   6.2826765268393980e-01  -5.7981608994918093e-03
   4.9500000000000002e-02   6.2826467508049211e-01  -6.1122521466937521e-03
   5.0000000000000003e-02   6.2826154043256399e-01  -6.4263388100387481e-03
   5.0500000000000003e-02   6.2825824874248992e-01  -6.7404206539955491e-03
   5.1000000000000004e-02   6.2825480001275635e-01  -7.0544974430388607e-03
   5.1500000000000004e-02   6.2825119424592923e-01  -7.3685689416497988e-03
   5.2000000000000005e-02   6.2824743144472583e-01  -7.6826349143158815e-03
   5.2499999999999998e-02   6.2824351161196601e-01  -7.9966951255317654e-03
   5.2999999999999999e-02   6.2823943475060029e-01  -8.3107493397992366e-03
   5.3499999999999999e-02   6.2823520086366913e-01  -8.6247973216274833e-03
   5.3999999999999999e-02   6.2823080995435521e-01  -8.9388388355335219e-03
   5.4500000000000000e-02   6.2822626202595200e-01  -9.2528736460424383e-03
   5.5000000000000000e-02   6.2822155708187488e-01  -9.5669015176878813e-03
   5.5500000000000001e-02   6.2821669512562861e-01  -9.8809222150119842e-03
   5.6000000000000001e-02   6.2821167616088691e-01  -1.0194935502565930e-02
   5.6500000000000002e-02   6.2820650019140711e-01  -1.0508941144909939e-02
   5.7000000000000002e-02   6.2820116722105679e-01  -1.0822938906614109e-02
   5.7500000000000002e-02   6.2819567725384884e-01  -1.1136928552258372e-02
   5.8000000000000003e-02   6.2819003029389586e-01  -1.1450909846432364e-02
   5.8500000000000003e-02   6.2818422634543070e-01  -1.1764882553736825e-02
   5.9000000000000004e-02   6.2817826541281285e-01  -1.2078846438782757e-02
   5.9500000000000004e-02   6.2817214750050798e-01  -1.2392801266192082e-02
   5.9999999999999998e-02   6.2816587261310119e-01  -1.2706746800598840e-02
   6.0499999999999998e-02   6.2815944075529473e-01  -1.3020682806647312e-02
   6.0999999999999999e-02   6.2815285193191805e-01  -1.3334609048995243e-02
   6.1499999999999999e-02   6.2814610614791100e-01  -1.3648525292311472e-02
   6.2000000000000000e-02   6.2813920340832718e-01  -1.3962431301277646e-02
   6.2500000000000000e-02   6.2813214371835069e-01  -1.4276326840588351e-02
   6.3000000000000000e-02   6.2812492708326628e-01  -1.4590211674951174e-02
   6.3500000000000001e-02   6.2811755350849918e-01  -1.4904085569087226e-02
   6.4000000000000001e-02   6.2811002299957364e-01  -1.5217948287730708e-02
   6.4500000000000002e-02   6.2810233556211126e-01  -1.5531799595630240e-02
   6.5000000000000002e-02   6.2809449120190974e-01  -1.5845639257549064e-02
   6.5500000000000003e-02   6.2808648992484140e-01  -1.6159467038264413e-02
   6.6000000000000003e-02   6.2807833173689021e-01  -1.6473282702568537e-02
   6.6500000000000004e-02   6.2807001664419881e-01  -1.6787086015268602e-02
   6.7000000000000004e-02   6.2806154465297648e-01  -1.7100876741187654e-02
   6.7500000000000004e-02   6.2805291576958933e-01  -1.7414654645164101e-02
   6.8000000000000005e-02   6.2804413000051151e-01  -1.7728419492052741e-02
   6.8500000000000005e-02   6.2803518735231723e-01  -1.8042171046724408e-02
   6.9000000000000006e-02   6.2802608783170888e-01  -1.8355909074066309e-02
   6.9500000000000006e-02   6.2801683144553466e-01  -1.8669633338983287e-02
   7.0000000000000007e-02   6.2800741820070671e-01  -1.8983343606396585e-02
   7.0500000000000007e-02   6.2799784810430181e-01  -1.9297039641245718e-02
   7.1000000000000008e-02   6.2798812116348302e-01  -1.9610721208486840e-02
   7.1500000000000008e-02   6.2797823738553482e-01  -1.9924388073095579e-02
   7.2000000000000008e-02   6.2796819677789140e-01  -2.0238040000064871e-02
   7.2499999999999995e-02   6.2795799934807106e-01  -2.0551676754407042e-02
   7.2999999999999995e-02   6.2794764510370504e-01  -2.0865298101153017e-02
   7.3499999999999996e-02   6.2793713405257257e-01  -2.1178903805352610e-02
   7.3999999999999996e-02   6.2792646620255410e-01  -2.1492493632075765e-02
   7.4499999999999997e-02   6.2791564156164026e-01  -2.1806067346412248e-02
   7.4999999999999997e-02   6.2790466013792956e-01  -2.2119624713471803e-02
   7.5499999999999998e-02   6.2789352193967674e-01  -2.2433165498384172e-02
   7.5999999999999998e-02   6.2788222697523832e-01  -2.2746689466300637e-02
   7.6499999999999999e-02   6.2787077525305612e-01  -2.3060196382392723e-02
   7.6999999999999999e-02   6.2785916678172982e-01  -2.3373686011853589e-02
   7.7499999999999999e-02   6.2784740156995578e-01  -2.3687158119898508e-02
   7.8000000000000000e-02   6.2783547962656716e-01  -2.4000612471764122e-02
   7.8500000000000000e-02   6.2782340096048428e-01  -2.4314048832708268e-02
   7.9000000000000001e-02   6.2781116558077299e-01  -2.4627466968013781e-02
   7.9500000000000001e-02   6.2779877349660407e-01  -2.4940866642983447e-02
   8.0000000000000002e-02   6.2778622471725343e-01  -2.5254247622945279e-02
   8.0500000000000002e-02   6.2777351925212832e-01  -2.5567609673249135e-02
   8.1000000000000003e-02   6.2776065711077111e-01  -2.5880952559269692e-02
   8.1500000000000003e-02   6.2774763830280211e-01  -2.6194276046404612e-02
   8.2000000000000003e-02   6.2773446283800050e-01  -2.6507579900076694e-02
   8.2500000000000004e-02   6.2772113072621838e-01  -2.6820863885732547e-02
   8.3000000000000004e-02   6.2770764197746243e-01  -2.7134127768843951e-02
   8.3500000000000005e-02   6.2769399660183767e-01  -2.7447371314907359e-02
   8.4000000000000005e-02   6.2768019460957647e-01  -2.7760594289445776e-02
   8.4500000000000006e-02   6.2766623601101734e-01  -2.8073796458006079e-02
   8.5000000000000006e-02   6.2765212081661736e-01  -2.8386977586162980e-02
   8.5500000000000007e-02   6.2763784903696895e-01  -2.8700137439516570e-02
   8.6000000000000007e-02   6.2762342068276966e-01  -2.9013275783692893e-02
   8.6500000000000007e-02   6.2760883576481152e-01  -2.9326392384346187e-02
   8.7000000000000008e-02   6.2759409429404012e-01  -2.9639487007156882e-02
   8.7500000000000008e-02   6.2757919628151415e-01  -2.9952559417833723e-02
   8.7999999999999995e-02   6.2756414173836683e-01  -3.0265609382111900e-02
   8.8499999999999995e-02   6.2754893067590645e-01  -3.0578636665755905e-02
   8.8999999999999996e-02   6.2753356310552033e-01  -3.0891641034558086e-02
   8.9499999999999996e-02   6.2751803903872938e-01  -3.1204622254339693e-02
   8.9999999999999997e-02   6.2750235848716196e-01  -3.1517580090949369e-02
   9.0499999999999997e-02   6.2748652146257455e-01  -3.1830514310267052e-02
   9.0999999999999998e-02   6.2747052797682901e-01  -3.2143424678201797e-02
   9.1499999999999998e-02   6.2745437804191029e-01  -3.2456310960690897e-02
   9.1999999999999998e-02   6.2743807166992216e-01  -3.2769172923703418e-02
   9.2499999999999999e-02   6.2742160887308440e-01  -3.3082010333237981e-02
   9.2999999999999999e-02   6.2740498966372082e-01  -3.3394822955324019e-02
   9.3500000000000000e-02   6.2738821405429024e-01  -3.3707610556021644e-02
   9.4000000000000000e-02   6.2737128205737602e-01  -3.4020372901423235e-02
   9.4500000000000001e-02   6.2735419368564294e-01  -3.4333109757651463e-02
   9.5000000000000001e-02   6.2733694895191328e-01  -3.4645820890861129e-02
   9.5500000000000002e-02   6.2731954786908473e-01  -3.4958506067240311e-02
   9.6000000000000002e-02   6.2730199045019952e-01  -3.5271165053007023e-02
   9.6500000000000002e-02   6.2728427670842946e-01  -3.5583797614415436e-02
   9.7000000000000003e-02   6.2726640665702471e-01  -3.5896403517748775e-02
   9.7500000000000003e-02   6.2724838030939722e-01  -3.6208982529327714e-02
   9.8000000000000004e-02   6.2723019767902133e-01  -3.6521534415502363e-02
   9.8500000000000004e-02   6.2721185877953556e-01  -3.6834058942660217e-02
   9.9000000000000005e-02   6.2719336362467615e-01  -3.7146555877220308e-02
   9.9500000000000005e-02   6.2717471222829102e-01  -3.7459024985637794e-02
   1.0000000000000001e-01   6.2715590460436887e-01  -3.7771466034402859e-02
   1.0050000000000001e-01   6.2713694076698379e-01  -3.8083878790037863e-02
   1.0100000000000001e-01   6.2711782073033817e-01  -3.8396263019103989e-02
   1.0150000000000001e-01   6.2709854450874902e-01  -3.8708618488195810e-02
   1.0200000000000001e-01   6.2707911211667156e-01  -3.9020944963945245e-02
   1.0250000000000001e-01   6.2705952356866745e-01  -3.9333242213018531e-02
   1.0300000000000001e-01   6.2703977887937001e-01  -3.9645510002121027e-02
   1.0350000000000001e-01   6.2701987806360837e-01  -3.9957748097991727e-02
   1.0400000000000001e-01   6.2699982113625474e-01  -4.0269956267410409e-02
   1.0450000000000000e-01   6.2697960811236531e-01  -4.0582134277190381e-02
   1.0500000000000000e-01   6.2695923900704897e-01  -4.0894281894184314e-02
   1.0550000000000000e-01   6.2693871383557331e-01  -4.1206398885284080e-02
   1.0600000000000000e-01   6.2691803261331092e-01  -4.1518485017418651e-02
   1.0650000000000000e-01   6.2689719535574095e-01  -4.1830540057553330e-02
   1.0700000000000000e-01   6.2687620207847439e-01  -4.2142563772696935e-02
   1.0750000000000000e-01   6.2685505279723164e-01  -4.2454555929893223e-02
   1.0800000000000000e-01   6.2683374752784049e-01  -4.2766516296227151e-02
   1.0850000000000000e-01   6.2681228628626806e-01  -4.3078444638823182e-02
   1.0900000000000000e-01   6.2679066908857450e-01  -4.3390340724845530e-02
   1.0950000000000000e-01   6.2676889595096075e-01  -4.3702204321499578e-02
   1.1000000000000000e-01   6.2674696688971221e-01  -4.4014035196028492e-02
   1.1050000000000000e-01   6.2672488192125320e-01  -4.4325833115720699e-02
   1.1100000000000000e-01   6.2670264106212403e-01  -4.4637597847902215e-02
   1.1150000000000000e-01   6.2668024432898028e-01  -4.4949329159940710e-02
   1.1200000000000000e-01   6.2665769173858510e-01  -4.5261026819246916e-02
   1.1250000000000000e-01   6.2663498330780198e-01  -4.5572690593274151e-02
   1.1300000000000000e-01   6.2661211905366587e-01  -4.5884320249514776e-02
   1.1350000000000000e-01   6.2658909899328030e-01  -4.6195915555507942e-02
   1.1400000000000000e-01   6.2656592314387338e-01  -4.6507476278833122e-02
   1.1450000000000000e-01   6.2654259152281122e-01  -4.6819002187111471e-02
   1.1500000000000000e-01   6.2651910414753442e-01  -4.7130493048011014e-02
   1.1550000000000001e-01   6.2649546103564291e-01  -4.7441948629242857e-02
   1.1600000000000001e-01   6.2647166220482142e-01  -4.7753368698559832e-02
   1.1650000000000001e-01   6.2644770767289493e-01  -4.8064753023760398e-02
   1.1700000000000001e-01   6.2642359745779597e-01  -4.8376101372688246e-02
   1.1750000000000001e-01   6.2639933157756089e-01  -4.8687413513231866e-02
   1.1800000000000001e-01   6.2637491005035539e-01  -4.8998689213323836e-02
   1.1850000000000001e-01   6.2635033289445385e-01  -4.9309928240942401e-02
   1.1900000000000001e-01   6.2632560012826854e-01  -4.9621130364112184e-02
   1.1950000000000001e-01   6.2630071177027746e-01  -4.9932295350903745e-02
   1.2000000000000000e-01   6.2627566783913646e-01  -5.0243422969434001e-02
   1.2050000000000000e-01   6.2625046835358023e-01  -5.0554512987866417e-02
   1.2100000000000000e-01   6.2622511333246167e-01  -5.0865565174410668e-02
   1.2150000000000000e-01   6.2619960279475007e-01  -5.1176579297324040e-02
   1.2200000000000000e-01   6.2617393675953859e-01  -5.1487555124912911e-02
   1.2250000000000000e-01   6.2614811524604252e-01  -5.1798492425528336e-02
   1.2300000000000000e-01   6.2612213827357999e-01  -5.2109390967571105e-02
   1.2350000000000000e-01   6.2609600586157943e-01  -5.2420250519490952e-02
   1.2400000000000000e-01   6.2606971802958677e-01  -5.2731070849785212e-02
   1.2450000000000000e-01   6.2604327479729938e-01  -5.3041851727000364e-02
   1.2500000000000000e-01   6.2601667618447887e-01  -5.3352592919732995e-02
   1.2550000000000000e-01   6.2598992221103589e-01  -5.3663294196627034e-02
   1.2600000000000000e-01   6.2596301289697942e-01  -5.3973955326378331e-02
   1.2650000000000000e-01   6.2593594826243715e-01  -5.4284576077732710e-02
   1.2700000000000000e-01   6.2590872832766764e-01  -5.4595156219482875e-02
   1.2750000000000000e-01   6.2588135311302751e-01  -5.4905695520478366e-02
   1.2800000000000000e-01   6.2585382263899181e-01  -5.5216193749613701e-02
   1.2850000000000000e-01   6.2582613692616340e-01  -5.5526650675838139e-02
   1.2900000000000000e-01   6.2579829599523928e-01  -5.5837066068150892e-02
   1.2950000000000000e-01   6.2577029986704846e-01  -5.6147439695604061e-02
   1.3000000000000000e-01   6.2574214856254240e-01  -5.6457771327300087e-02
   1.3050000000000000e-01   6.2571384210276704e-01  -5.6768060732396361e-02
   1.3100000000000001e-01   6.2568538050889155e-01  -5.7078307680099909e-02
   1.3150000000000001e-01   6.2565676380220026e-01  -5.7388511939672683e-02
   1.3200000000000001e-01   6.2562799200410124e-01  -5.7698673280429179e-02
   1.3250000000000001e-01   6.2559906513610453e-01  -5.8008791471738513e-02
   1.3300000000000001e-01   6.2556998321986124e-01  -5.8318866283021131e-02
   1.3350000000000001e-01   6.2554074627709710e-01  -5.8628897483754432e-02
   1.3400000000000001e-01   6.2551135432968652e-01  -5.8938884843468521e-02
   1.3450000000000001e-01   6.2548180739960013e-01  -5.9248828131748012e-02
   1.3500000000000001e-01   6.2545210550893504e-01  -5.9558727118231229e-02
   1.3550000000000001e-01   6.2542224867990082e-01  -5.9868581572616625e-02
   1.3600000000000001e-01   6.2539223693481472e-01  -6.0178391264651541e-02
   1.3650000000000001e-01   6.2536207029613589e-01  -6.0488155964145397e-02
   1.3700000000000001e-01   6.2533174878639264e-01  -6.0797875440957425e-02
   1.3750000000000001e-01   6.2530127242827027e-01  -6.1107549465008903e-02
   1.3800000000000001e-01   6.2527064124454612e-01  -6.1417177806275224e-02
   1.3850000000000001e-01   6.2523985525811421e-01  -6.1726760234786890e-02
   1.3900000000000001e-01   6.2520891449199845e-01  -6.2036296520634616e-02
   1.3950000000000001e-01   6.2517781896932212e-01  -6.2345786433966294e-02
   1.4000000000000001e-01   6.2514656871333341e-01  -6.2655229744984553e-02
   1.4050000000000001e-01   6.2511516374738574e-01  -6.2964626223953532e-02
   1.4100000000000001e-01   6.2508360409495456e-01  -6.3273975641195565e-02
   1.4150000000000001e-01   6.2505188977962178e-01  -6.3583277767089455e-02
   1.4200000000000002e-01   6.2502002082509855e-01  -6.3892532372072666e-02
   1.4250000000000002e-01   6.2498799725520904e-01  -6.4201739226645377e-02
   1.4300000000000002e-01   6.2495581909387010e-01  -6.4510898101362901e-02
   1.4350000000000002e-01   6.2492348636513506e-01  -6.4820008766844461e-02
   1.4400000000000002e-01   6.2489099909317436e-01  -6.5129070993765692e-02
   1.4449999999999999e-01   6.2485835730225214e-01  -6.5438084552865330e-02
   1.4499999999999999e-01   6.2482556101677389e-01  -6.5747049214941636e-02
   1.4549999999999999e-01   6.2479261026122368e-01  -6.6055964750851542e-02
   1.4599999999999999e-01   6.2475950506023858e-01  -6.6364830931517960e-02
   1.4649999999999999e-01   6.2472624543856603e-01  -6.6673647527921223e-02
   1.4699999999999999e-01   6.2469283142101895e-01  -6.6982414311104813e-02
   1.4749999999999999e-01   6.2465926303259156e-01  -6.7291131052174047e-02
   1.4799999999999999e-01   6.2462554029834483e-01  -6.7599797522297861e-02
   1.4849999999999999e-01   6.2459166324348991e-01  -6.7908413492705114e-02
   1.4899999999999999e-01   6.2455763189331115e-01  -6.8216978734690931e-02
   1.4949999999999999e-01   6.2452344627324086e-01  -6.8525493019608696e-02
   1.4999999999999999e-01   6.2448910640881283e-01  -6.8833956118881004e-02
   1.5049999999999999e-01   6.2445461232569521e-01  -6.9142367803990870e-02
   1.5100000000000000e-01   6.2441996404962385e-01  -6.9450727846485275e-02
   1.5150000000000000e-01   6.2438516160649971e-01  -6.9759036017975187e-02
   1.5200000000000000e-01   6.2435020502229133e-01  -7.0067292090141384e-02
   1.5250000000000000e-01   6.2431509432312460e-01  -7.0375495834719554e-02
   1.5300000000000000e-01   6.2427982953521821e-01  -7.0683647023518120e-02
   1.5350000000000000e-01   6.2424441068489944e-01  -7.0991745428409470e-02
   1.5400000000000000e-01   6.2420883779862335e-01  -7.1299790821332309e-02
   1.5450000000000000e-01   6.2417311090295335e-01  -7.1607782974288173e-02
   1.5500000000000000e-01   6.2413723002455868e-01  -7.1915721659346107e-02
   1.5550000000000000e-01   6.2410119519024698e-01  -7.2223606648645008e-02
   1.5600000000000000e-01   6.2406500642689966e-01  -7.2531437714386277e-02
   1.5650000000000000e-01   6.2402866376155386e-01  -7.2839214628840715e-02
   1.5700000000000000e-01   6.2399216722133644e-01  -7.3146937164345657e-02
   1.5750000000000000e-01   6.2395551683348893e-01  -7.3454605093305772e-02
   1.5800000000000000e-01   6.2391871262538079e-01  -7.3762218188195630e-02
   1.5850000000000000e-01   6.2388175462447604e-01  -7.4069776221556208e-02
   1.5900000000000000e-01   6.2384464285837926e-01  -7.4377278965997759e-02
   1.5950000000000000e-01   6.2380737735476766e-01  -7.4684726194197040e-02
   1.6000000000000000e-01   6.2376995814147040e-01  -7.4992117678902542e-02
   1.6050000000000000e-01   6.2373238524642260e-01  -7.5299453192932631e-02
   1.6100000000000000e-01   6.2369465869764529e-01  -7.5606732509173907e-02
   1.6150000000000000e-01   6.2365677852331347e-01  -7.5913955400581976e-02
   1.6200000000000001e-01   6.2361874475168666e-01  -7.6221121640184838e-02
   1.6250000000000001e-01   6.2358055741115526e-01  -7.6528231001078056e-02
   1.6300000000000001e-01   6.2354221653020525e-01  -7.6835283256430784e-02
   1.6350000000000001e-01   6.2350372213745120e-01  -7.7142278179482840e-02
   1.6400000000000001e-01   6.2346507426162157e-01  -7.7449215543543129e-02
   1.6450000000000001e-01   6.2342627293153574e-01  -7.7756095121993593e-02
   1.6500000000000001e-01   6.2338731817616522e-01  -7.8062916688288658e-02
   1.6550000000000001e-01   6.2334821002455476e-01  -7.8369680015953805e-02
   1.6600000000000001e-01   6.2330894850589791e-01  -7.8676384878588065e-02
   1.6650000000000001e-01   6.2326953364946081e-01  -7.8983031049861721e-02
   1.6700000000000001e-01   6.2322996548465759e-01  -7.9289618303518744e-02
   1.6750000000000001e-01   6.2319024404101309e-01  -7.9596146413378074e-02
   1.6800000000000001e-01   6.2315036934813373e-01  -7.9902615153327999e-02
   1.6850000000000001e-01   6.2311034143578903e-01  -8.0209024297333287e-02
   1.6900000000000001e-01   6.2307016033381546e-01  -8.0515373619435393e-02
   1.6950000000000001e-01   6.2302982607217938e-01  -8.0821662893743804e-02
   1.7000000000000001e-01   6.2298933868096384e-01  -8.1127891894448023e-02
   1.7050000000000001e-01   6.2294869819036647e-01  -8.1434060395810581e-02
   1.7100000000000001e-01   6.2290790463068879e-01  -8.1740168172169059e-02
   1.7150000000000001e-01   6.2286695803235181e-01  -8.2046214997935574e-02
   1.7200000000000001e-01   6.2282585842588511e-01  -8.2352200647600404e-02
   1.7250000000000001e-01   6.2278460584193474e-01  -8.2658124895729171e-02
   1.7300000000000001e-01   6.2274320031126684e-01  -8.2963987516961227e-02
   1.7350000000000002e-01   6.2270164186472832e-01  -8.3269788286015736e-02
   1.7400000000000002e-01   6.2265993053332780e-01  -8.3575526977686734e-02
   1.7450000000000002e-01   6.2261806634813621e-01  -8.3881203366847124e-02
   1.7500000000000002e-01   6.2257604934037769e-01  -8.4186817228446342e-02
   1.7550000000000002e-01   6.2253387954136385e-01  -8.4492368337507645e-02
   1.7599999999999999e-01   6.2249155698253467e-01  -8.4797856469139732e-02
   1.7649999999999999e-01   6.2244908169543001e-01  -8.5103281398525701e-02
   1.7699999999999999e-01   6.2240645371170933e-01  -8.5408642900925549e-02
   1.7749999999999999e-01   6.2236367306313012e-01  -8.5713940751679582e-02
   1.7799999999999999e-01   6.2232073978160218e-01  -8.6019174726209735e-02
   1.7849999999999999e-01   6.2227765389908862e-01  -8.6324344600011468e-02
   1.7899999999999999e-01   6.2223441544772895e-01  -8.6629450148665799e-02
   1.7949999999999999e-01   6.2219102445970353e-01  -8.6934491147830820e-02
   1.7999999999999999e-01   6.2214748096737582e-01  -8.7239467373242369e-02
   1.8049999999999999e-01   6.2210378500316765e-01  -8.7544378600723435e-02
   1.8099999999999999e-01   6.2205993659964987e-01  -8.7849224606170298e-02
   1.8149999999999999e-01   6.2201593578946468e-01  -8.8154005165565680e-02
   1.8200000000000000e-01   6.2197178260541930e-01  -8.8458720054969339e-02
   1.8250000000000000e-01   6.2192747708038876e-01  -8.8763369050526647e-02
   1.8300000000000000e-01   6.2188301924738987e-01  -8.9067951928462188e-02
   1.8350000000000000e-01   6.2183840913952182e-01  -8.9372468465081553e-02
   1.8400000000000000e-01   6.2179364679001514e-01  -8.9676918436777872e-02
   1.8450000000000000e-01   6.2174873223221916e-01  -8.9981301620020146e-02
   1.8500000000000000e-01   6.2170366549957035e-01  -9.0285617791365902e-02
   1.8550000000000000e-01   6.2165844662563086e-01  -9.0589866727451049e-02
   1.8600000000000000e-01   6.2161307564408574e-01  -9.0894048204999606e-02
   1.8650000000000000e-01   6.2156755258871088e-01  -9.1198162000816721e-02
   1.8700000000000000e-01   6.2152187749340149e-01  -9.1502207891791185e-02
   1.8750000000000000e-01   6.2147605039216924e-01  -9.1806185654896982e-02
   1.8800000000000000e-01   6.2143007131914174e-01  -9.2110095067192019e-02
   1.8850000000000000e-01   6.2138394030852917e-01  -9.2413935905819700e-02
   1.8900000000000000e-01   6.2133765739470070e-01  -9.2717707948008612e-02
   1.8950000000000000e-01   6.2129122261208702e-01  -9.3021410971072263e-02
   1.9000000000000000e-01   6.2124463599527280e-01  -9.3325044752411407e-02
   1.9050000000000000e-01   6.2119789757891020e-01  -9.3628609069506930e-02
   1.9100000000000000e-01   6.2115100739781903e-01  -9.3932103699933142e-02
   1.9150000000000000e-01   6.2110396548686719e-01  -9.4235528421347442e-02
   1.9200000000000000e-01   6.2105677188108754e-01  -9.4538883011495087e-02
   1.9250000000000000e-01   6.2100942661558212e-01  -9.4842167248205073e-02
   1.9300000000000000e-01   6.2096192972559827e-01  -9.5145380909397989e-02
   1.9350000000000001e-01   6.2091428124647230e-01  -9.5448523773079094e-02
   1.9400000000000001e-01   6.2086648121366017e-01  -9.5751595617342422e-02
   1.9450000000000001e-01   6.2081852966272744e-01  -9.6054596220370547e-02
   1.9500000000000001e-01   6.2077042662934967e-01  -9.6357525360432933e-02
   1.9550000000000001e-01   6.2072217214932202e-01  -9.6660382815890941e-02
   1.9600000000000001e-01   6.2067376625852344e-01  -9.6963168365188507e-02
   1.9650000000000001e-01   6.2062520899297069e-01  -9.7265881786866307e-02
   1.9700000000000001e-01   6.2057650038878920e-01  -9.7568522859549173e-02
   1.9750000000000001e-01   6.2052764048220399e-01  -9.7871091361955084e-02
   1.9800000000000001e-01   6.2047862930956688e-01  -9.8173587072886065e-02
   1.9850000000000001e-01   6.2042946690730383e-01  -9.8476009771243114e-02
   1.9900000000000001e-01   6.2038015331199037e-01  -9.8778359236010430e-02
   1.9950000000000001e-01   6.2033068856031481e-01  -9.9080635246264856e-02
   2.0000000000000001e-01   6.2028107268901977e-01  -9.9382837581177275e-02
   2.0050000000000001e-01   6.2023130573504037e-01  -9.9684966020006371e-02
   2.0100000000000001e-01   6.2018138773535458e-01  -9.9987020342104091e-02
   2.0150000000000001e-01   6.2013131872709248e-01  -1.0028900032691362e-01
   2.0200000000000001e-01   6.2008109874746453e-01  -1.0059090575397034e-01
   2.0250000000000001e-01   6.2003072783379987e-01  -1.0089273640290174e-01
   2.0300000000000001e-01   6.1998020602355919e-01  -1.0119449205342863e-01
   2.0350000000000001e-01   6.1992953335428536e-01  -1.0149617248536412e-01
   2.0400000000000001e-01   6.1987870986363935e-01  -1.0179777747861619e-01
   2.0450000000000002e-01   6.1982773558941706e-01  -1.0209930681318297e-01
   2.0500000000000002e-01   6.1977661056948075e-01  -1.0240076026916020e-01
   2.0550000000000002e-01   6.1972533484182490e-01  -1.0270213762673380e-01
   2.0600000000000002e-01   6.1967390844456893e-01  -1.0300343866618636e-01
   2.0650000000000002e-01   6.1962233141592082e-01  -1.0330466316789350e-01
   2.0700000000000002e-01   6.1957060379419493e-01  -1.0360581091232914e-01
   2.0750000000000002e-01   6.1951872561783083e-01  -1.0390688168005784e-01
   2.0800000000000002e-01   6.1946669692537704e-01  -1.0420787525174068e-01
   2.0849999999999999e-01   6.1941451775549050e-01  -1.0450879140813438e-01
   2.0899999999999999e-01   6.1936218814691346e-01  -1.0480962993009361e-01
   2.0949999999999999e-01   6.1930970813852815e-01  -1.0511039059856817e-01
   2.0999999999999999e-01   6.1925707776932404e-01  -1.0541107319460262e-01
   2.1049999999999999e-01   6.1920429707838875e-01  -1.0571167749933764e-01
   2.1099999999999999e-01   6.1915136610491517e-01  -1.0601220329401483e-01
   2.1149999999999999e-01   6.1909828488821184e-01  -1.0631265035997040e-01
   2.1199999999999999e-01   6.1904505346770800e-01  -1.0661301847863540e-01
   2.1249999999999999e-01   6.1899167188293192e-01  -1.0691330743154248e-01
   2.1299999999999999e-01   6.1893814017350668e-01  -1.0721351700032407e-01
   2.1350000000000000e-01   6.1888445837919903e-01  -1.0751364696670469e-01
   2.1400000000000000e-01   6.1883062653984555e-01  -1.0781369711251051e-01
   2.1450000000000000e-01   6.1877664469542915e-01  -1.0811366721966638e-01
   2.1500000000000000e-01   6.1872251288599966e-01  -1.0841355707019809e-01
   2.1550000000000000e-01   6.1866823115176595e-01  -1.0871336644622841e-01
   2.1600000000000000e-01   6.1861379953300000e-01  -1.0901309512997749e-01
   2.1650000000000000e-01   6.1855921807012038e-01  -1.0931274290377234e-01
   2.1700000000000000e-01   6.1850448680362247e-01  -1.0961230955003147e-01
   2.1750000000000000e-01   6.1844960577412811e-01  -1.0991179485128010e-01
   2.1800000000000000e-01   6.1839457502236161e-01  -1.1021119859014146e-01
   2.1850000000000000e-01   6.1833939458916487e-01  -1.1051052054934025e-01
   2.1900000000000000e-01   6.1828406451547924e-01  -1.1080976051170177e-01
   2.1950000000000000e-01   6.1822858484235754e-01  -1.1110891826015407e-01
   2.2000000000000000e-01   6.1817295561095120e-01  -1.1140799357772514e-01
   2.2050000000000000e-01   6.1811717686255274e-01  -1.1170698624754483e-01
   2.2100000000000000e-01   6.1806124863852041e-01  -1.1200589605284716e-01
   2.2150000000000000e-01   6.1800517098034524e-01  -1.1230472277696534e-01
   2.2200000000000000e-01   6.1794894392963251e-01  -1.1260346620334065e-01
   2.2250000000000000e-01   6.1789256752806065e-01  -1.1290212611551088e-01
   2.2300000000000000e-01   6.1783604181746632e-01  -1.1320070229712190e-01
   2.2350000000000000e-01   6.1777936683975843e-01  -1.1349919453192076e-01
   2.2400000000000000e-01   6.1772254263696358e-01  -1.1379760260375898e-01
   2.2450000000000001e-01   6.1766556925122373e-01  -1.1409592629659275e-01
   2.2500000000000001e-01   6.1760844672476545e-01  -1.1439416539448109e-01
   2.2550000000000001e-01   6.1755117509996327e-01  -1.1469231968158757e-01
   2.2600000000000001e-01   6.1749375441926024e-01  -1.1499038894218125e-01
   2.2650000000000001e-01   6.1743618472522499e-01  -1.1528837296063771e-01
   2.2700000000000001e-01   6.1737846606053448e-01  -1.1558627152143354e-01
   2.2750000000000001e-01   6.1732059846798404e-01  -1.1588408440915601e-01
   2.2800000000000001e-01   6.1726258199044182e-01  -1.1618181140849569e-01
   2.2850000000000001e-01   6.1720441667092352e-01  -1.1647945230424925e-01
   2.2900000000000001e-01   6.1714610255251889e-01  -1.1677700688131819e-01
   2.2950000000000001e-01   6.1708763967846170e-01  -1.1707447492471487e-01
   2.3000000000000001e-01   6.1702902809206117e-01  -1.1737185621955443e-01
   2.3050000000000001e-01   6.1697026783673592e-01  -1.1766915055105995e-01
   2.3100000000000001e-01   6.1691135895603844e-01  -1.1796635770456435e-01
   2.3150000000000001e-01   6.1685230149360437e-01  -1.1826347746550615e-01
   2.3200000000000001e-01   6.1679309549317018e-01  -1.1856050961943014e-01
   2.3250000000000001e-01   6.1673374099861644e-01  -1.1885745395199349e-01
   2.3300000000000001e-01   6.1667423805389621e-01  -1.1915431024895914e-01
   2.3350000000000001e-01   6.1661458670307001e-01  -1.1945107829619871e-01
   2.3400000000000001e-01   6.1655478699034261e-01  -1.1974775787969086e-01
   2.3450000000000001e-01   6.1649483895998114e-01  -1.2004434878552883e-01
   2.3500000000000001e-01   6.1643474265637721e-01  -1.2034085079991157e-01
   2.3550000000000001e-01   6.1637449812403133e-01  -1.2063726370914583e-01
   2.3600000000000002e-01   6.1631410540755227e-01  -1.2093358729965389e-01
   2.3650000000000002e-01   6.1625356455165292e-01  -1.2122982135796430e-01
   2.3700000000000002e-01   6.1619287560114500e-01  -1.2152596567071443e-01
   2.3750000000000002e-01   6.1613203860097798e-01  -1.2182202002465767e-01
   2.3800000000000002e-01   6.1607105359615566e-01  -1.2211798420665337e-01
   2.3850000000000002e-01   6.1600992063182847e-01  -1.2241385800367745e-01
   2.3900000000000002e-01   6.1594863975325442e-01  -1.2270964120281239e-01
   2.3950000000000002e-01   6.1588721100576183e-01  -1.2300533359125081e-01
   2.3999999999999999e-01   6.1582563443482630e-01  -1.2330093495630695e-01
   2.4049999999999999e-01   6.1576391008601483e-01  -1.2359644508539792e-01
   2.4099999999999999e-01   6.1570203800499046e-01  -1.2389186376605650e-01
   2.4149999999999999e-01   6.1564001823752834e-01  -1.2418719078592536e-01
   2.4199999999999999e-01   6.1557785082951277e-01  -1.2448242593276959e-01
   2.4249999999999999e-01   6.1551553582693763e-01  -1.2477756899445529e-01
   2.4299999999999999e-01   6.1545307327590093e-01  -1.2507261975896952e-01
   2.4349999999999999e-01   6.1539046322259749e-01  -1.2536757801441190e-01
   2.4399999999999999e-01   6.1532770571333484e-01  -1.2566244354899514e-01
   2.4450000000000000e-01   6.1526480079454227e-01  -1.2595721615104727e-01
   2.4500000000000000e-01   6.1520174851270593e-01  -1.2625189560901037e-01
   2.4550000000000000e-01   6.1513854891448538e-01  -1.2654648171143931e-01
   2.4600000000000000e-01   6.1507520204659094e-01  -1.2684097424700863e-01
   2.4650000000000000e-01   6.1501170795586679e-01  -1.2713537300450337e-01
   2.4700000000000000e-01   6.1494806668925639e-01  -1.2742967777282502e-01
   2.4750000000000000e-01   6.1488427829379733e-01  -1.2772388834099746e-01
   2.4800000000000000e-01   6.1482034281664733e-01  -1.2801800449814885e-01
   2.4850000000000000e-01   6.1475626030505759e-01  -1.2831202603353267e-01
   2.4900000000000000e-01   6.1469203080642365e-01  -1.2860595273651576e-01
   2.4950000000000000e-01   6.1462765436817102e-01  -1.2889978439658317e-01
   2.5000000000000000e-01   6.1456313103789373e-01  -1.2919352080333601e-01
   2.5050000000000000e-01   6.1449846086327842e-01  -1.2948716174649122e-01
   2.5100000000000000e-01   6.1443364389209210e-01  -1.2978070701588626e-01
   2.5150000000000000e-01   6.1436868017224111e-01  -1.3007415640147438e-01
   2.5200000000000000e-01   6.1430356975171163e-01  -1.3036750969332728e-01
   2.5250000000000000e-01   6.1423831267859619e-01  -1.3066076668163634e-01
   2.5300000000000000e-01   6.1417290900112176e-01  -1.3095392715670803e-01
   2.5350000000000000e-01   6.1410735876756350e-01  -1.3124699090897410e-01
   2.5400000000000000e-01   6.1404166202635857e-01  -1.3153995772897639e-01
   2.5450000000000000e-01   6.1397581882602270e-01  -1.3183282740738467e-01
   2.5500000000000000e-01   6.1390982921517034e-01  -1.3212559973498067e-01
   2.5550000000000000e-01   6.1384369324254950e-01  -1.3241827450267185e-01
   2.5600000000000001e-01   6.1377741095696592e-01  -1.3271085150148471e-01
   2.5650000000000001e-01   6.1371098240738231e-01  -1.3300333052256286e-01
   2.5700000000000001e-01   6.1364440764281081e-01  -1.3329571135717422e-01
   2.5750000000000001e-01   6.1357768671241786e-01  -1.3358799379670502e-01
   2.5800000000000001e-01   6.1351081966545773e-01  -1.3388017763266183e-01
   2.5850000000000001e-01   6.1344380655125685e-01  -1.3417226265667392e-01
   2.5900000000000001e-01   6.1337664741929987e-01  -1.3446424866049542e-01
   2.5950000000000001e-01   6.1330934231913414e-01  -1.3475613543599577e-01
   2.6000000000000001e-01   6.1324189130043194e-01  -1.3504792277517111e-01
   2.6050000000000001e-01   6.1317429441296711e-01  -1.3533961047013876e-01
   2.6100000000000001e-01   6.1310655170660688e-01  -1.3563119831313578e-01
   2.6150000000000001e-01   6.1303866323133194e-01  -1.3592268609652861e-01
   2.6200000000000001e-01   6.1297062903722566e-01  -1.3621407361279769e-01
   2.6250000000000001e-01   6.1290244917446535e-01  -1.3650536065455313e-01
   2.6300000000000001e-01   6.1283412369334733e-01  -1.3679654701452970e-01
   2.6350000000000001e-01   6.1276565264426530e-01  -1.3708763248557984e-01
   2.6400000000000001e-01   6.1269703607771064e-01  -1.3737861686068509e-01
   2.6450000000000001e-01   6.1262827404428566e-01  -1.3766949993294672e-01
   2.6500000000000001e-01   6.1255936659470067e-01  -1.3796028149559769e-01
   2.6550000000000001e-01   6.1249031377974217e-01  -1.3825096134198886e-01
   2.6600000000000001e-01   6.1242111565034862e-01  -1.3854153926559712e-01
   2.6650000000000001e-01   6.1235177225750748e-01  -1.3883201506002607e-01
   2.6700000000000002e-01   6.1228228365234083e-01  -1.3912238851900918e-01
   2.6750000000000002e-01   6.1221264988606916e-01  -1.3941265943639494e-01
   2.6800000000000002e-01   6.1214287101002596e-01  -1.3970282760616864e-01
   2.6850000000000002e-01   6.1207294707562721e-01  -1.3999289282243277e-01
   2.6900000000000002e-01   6.1200287813439536e-01  -1.4028285487942224e-01
   2.6950000000000002e-01   6.1193266423797155e-01  -1.4057271357149864e-01
   2.7000000000000002e-01   6.1186230543808207e-01  -1.4086246869314523e-01
   2.7050000000000002e-01   6.1179180178657167e-01  -1.4115212003898170e-01
   2.7100000000000002e-01   6.1172115333537558e-01  -1.4144166740374275e-01
   2.7150000000000002e-01   6.1165036013653684e-01  -1.4173111058230106e-01
   2.7200000000000002e-01   6.1157942224219264e-01  -1.4202044936965449e-01
   2.7250000000000002e-01   6.1150833970459817e-01  -1.4230968356092047e-01
   2.7300000000000002e-01   6.1143711257609690e-01  -1.4259881295136537e-01
   2.7350000000000002e-01   6.1136574090914941e-01  -1.4288783733635937e-01
   2.7400000000000002e-01   6.1129422475629480e-01  -1.4317675651142084e-01
   2.7450000000000002e-01   6.1122256417020970e-01  -1.4346557027218282e-01
   2.7500000000000002e-01   6.1115075920363571e-01  -1.4375427841442104e-01
   2.7550000000000002e-01   6.1107880990942987e-01  -1.4404288073403243e-01
   2.7600000000000002e-01   6.1100671634056569e-01  -1.4433137702704291e-01
   2.7650000000000002e-01   6.1093447855010719e-01  -1.4461976708961694e-01
   2.7700000000000002e-01   6.1086209659120594e-01  -1.4490805071803542e-01
   2.7750000000000002e-01   6.1078957051715710e-01  -1.4519622770872737e-01
   2.7800000000000002e-01   6.1071690038131166e-01  -1.4548429785823219e-01
   2.7850000000000003e-01   6.1064408623714705e-01  -1.4577226096324197e-01
   2.7900000000000003e-01   6.1057112813822279e-01  -1.4606011682056172e-01
   2.7950000000000003e-01   6.1049802613823745e-01  -1.4634786522713905e-01
   2.8000000000000003e-01   6.1042478029093794e-01  -1.4663550598004940e-01
   2.8050000000000003e-01   6.1035139065023725e-01  -1.4692303887649910e-01
   2.8100000000000003e-01   6.1027785727007666e-01  -1.4721046371382854e-01
   2.8150000000000003e-01   6.1020418020455280e-01  -1.4749778028951113e-01
   2.8200000000000003e-01   6.1013035950786121e-01  -1.4778498840115267e-01
   2.8250000000000003e-01   6.1005639523427124e-01  -1.4807208784648751e-01
   2.8300000000000003e-01   6.0998228743815852e-01  -1.4835907842339105e-01
   2.8350000000000003e-01   6.0990803617402101e-01  -1.4864595992986557e-01
   2.8400000000000003e-01   6.0983364149644681e-01  -1.4893273216404768e-01
   2.8450000000000003e-01   6.0975910346010342e-01  -1.4921939492421130e-01
   2.8500000000000003e-01   6.0968442211980201e-01  -1.4950594800876471e-01
   2.8550000000000003e-01   6.0960959753041410e-01  -1.4979239121624416e-01
   2.8600000000000003e-01   6.0953462974692441e-01  -1.5007872434532615e-01
   2.8650000000000003e-01   6.0945951882444782e-01  -1.5036494719482157e-01
   2.8700000000000003e-01   6.0938426481815311e-01  -1.5065105956367714e-01
   2.8750000000000003e-01   6.0930886778332582e-01  -1.5093706125096445e-01
   2.8800000000000003e-01   6.0923332777538031e-01  -1.5122295205590863e-01
   2.8849999999999998e-01   6.0915764484978507e-01  -1.5150873177785459e-01
   2.8899999999999998e-01   6.0908181906215220e-01  -1.5179440021629537e-01
   2.8949999999999998e-01   6.0900585046815081e-01  -1.5207995717084993e-01
   2.8999999999999998e-01   6.0892973912359261e-01  -1.5236540244127869e-01
   2.9049999999999998e-01   6.0885348508435255e-01  -1.5265073582748023e-01
   2.9099999999999998e-01   6.0877708840643929e-01  -1.5293595712948771e-01
   2.9149999999999998e-01   6.0870054914594052e-01  -1.5322106614746828e-01
   2.9199999999999998e-01   6.0862386735903862e-01  -1.5350606268173420e-01
   2.9249999999999998e-01   6.0854704310203944e-01  -1.5379094653272837e-01
   2.9299999999999998e-01   6.0847007643131967e-01  -1.5407571750103771e-01
   2.9349999999999998e-01   6.0839296740338578e-01  -1.5436037538738109e-01
   2.9399999999999998e-01   6.0831571607481449e-01  -1.5464491999261912e-01
   2.9449999999999998e-01   6.0823832250230070e-01  -1.5492935111775005e-01
   2.9499999999999998e-01   6.0816078674263885e-01  -1.5521366856390939e-01
   2.9549999999999998e-01   6.0808310885271799e-01  -1.5549787213237362e-01
   2.9599999999999999e-01   6.0800528888952143e-01  -1.5578196162456462e-01
   2.9649999999999999e-01   6.0792732691014273e-01  -1.5606593684202782e-01
   2.9699999999999999e-01   6.0784922297175825e-01  -1.5634979758646225e-01
   2.9749999999999999e-01   6.0777097713166350e-01  -1.5663354365970078e-01
   2.9799999999999999e-01   6.0769258944724369e-01  -1.5691717486372006e-01
   2.9849999999999999e-01   6.0761405997598184e-01  -1.5720069100063219e-01
   2.9899999999999999e-01   6.0753538877545255e-01  -1.5748409187269571e-01
   2.9949999999999999e-01   6.0745657590334778e-01  -1.5776737728230306e-01
   2.9999999999999999e-01   6.0737762141744855e-01  -1.5805054703199761e-01
   3.0049999999999999e-01   6.0729852537563400e-01  -1.5833360092444979e-01
   3.0099999999999999e-01   6.0721928783586410e-01  -1.5861653876248807e-01
   3.0149999999999999e-01   6.0713990885625124e-01  -1.5889936034907154e-01
   3.0199999999999999e-01   6.0706038849493071e-01  -1.5918206548730360e-01
   3.0249999999999999e-01   6.0698072681019455e-01  -1.5946465398042692e-01
   3.0299999999999999e-01   6.0690092386042549e-01  -1.5974712563183494e-01
   3.0349999999999999e-01   6.0682097970406745e-01  -1.6002948024505534e-01
   3.0399999999999999e-01   6.0674089439971746e-01  -1.6031171762376856e-01
   3.0449999999999999e-01   6.0666066800601681e-01  -1.6059383757178414e-01
   3.0499999999999999e-01   6.0658030058175039e-01  -1.6087583989306486e-01
   3.0549999999999999e-01   6.0649979218576888e-01  -1.6115772439171827e-01
   3.0599999999999999e-01   6.0641914287702858e-01  -1.6143949087198647e-01
   3.0649999999999999e-01   6.0633835271459557e-01  -1.6172113913826794e-01
   3.0700000000000000e-01   6.0625742175762731e-01  -1.6200266899509336e-01
   3.0750000000000000e-01   6.0617635006536486e-01  -1.6228408024714708e-01
   3.0800000000000000e-01   6.0609513769717749e-01  -1.6256537269925017e-01
   3.0850000000000000e-01   6.0601378471250322e-01  -1.6284654615637625e-01
   3.0900000000000000e-01   6.0593229117088732e-01  -1.6312760042363936e-01
   3.0950000000000000e-01   6.0585065713197095e-01  -1.6340853530630059e-01
   3.1000000000000000e-01   6.0576888265551276e-01  -1.6368935060976642e-01
   3.1050000000000000e-01   6.0568696780132325e-01  -1.6397004613958632e-01
   3.1100000000000000e-01   6.0560491262936178e-01  -1.6425062170146340e-01
   3.1150000000000000e-01   6.0552271719964812e-01  -1.6453107710123824e-01
   3.1200000000000000e-01   6.0544038157231994e-01  -1.6481141214489825e-01
   3.1250000000000000e-01   6.0535790580759874e-01  -1.6509162663859148e-01
   3.1300000000000000e-01   6.0527528996581603e-01  -1.6537172038859346e-01
   3.1350000000000000e-01   6.0519253410736484e-01  -1.6565169320133849e-01
   3.1400000000000000e-01   6.0510963829279529e-01  -1.6593154488340522e-01
   3.1450000000000000e-01   6.0502660258269758e-01  -1.6621127524152121e-01
   3.1500000000000000e-01   6.0494342703780357e-01  -1.6649088408256049e-01
   3.1550000000000000e-01   6.0486011171890419e-01  -1.6677037121354257e-01
   3.1600000000000000e-01   6.0477665668691150e-01  -1.6704973644163981e-01
   3.1650000000000000e-01   6.0469306200281037e-01  -1.6732897957417767e-01
   3.1700000000000000e-01   6.0460932772771747e-01  -1.6760810041861357e-01
   3.1750000000000000e-01   6.0452545392280521e-01  -1.6788709878257099e-01
   3.1800000000000000e-01   6.0444144064937655e-01  -1.6816597447381279e-01
   3.1850000000000001e-01   6.0435728796881594e-01  -1.6844472730025351e-01
   3.1900000000000001e-01   6.0427299594258443e-01  -1.6872335706995853e-01
   3.1950000000000001e-01   6.0418856463228165e-01  -1.6900186359114489e-01
   3.2000000000000001e-01   6.0410399409956861e-01  -1.6928024667217562e-01
   3.2050000000000001e-01   6.0401928440621533e-01  -1.6955850612156412e-01
   3.2100000000000001e-01   6.0393443561408078e-01  -1.6983664174797697e-01
   3.2150000000000001e-01   6.0384944778513416e-01  -1.7011465336023010e-01
   3.2200000000000001e-01   6.0376432098142097e-01  -1.7039254076729060e-01
   3.2250000000000001e-01   6.0367905526509313e-01  -1.7067030377827425e-01
   3.2300000000000001e-01   6.0359365069841331e-01  -1.7094794220245213e-01
   3.2350000000000001e-01   6.0350810734369420e-01  -1.7122545584924495e-01
   3.2400000000000001e-01   6.0342242526339318e-01  -1.7150284452822151e-01
   3.2450000000000001e-01   6.0333660452002802e-01  -1.7178010804911389e-01
   3.2500000000000001e-01   6.0325064517623184e-01  -1.7205724622179350e-01
   3.2550000000000001e-01   6.0316454729472435e-01  -1.7233425885628686e-01
   3.2600000000000001e-01   6.0307831093833641e-01  -1.7261114576278164e-01
   3.2650000000000001e-01   6.0299193616995073e-01  -1.7288790675160684e-01
   3.2700000000000001e-01   6.0290542305259187e-01  -1.7316454163325293e-01
   3.2750000000000001e-01   6.0281877164935438e-01  -1.7344105021836184e-01
   3.2800000000000001e-01   6.0273198202345124e-01  -1.7371743231772482e-01
   3.2850000000000001e-01   6.0264505423815828e-01  -1.7399368774229065e-01
   3.2900000000000001e-01   6.0255798835686136e-01  -1.7426981630316168e-01
   3.2950000000000002e-01   6.0247078444303348e-01  -1.7454581781159328e-01
   3.3000000000000002e-01   6.0238344256025145e-01  -1.7482169207899717e-01
   3.3050000000000002e-01   6.0229596277218955e-01  -1.7509743891693649e-01
   3.3100000000000002e-01   6.0220834514259991e-01  -1.7537305813712953e-01
   3.3150000000000002e-01   6.0212058973536353e-01  -1.7564854955145331e-01
   3.3200000000000002e-01   6.0203269661439196e-01  -1.7592391297193893e-01
   3.3250000000000002e-01   6.0194466584374340e-01  -1.7619914821076774e-01
   3.3300000000000002e-01   6.0185649748756997e-01  -1.7647425508028131e-01
   3.3350000000000002e-01   6.0176819161008799e-01  -1.7674923339297929e-01
   3.3400000000000002e-01   6.0167974827562976e-01  -1.7702408296150920e-01
   3.3450000000000002e-01   6.0159116754862585e-01  -1.7729880359868277e-01
   3.3500000000000002e-01   6.0150244949355658e-01  -1.7757339511746320e-01
   3.3550000000000002e-01   6.0141359417504792e-01  -1.7784785733097860e-01
   3.3600000000000002e-01   6.0132460165780566e-01  -1.7812219005249738e-01
   3.3650000000000002e-01   6.0123547200661331e-01  -1.7839639309546659e-01
   3.3700000000000002e-01   6.0114620528635954e-01  -1.7867046627346911e-01
   3.3750000000000002e-01   6.0105680156201868e-01  -1.7894440940026388e-01
   3.3800000000000002e-01   6.0096726089865915e-01  -1.7921822228975345e-01
   3.3850000000000002e-01   6.0087758336145980e-01  -1.7949190475601212e-01
   3.3900000000000002e-01   6.0078776901568043e-01  -1.7976545661325288e-01
   3.3950000000000002e-01   6.0069781792664356e-01  -1.8003887767586413e-01
   3.4000000000000002e-01   6.0060773015982982e-01  -1.8031216775838965e-01
   3.4050000000000002e-01   6.0051750578074858e-01  -1.8058532667552471e-01
   3.4100000000000003e-01   6.0042714485504878e-01  -1.8085835424213220e-01
   3.4150000000000003e-01   6.0033664744843251e-01  -1.8113125027322835e-01
   3.4200000000000003e-01   6.0024601362672481e-01  -1.8140401458399052e-01
   3.4250000000000003e-01   6.0015524345583193e-01  -1.8167664698975799e-01
   3.4300000000000003e-01   6.0006433700175910e-01  -1.8194914730602671e-01
   3.4350000000000003e-01   5.9997329433057855e-01  -1.8222151534845016e-01
   3.4400000000000003e-01   5.9988211550848214e-01  -1.8249375093285120e-01
   3.4450000000000003e-01   5.9979080060174927e-01  -1.8276585387520383e-01
   3.4500000000000003e-01   5.9969934967674121e-01  -1.8303782399164728e-01
   3.4550000000000003e-01   5.9960776279992056e-01  -1.8330966109848046e-01
   3.4600000000000003e-01   5.9951604003783887e-01  -1.8358136501216071e-01
   3.4650000000000003e-01   5.9942418145714083e-01  -1.8385293554931523e-01
   3.4700000000000003e-01   5.9933218712454916e-01  -1.8412437252672351e-01
   3.4750000000000003e-01   5.9924005710690320e-01  -1.8439567576132718e-01
   3.4800000000000003e-01   5.9914779147110708e-01  -1.8466684507023401e-01
   3.4850000000000003e-01   5.9905539028418542e-01  -1.8493788027071595e-01
   3.4900000000000003e-01   5.9896285361322510e-01  -1.8520878118019671e-01
   3.4950000000000003e-01   5.9887018152541172e-01  -1.8547954761627652e-01
   3.5000000000000003e-01   5.9877737408804588e-01  -1.8575017939670380e-01
   3.5050000000000003e-01   5.9868443136849581e-01  -1.8602067633940403e-01
   3.5100000000000003e-01   5.9859135343421543e-01  -1.8629103826245497e-01
   3.5150000000000003e-01   5.9849814035277216e-01  -1.8656126498409603e-01
   3.5199999999999998e-01   5.9840479219179088e-01  -1.8683135632274867e-01
   3.5249999999999998e-01   5.9831130901903773e-01  -1.8710131209697228e-01
   3.5299999999999998e-01   5.9821769090232479e-01  -1.8737113212550793e-01
   3.5349999999999998e-01   5.9812393790956808e-01  -1.8764081622725631e-01
   3.5399999999999998e-01   5.9803005010877841e-01  -1.8791036422128138e-01
   3.5449999999999998e-01   5.9793602756806330e-01  -1.8817977592680857e-01
   3.5499999999999998e-01   5.9784187035559888e-01  -1.8844905116323246e-01
   3.5549999999999998e-01   5.9774757853967109e-01  -1.8871818975011592e-01
   3.5599999999999998e-01   5.9765315218865445e-01  -1.8898719150717155e-01
   3.5649999999999998e-01   5.9755859137099865e-01  -1.8925605625429640e-01
   3.5699999999999998e-01   5.9746389615526418e-01  -1.8952478381154406e-01
   3.5749999999999998e-01   5.9736906661008504e-01  -1.8979337399912830e-01
   3.5799999999999998e-01   5.9727410280418680e-01  -1.9006182663744145e-01
   3.5849999999999999e-01   5.9717900480639885e-01  -1.9033014154703318e-01
   3.5899999999999999e-01   5.9708377268563018e-01  -1.9059831854861714e-01
   3.5949999999999999e-01   5.9698840651087037e-01  -1.9086635746308167e-01
   3.5999999999999999e-01   5.9689290635120662e-01  -1.9113425811147561e-01
   3.6049999999999999e-01   5.9679727227582391e-01  -1.9140202031501627e-01
   3.6099999999999999e-01   5.9670150435398794e-01  -1.9166964389509483e-01
   3.6149999999999999e-01   5.9660560265506313e-01  -1.9193712867325396e-01
   3.6199999999999999e-01   5.9650956724848303e-01  -1.9220447447121861e-01
   3.6249999999999999e-01   5.9641339820378170e-01  -1.9247168111087329e-01
   3.6299999999999999e-01   5.9631709559059876e-01  -1.9273874841427768e-01
   3.6349999999999999e-01   5.9622065947861935e-01  -1.9300567620364653e-01
   3.6399999999999999e-01   5.9612408993767407e-01  -1.9327246430138037e-01
   3.6449999999999999e-01   5.9602738703764080e-01  -1.9353911253003056e-01
   3.6499999999999999e-01   5.9593055084848523e-01  -1.9380562071232865e-01
   3.6549999999999999e-01   5.9583358144029497e-01  -1.9407198867117462e-01
   3.6599999999999999e-01   5.9573647888321668e-01  -1.9433821622963088e-01
   3.6649999999999999e-01   5.9563924324749584e-01  -1.9460430321093447e-01
   3.6699999999999999e-01   5.9554187460346486e-01  -1.9487024943848985e-01
   3.6749999999999999e-01   5.9544437302154396e-01  -1.9513605473587026e-01
   3.6799999999999999e-01   5.9534673857224885e-01  -1.9540171892681718e-01
   3.6849999999999999e-01   5.9524897132616350e-01  -1.9566724183525105e-01
   3.6899999999999999e-01   5.9515107135398082e-01  -1.9593262328524944e-01
   3.6950000000000000e-01   5.9505303872647930e-01  -1.9619786310107187e-01
   3.7000000000000000e-01   5.9495487351452037e-01  -1.9646296110714095e-01
   3.7050000000000000e-01   5.9485657578903384e-01  -1.9672791712805163e-01
   3.7100000000000000e-01   5.9475814562109097e-01  -1.9699273098857278e-01
   3.7150000000000000e-01   5.9465958308178313e-01  -1.9725740251364102e-01
   3.7200000000000000e-01   5.9456088824232434e-01  -1.9752193152836500e-01
   3.7250000000000000e-01   5.9446206117402545e-01  -1.9778631785802514e-01
   3.7300000000000000e-01   5.9436310194827546e-01  -1.9805056132807716e-01
   3.7350000000000000e-01   5.9426401063653866e-01  -1.9831466176413989e-01
   3.7400000000000000e-01   5.9416478731037980e-01  -1.9857861899201126e-01
   3.7450000000000000e-01   5.9406543204144291e-01  -1.9884243283765973e-01
   3.7500000000000000e-01   5.9396594490146815e-01  -1.9910610312722926e-01
   3.7550000000000000e-01   5.9386632596227007e-01  -1.9936962968703006e-01
   3.7600000000000000e-01   5.9376657529575771e-01  -1.9963301234354999e-01
   3.7650000000000000e-01   5.9366669297394925e-01  -1.9989625092344576e-01
   3.7700000000000000e-01   5.9356667906888583e-01  -2.0015934525355422e-01
   3.7750000000000000e-01   5.9346653365275037e-01  -2.0042229516088025e-01
   3.7800000000000000e-01   5.9336625679780985e-01  -2.0068510047260019e-01
   3.7850000000000000e-01   5.9326584857641163e-01  -2.0094776101607076e-01
   3.7900000000000000e-01   5.9316530906096088e-01  -2.0121027661881852e-01
   3.7950000000000000e-01   5.9306463832398237e-01  -2.0147264710854237e-01
   3.8000000000000000e-01   5.9296383643806627e-01  -2.0173487231311896e-01
   3.8050000000000000e-01   5.9286290347591053e-01  -2.0199695206059973e-01
   3.8100000000000001e-01   5.9276183951027972e-01  -2.0225888617921323e-01
   3.8150000000000001e-01   5.9266064461403323e-01  -2.0252067449734779e-01
   3.8200000000000001e-01   5.9255931886010582e-01  -2.0278231684359091e-01
   3.8250000000000001e-01   5.9245786232153730e-01  -2.0304381304668312e-01
   3.8300000000000001e-01   5.9235627507144550e-01  -2.0330516293555601e-01
   3.8350000000000001e-01   5.9225455718302389e-01  -2.0356636633930794e-01
   3.8400000000000001e-01   5.9215270872954595e-01  -2.0382742308721608e-01
   3.8450000000000001e-01   5.9205072978440720e-01  -2.0408833300873233e-01
   3.8500000000000001e-01   5.9194862042103602e-01  -2.0434909593348821e-01
   3.8550000000000001e-01   5.9184638071299911e-01  -2.0460971169128991e-01
   3.8600000000000001e-01   5.9174401073390137e-01  -2.0487018011211380e-01
   3.8650000000000001e-01   5.9164151055746883e-01  -2.0513050102612265e-01
   3.8700000000000001e-01   5.9153888025748880e-01  -2.0539067426364926e-01
   3.8750000000000001e-01   5.9143611990784650e-01  -2.0565069965520563e-01
   3.8800000000000001e-01   5.9133322958250689e-01  -2.0591057703148935e-01
   3.8850000000000001e-01   5.9123020935551251e-01  -2.0617030622335863e-01
   3.8900000000000001e-01   5.9112705930101095e-01  -2.0642988706185800e-01
   3.8950000000000001e-01   5.9102377949321228e-01  -2.0668931937821780e-01
   3.9000000000000001e-01   5.9092037000641184e-01  -2.0694860300383133e-01
   3.9050000000000001e-01   5.9081683091500137e-01  -2.0720773777028278e-01
   3.9100000000000001e-01   5.9071316229347659e-01  -2.0746672350932457e-01
   3.9150000000000001e-01   5.9060936421636834e-01  -2.0772556005289297e-01
   3.9200000000000002e-01   5.9050543675832246e-01  -2.0798424723310560e-01
   3.9250000000000002e-01   5.9040137999405873e-01  -2.0824278488225359e-01
   3.9300000000000002e-01   5.9029719399838798e-01  -2.0850117283280675e-01
   3.9350000000000002e-01   5.9019287884619842e-01  -2.0875941091741695e-01
   3.9400000000000002e-01   5.9008843461247518e-01  -2.0901749896891941e-01
   3.9450000000000002e-01   5.8998386137226699e-01  -2.0927543682031949e-01
   3.9500000000000002e-01   5.8987915920071199e-01  -2.0953322430480750e-01
   3.9550000000000002e-01   5.8977432817304543e-01  -2.0979086125575822e-01
   3.9600000000000002e-01   5.8966936836457395e-01  -2.1004834750671675e-01
   3.9650000000000002e-01   5.8956427985068471e-01  -2.1030568289141580e-01
   3.9700000000000002e-01   5.8945906270685156e-01  -2.1056286724376477e-01
   3.9750000000000002e-01   5.8935371700864592e-01  -2.1081990039785786e-01
   3.9800000000000002e-01   5.8924824283169031e-01  -2.1107678218796419e-01
   3.9850000000000002e-01   5.8914264025171303e-01  -2.1133351244853776e-01
   3.9900000000000002e-01   5.8903690934452591e-01  -2.1159009101421480e-01
   3.9950000000000002e-01   5.8893105018601111e-01  -2.1184651771980645e-01
   4.0000000000000002e-01   5.8882506285214331e-01  -2.1210279240031807e-01
