#! FIELDS d1 file.free der_d1
#! SET min_d1 -0.0246709
#! SET max_d1 0.740671
#! SET nbins_d1  311
#! SET periodic_d1 false
   -0.024670900  149.424607944   -0.000000000
   -0.022202055  149.377033023  -57.174720980
   -0.019733210  149.073841938 -207.812952236
   -0.017264365  148.199005480 -544.480328059
   -0.014795521  146.112523733 -1216.253779449
   -0.012326676  141.809064908 -2357.185414624
   -0.009857831  134.066479380 -3984.860829805
   -0.007388986  121.928491222 -5852.705906345
   -0.004920141  105.404244573 -7429.403412624
   -0.002451296   86.003110211 -8092.781983276
    0.000017548   66.505953576 -7491.618043780
    0.002486393   49.906038920 -5825.228216703
    0.004955238   38.046216491 -3791.913679714
    0.007424083   30.830185673 -2171.240421037
    0.009892928   26.632004473 -1370.621327434
    0.012361773   23.466496975 -1280.598288664
    0.014830617   20.071025035 -1479.468483464
    0.017299462   16.249632821 -1581.951272540
    0.019768307   12.453248087 -1462.661506198
    0.022237152    9.152416348 -1200.591712894
    0.024705997    6.526291506 -933.333475757
    0.027174842    4.467893123 -749.352834698
    0.029643686    2.820086663 -587.193438024
    0.032112531    1.562349709 -433.844516698
    0.034581376    0.682215666 -281.855446633
    0.037050221    0.171105602 -135.345658051
    0.039519066    0.000000000   -1.642080409
    0.041987911    0.163280117  134.591149541
    0.044456755    0.681266775  289.222099995
    0.046925600    1.592513090  447.686771196
    0.049394445    2.877969361  586.266205284
    0.051863290    4.446452994  672.935524133
    0.054332135    6.150303060  698.535935820
    0.056800980    7.860373753  679.829648149
    0.059269825    9.488392325  635.893339661
    0.061738669   10.991616593  582.765150159
    0.064207514   12.370676450  539.644351199
    0.066676359   13.689943142  537.450928317
    0.069145204   15.074213674  588.112915392
    0.071614049   16.638320144  682.274587341
    0.074082894   18.446111454  777.052403239
    0.076551738   20.435017485  822.431846344
    0.079020583   22.442994895  791.718430029
    0.081489428   24.287912149  695.289110912
    0.083958273   25.858904858  576.334257238
    0.086427118   27.157122414  480.992064886
    0.088895963   28.261620119  423.374717462
    0.091364807   29.280544183  408.172361876
    0.093833652   30.305284794  429.851926501
    0.096302497   31.440094995  496.797690641
    0.098771342   32.779310870  591.731372251
    0.101240187   34.351655539  675.510518922
    0.103709032   36.091080526  727.108371023
    0.106177876   37.889726373  717.477168427
    0.108646721   39.605793043  667.421743201
    0.111115566   41.155881340  586.761091379
    0.113584411   42.509794242  511.890875326
    0.116053256   43.704332914  461.813429838
    0.118522101   44.804266205  431.135399745
    0.120990945   45.840306252  406.753293873
    0.123459790   46.805861300  372.203585813
    0.125928635   47.678042309  330.622574726
    0.128397480   48.429643571  279.930705864
    0.130866325   49.057217287  229.963040945
    0.133335170   49.579130030  195.748702205
    0.135804015   50.040128569  176.400623124
    0.138272859   50.443602204  150.556954609
    0.140741704   50.787784230  127.401019470
    0.143210549   51.061867657   93.799760989
    0.145679394   51.255464748   61.731740949
    0.148148239   51.352607683   15.628579521
    0.150617084   51.322486923  -41.596740385
    0.153085928   51.156035975  -90.041118802
    0.155554773   50.893674749 -118.052914675
    0.158023618   50.614003991 -102.195030032
    0.160492463   50.409044490  -58.017812150
    0.162961308   50.330668138   -5.592903085
    0.165430153   50.363520600   28.548057543
    0.167898997   50.445008801   33.423612550
    0.170367842   50.512808157   18.777088833
    0.172836687   50.540693290    8.884900590
    0.175305532   50.569674463   16.938928091
    0.177774377   50.642826054   45.623437544
    0.180243222   50.804041571   84.528488880
    0.182712066   51.071025500  132.427144849
    0.185180911   51.450432981  172.105663088
    0.187649756   51.917572194  205.328489703
    0.190118601   52.463736646  232.230309579
    0.192587446   53.050802547  242.636950496
    0.195056291   53.655327291  247.292550305
    0.197525135   54.262591406  247.737715250
    0.199993980   54.885660565  256.630470170
    0.202462825   55.540319434  274.037269077
    0.204931670   56.232883969  287.057389093
    0.207400515   56.948810220  289.465330482
    0.209869360   57.659512097  282.680892925
    0.212338205   58.339189979  269.218250027
    0.214807049   58.994716038  263.449723980
    0.217275894   59.645185950  263.277938312
    0.219744739   60.291774023  255.931904489
    0.222213584   60.893659417  227.037855676
    0.224682429   61.386669551  166.198028405
    0.227151274   61.712868974   98.893682599
    0.229620118   61.889395499   46.413885313
    0.232088963   61.986748470   41.407838027
    0.234557808   62.117861980   71.266251950
    0.237026653   62.360347644  126.405400505
    0.239495498   62.731433706  168.845080731
    0.241964343   63.181918075  192.742863956
    0.244433187   63.654906123  190.961976775
    0.246902032   64.124410547  191.963326074
    0.249370877   64.613808861  206.136541868
    0.251839722   65.154822904  230.333179477
    0.254308567   65.741029914  237.959467948
    0.256777412   66.310737409  217.752471038
    0.259246256   66.797435578  171.531552613
    0.261715101   67.177494316  136.208982096
    0.264183946   67.496601859  128.461049732
    0.266652791   67.837187167  149.834987105
    0.269121636   68.236380852  172.481806758
    0.271590481   68.675895497  178.239435927
    0.274059325   69.107911562  170.151973514
    0.276528170   69.518876645  164.814776421
    0.278997015   69.928046770  167.733311811
    0.281465860   70.363724367  184.721339275
    0.283934705   70.829903454  192.234629573
    0.286403550   71.308577065  196.818985763
    0.288872395   71.798832250  200.762884573
    0.291341239   72.323010601  228.405442967
    0.293810084   72.922348115  260.701675446
    0.296278929   73.599238374  284.709362524
    0.298747774   74.295194113  271.073402514
    0.301216619   74.905627838  221.006415832
    0.303685464   75.394761307  178.079698761
    0.306154308   75.822359720  178.702268984
    0.308623153   76.334179184  243.430493155
    0.311091998   77.061233832  344.553960068
    0.313560843   78.028341703  432.109514662
    0.316029688   79.154510930  471.214302306
    0.318498533   80.297955899  450.769867845
    0.320967377   81.372617393  420.254206232
    0.323436222   82.400903327  418.069994703
    0.325905067   83.452152160  436.054886513
    0.328373912   84.544616293  444.215725077
    0.330842757   85.611967079  410.794405378
    0.333311602   86.532746474  330.835796389
    0.335780446   87.231951800  240.126471759
    0.338249291   87.740901034  177.995220575
    0.340718136   88.160920780  169.993868753
    0.343186981   88.595340999  184.972369787
    0.345655826   89.066597162  195.483685117
    0.348124671   89.541573045  183.508153473
    0.350593515   89.945404455  144.547062779
    0.353062360   90.249032862   97.988757904
    0.355531205   90.418931998   37.499614896
    0.358000050   90.432111082  -33.803092093
    0.360468895   90.239298076 -126.435608628
    0.362937740   89.816376713 -210.825756138
    0.365406585   89.232595633 -253.804554793
    0.367875429   88.609475581 -240.741372926
    0.370344274   88.086312403 -182.109165386
    0.372813119   87.713380006 -125.810408220
    0.375281964   87.431023673 -111.462259235
    0.377750809   87.144361557 -123.495004141
    0.380219654   86.837395667 -121.426183088
    0.382688498   86.591037782  -70.517121679
    0.385157343   86.516006922   14.268314472
    0.387626188   86.658685588   92.895145341
    0.390095033   86.931337847  116.834628774
    0.392563878   87.185591237   80.146468831
    0.395032723   87.312742128   24.668110753
    0.397501567   87.321402022  -10.003272294
    0.399970412   87.287753097  -10.346721146
    0.402439257   87.296141144   18.480075507
    0.404908102   87.385463002   55.000329538
    0.407376947   87.566031414   86.778336614
    0.409845792   87.796380210   96.265389078
    0.412314636   88.017711712   79.317436950
    0.414783481   88.160704138   33.011038501
    0.417252326   88.181939568  -15.619876213
    0.419721171   88.104713246  -41.705955451
    0.422190016   88.010685728  -31.793534623
    0.424658861   87.957389296  -13.339645021
    0.427127705   87.925496869  -15.131943960
    0.429596550   87.855231184  -46.692353338
    0.432065395   87.685686630  -91.241979774
    0.434534240   87.407737259 -129.968412761
    0.437003085   87.078626196 -131.982424195
    0.439471930   86.783286981 -100.529423279
    0.441940775   86.594795571  -49.753310038
    0.444409619   86.534276650   -6.330393476
    0.446878464   86.536458086    2.007686457
    0.449347309   86.504707860  -32.797300282
    0.451816154   86.361086373  -81.234809967
    0.454284999   86.131675933  -96.338745082
    0.456753844   85.921192036  -67.258643662
    0.459222688   85.823590663  -10.459845925
    0.461691533   85.852063239   25.910697696
    0.464160378   85.909463273   12.691670712
    0.466629223   85.884994458  -36.094441875
    0.469098068   85.742293937  -73.604185306
    0.471566913   85.564537528  -69.027255649
    0.474035757   85.418112379  -46.993482317
    0.476504602   85.323200930  -28.520884102
    0.478973447   85.255744222  -23.513837181
    0.481442292   85.212231221   -7.999922371
    0.483911137   85.255088163   47.856150319
    0.486379982   85.481419032  137.258495446
    0.488848826   85.903398817  198.542989295
    0.491317671   86.412585474  206.307728989
    0.493786516   86.876265336  161.707228848
    0.496255361   87.193205441   96.992142216
    0.498724206   87.361402913   41.154119106
    0.501193051   87.410619203    1.120534216
    0.503661895   87.369913149  -35.652191495
    0.506130740   87.225551275  -80.484550857
    0.508599585   86.986357906 -108.630201248
    0.511068430   86.711772094 -105.557929302
    0.513537275   86.483959681  -76.008196808
    0.516006120   86.357739631  -26.350759726
    0.518474965   86.354882276   22.717722079
    0.520943809   86.460610726   58.167088128
    0.523412654   86.620647275   71.643967509
    0.525881499   86.789901313   57.141471493
    0.528350344   86.877621467    9.169295789
    0.530819189   86.823344832  -55.269291712
    0.533288034   86.626723336  -99.133983368
    0.535756878   86.371461492  -99.025974664
    0.538225723   86.171822941  -56.844153178
    0.540694568   86.126310628   20.774197774
    0.543163413   86.266580572   91.707791484
    0.545632258   86.554980526  137.809852910
    0.548101103   86.921418389  153.498330430
    0.550569947   87.296807101  146.609256376
    0.553038792   87.623489341  116.530936910
    0.555507637   87.873540056   91.323461622
    0.557976482   88.102126853   97.816048545
    0.560445327   88.394221506  142.300120938
    0.562914172   88.803478015  188.552399668
    0.565383016   89.307981207  210.521995375
    0.567851861   89.810528488  191.072506110
    0.570320706   90.238630201  155.743717422
    0.572789551   90.591286026  138.312488633
    0.575258396   90.956141243  162.882504362
    0.577727241   91.441837007  230.782481304
    0.580196085   92.093297602  291.440344629
    0.582664930   92.852631423  312.962574430
    0.585133775   93.599942661  286.147363800
    0.587602620   94.239865940  233.447292668
    0.590071465   94.764180919  196.651340386
    0.592540310   95.240893919  199.851693439
    0.595009155   95.782176948  242.244382956
    0.597477999   96.453797190  300.942688298
    0.599946844   97.247134231  338.340762223
    0.602415689   98.098755333  349.981907314
    0.604884534   98.968679412  355.794434845
    0.607353379   99.862986067  366.263962596
    0.609822224  100.790278292  383.712684191
    0.612291068  101.740216210  379.469192734
    0.614759913  102.639040903  346.320826510
    0.617228758  103.452116874  318.938391835
    0.619697603  104.243311243  330.620379177
    0.622166448  105.117553918  388.120394706
    0.624635293  106.172436198  464.957912442
    0.627104137  107.398338171  519.309084719
    0.629572982  108.696664818  526.085073641
    0.632041827  109.969653313  501.677652315
    0.634510672  111.170407588  471.384096462
    0.636979517  112.295109255  442.636107231
    0.639448362  113.341177008  404.922655736
    0.641917206  114.304617123  377.077396982
    0.644386051  115.212825385  362.412412865
    0.646854896  116.108370419  367.516077084
    0.649323741  117.030272320  380.896257251
    0.651792586  117.984937350  390.381082739
    0.654261431  118.945520384  385.904487737
    0.656730275  119.902347083  393.983550179
    0.659199120  120.918571024  440.672487422
    0.661667965  122.113841482  531.741941468
    0.664136810  123.560170494  638.201165703
    0.666605655  125.228024088  703.262729580
    0.669074500  126.968111881  694.355424648
    0.671543345  128.613566879  637.261564625
    0.674012189  130.112106287  582.296079100
    0.676481034  131.529753406  573.857032532
    0.678949879  132.990401105  613.905477516
    0.681418724  134.572265761  666.273740358
    0.683887569  136.250339100  685.560798068
    0.686356414  137.912634949  653.599960810
    0.688825258  139.438996511  582.832129355
    0.691294103  140.794830584  516.267095805
    0.693762948  142.008564298  472.148500072
    0.696231793  143.137258153  443.431508335
    0.698700638  144.191700545  407.150716777
    0.701169483  145.123334428  342.693305892
    0.703638327  145.866502247  258.069741972
    0.706107172  146.398150399  175.372272054
    0.708576017  146.750607698  115.767447181
    0.711044862  146.999540112   92.608805669
    0.713513707  147.235251768  102.280149310
    0.715982552  147.517458300  127.449285981
    0.718451396  147.861167085  148.721793352
    0.720920241  148.240078224  155.462172389
    0.723389086  148.608802143  140.101642150
    0.725857931  148.919400573  109.630912236
    0.728326776  149.145981292   74.043411915
    0.730795621  149.289189194   43.340968374
    0.733264465  149.366509170   21.454164824
    0.735733310  149.403352454    9.612081558
    0.738202155  149.418892853    3.743719789
    0.740671000  149.424607944   -0.000000000
