#! FIELDS time rho rmsd Rg c
 0.000000 0.031831 0.047691 0.604209 29.480698
 1.000000 0.038412 0.049892 0.596334 30.131443
 2.000000 0.039469 0.041432 0.598597 29.998093
 3.000000 0.027425 0.046052 0.605555 29.736059
 4.000000 0.039349 0.052348 0.603753 30.209326
 5.000000 0.037108 0.052157 0.601783 29.911443
 6.000000 0.032423 0.045439 0.614241 29.501887
 7.000000 0.039340 0.050422 0.603666 30.153768
 8.000000 0.034322 0.062254 0.605513 29.917713
 9.000000 0.041629 0.043207 0.602483 29.057522
 10.000000 0.033479 0.041687 0.596928 29.847362
 11.000000 0.031585 0.043552 0.602014 30.023196
 12.000000 0.063184 0.050733 0.609711 28.665351
 13.000000 0.036930 0.047413 0.595565 29.473225
 14.000000 0.032840 0.046709 0.598571 29.981081
 15.000000 0.040730 0.060292 0.607826 29.226375
 16.000000 0.043718 0.043860 0.605032 28.974136
 17.000000 0.047183 0.047215 0.603941 29.693360
 18.000000 0.038568 0.050190 0.603969 29.814784
 19.000000 0.033714 0.035684 0.608574 29.083807
 20.000000 0.035467 0.053435 0.603263 29.055997
 21.000000 0.036444 0.059008 0.596430 30.913142
 22.000000 0.039173 0.051661 0.608137 29.579191
 23.000000 0.031171 0.050017 0.600865 30.173930
 24.000000 0.034304 0.050233 0.605034 29.776004
 25.000000 0.037262 0.047443 0.597395 30.939236
 26.000000 0.039667 0.041797 0.596215 29.276821
 27.000000 0.038352 0.045199 0.611458 29.195917
 28.000000 0.032509 0.045150 0.609525 29.685396
 29.000000 0.033787 0.049827 0.603366 29.664188
 30.000000 0.044982 0.044835 0.605797 29.703583
 31.000000 0.032731 0.042983 0.609590 30.486949
 32.000000 0.038213 0.051719 0.609505 28.957843
 33.000000 0.044323 0.050659 0.603652 29.721138
 34.000000 0.035244 0.045956 0.596199 30.559517
 35.000000 0.032555 0.049677 0.600830 30.427510
 36.000000 0.038834 0.052970 0.604986 29.903642
 37.000000 0.027133 0.054410 0.600640 30.745265
 38.000000 0.040958 0.053429 0.596919 30.575337
 39.000000 0.029647 0.043042 0.600402 29.891777
 40.000000 0.028168 0.060342 0.604219 30.496470
 41.000000 0.038810 0.056030 0.604530 29.562521
 42.000000 0.032218 0.049163 0.601170 29.848154
 43.000000 0.031274 0.051222 0.596646 30.418330
 44.000000 0.040970 0.054954 0.598326 30.654928
 45.000000 0.042547 0.046495 0.601182 30.349622
 46.000000 0.032610 0.060159 0.595579 30.168059
 47.000000 0.041145 0.065794 0.602495 29.220911
 48.000000 0.036510 0.041984 0.600258 29.876815
 49.000000 0.035205 0.046824 0.606301 29.719503
 50.000000 0.035974 0.053372 0.606729 30.006219
 51.000000 0.033419 0.051755 0.602457 30.324566
 52.000000 0.041597 0.050397 0.605085 30.117487
 53.000000 0.036923 0.055398 0.597124 29.565423
 54.000000 0.032045 0.042194 0.602609 29.741728
 55.000000 0.040047 0.052215 0.597708 29.700660
 56.000000 0.037059 0.045298 0.605136 29.557413
 57.000000 0.033935 0.046452 0.602880 30.167749
 58.000000 0.032602 0.046561 0.603899 29.520036
 59.000000 0.047119 0.056854 0.606264 29.362873
 60.000000 0.038686 0.047359 0.600390 29.984625
 61.000000 0.041168 0.049891 0.607207 29.329688
 62.000000 0.041520 0.050143 0.601679 30.428991
 63.000000 0.043479 0.043750 0.594521 30.074317
 64.000000 0.035577 0.037622 0.600160 30.729894
 65.000000 0.039377 0.047832 0.600359 30.127258
 66.000000 0.039379 0.047182 0.591381 30.882338
 67.000000 0.049908 0.043902 0.608364 29.093035
 68.000000 0.027236 0.060771 0.595743 30.618566
 69.000000 0.031421 0.052078 0.603233 29.914623
 70.000000 0.031757 0.053840 0.597365 29.792310
 71.000000 0.035600 0.042939 0.598374 29.703997
 72.000000 0.034132 0.057944 0.592633 30.753013
 73.000000 0.031935 0.055131 0.605986 29.478264
 74.000000 0.031274 0.042333 0.598509 30.152020
 75.000000 0.028500 0.052197 0.602361 30.245967
 76.000000 0.030651 0.051922 0.596798 30.537172
 77.000000 0.040015 0.050037 0.600537 30.234917
 78.000000 0.037447 0.050313 0.602751 29.658796
 79.000000 0.029869 0.056518 0.598359 29.692033
 80.000000 0.041336 0.042708 0.600305 29.955143
 81.000000 0.045237 0.056443 0.604317 29.288273
 82.000000 0.046614 0.051135 0.601603 29.397131
 83.000000 0.040851 0.052157 0.605813 29.505125
 84.000000 0.053625 0.053575 0.610526 28.971459
 85.000000 0.030895 0.044811 0.607062 30.078956
 86.000000 0.034632 0.047424 0.599473 30.152353
 87.000000 0.040536 0.056076 0.592256 30.554488
 88.000000 0.052486 0.050111 0.603714 29.461698
 89.000000 0.039125 0.051059 0.606551 29.847377
 90.000000 0.039993 0.052277 0.599084 29.863799
 91.000000 0.028240 0.056314 0.598158 30.554570
 92.000000 0.035747 0.053260 0.594713 30.066894
 93.000000 0.049489 0.056375 0.594313 30.820637
 94.000000 0.049173 0.046069 0.597625 30.990738
 95.000000 0.037561 0.042611 0.600626 30.330155
 96.000000 0.032947 0.040834 0.597336 29.860822
 97.000000 0.035729 0.048769 0.593530 30.106935
 98.000000 0.038734 0.049501 0.593541 30.403324
 99.000000 0.034181 0.044649 0.594636 29.858920
 100.000000 0.029425 0.051242 0.598528 29.780992
 101.000000 0.037083 0.044655 0.607257 29.214616
 102.000000 0.037509 0.049439 0.599236 29.908827
 103.000000 0.043415 0.053547 0.602013 29.688131
 104.000000 0.040162 0.040860 0.600667 29.601760
 105.000000 0.044774 0.052576 0.604327 29.857094
 106.000000 0.033369 0.053988 0.604553 29.353627
 107.000000 0.042521 0.045142 0.601679 29.340831
 108.000000 0.044659 0.047736 0.599955 30.241204
 109.000000 0.026842 0.041999 0.595393 30.782695
 110.000000 0.044791 0.038329 0.599079 29.905813
 111.000000 0.036749 0.039171 0.602097 29.834855
 112.000000 0.038056 0.047750 0.594883 30.721212
 113.000000 0.041949 0.052062 0.596179 29.580237
 114.000000 0.046275 0.050695 0.595753 30.610553
 115.000000 0.034354 0.047130 0.596897 30.280930
 116.000000 0.038148 0.052219 0.597562 30.207688
 117.000000 0.036940 0.059384 0.598927 30.291187
 118.000000 0.032303 0.051733 0.595942 29.800546
 119.000000 0.037393 0.050541 0.592690 30.495282
 120.000000 0.056806 0.044998 0.599983 29.566852
 121.000000 0.028923 0.049439 0.600482 29.620677
 122.000000 0.041918 0.048183 0.600548 29.571003
 123.000000 0.031907 0.050939 0.594065 30.416875
 124.000000 0.052871 0.045917 0.597292 29.452111
 125.000000 0.044227 0.048034 0.599168 29.729708
 126.000000 0.032600 0.041382 0.600240 29.973023
 127.000000 0.041183 0.051132 0.597031 30.610842
 128.000000 0.023933 0.044604 0.592087 29.703169
 129.000000 0.036418 0.046522 0.596625 30.082027
 130.000000 0.033787 0.039805 0.600597 30.097085
 131.000000 0.034556 0.051170 0.598742 30.239773
 132.000000 0.053416 0.049286 0.605051 29.153508
 133.000000 0.038594 0.042418 0.599870 29.955760
 134.000000 0.031090 0.050720 0.600810 30.410004
 135.000000 0.040895 0.039014 0.600406 29.072446
 136.000000 0.033547 0.045250 0.590253 31.030069
 137.000000 0.030141 0.044299 0.606961 30.037981
 138.000000 0.032724 0.047869 0.601761 30.066185
 139.000000 0.040511 0.053519 0.604043 29.330327
 140.000000 0.048589 0.042454 0.598939 29.318024
 141.000000 0.038099 0.048754 0.597975 29.956444
 142.000000 0.046241 0.052183 0.598806 29.658007
 143.000000 0.040190 0.045800 0.609272 29.399042
 144.000000 0.041443 0.050929 0.598484 30.707876
 145.000000 0.036403 0.055825 0.602688 29.230060
 146.000000 0.035658 0.054078 0.591057 30.982133
 147.000000 0.047392 0.045270 0.601246 29.750657
 148.000000 0.036047 0.048541 0.600374 29.772352
 149.000000 0.034626 0.049795 0.604426 30.518195
 150.000000 0.036346 0.052481 0.594549 30.701402
 151.000000 0.038147 0.047700 0.595916 30.100218
 152.000000 0.039124 0.051686 0.598488 29.215211
 153.000000 0.040534 0.045861 0.599659 30.734455
 154.000000 0.032883 0.038309 0.595993 30.088029
 155.000000 0.031839 0.044240 0.599158 29.881954
 156.000000 0.027203 0.045758 0.596464 30.650303
 157.000000 0.056000 0.049320 0.591688 30.638914
 158.000000 0.037894 0.056453 0.607584 29.699711
 159.000000 0.027776 0.045554 0.602734 29.345574
 160.000000 0.033812 0.045729 0.606158 29.928250
 161.000000 0.038248 0.049872 0.602818 30.553271
 162.000000 0.051791 0.046802 0.601416 29.653011
 163.000000 0.052489 0.038280 0.606889 28.842790
 164.000000 0.044752 0.043381 0.601907 29.567746
 165.000000 0.041410 0.053170 0.603907 29.994020
 166.000000 0.034212 0.041286 0.599278 29.676665
 167.000000 0.032011 0.048124 0.600679 29.964578
 168.000000 0.035208 0.045835 0.607146 29.342515
 169.000000 0.054846 0.052870 0.600288 29.708681
 170.000000 0.038662 0.044804 0.607596 29.593538
 171.000000 0.036652 0.037547 0.597834 30.729778
 172.000000 0.040412 0.046190 0.603575 29.856960
 173.000000 0.038828 0.046756 0.616711 28.763931
 174.000000 0.043429 0.047271 0.607746 29.999217
 175.000000 0.036707 0.054069 0.612561 28.843166
 176.000000 0.036549 0.040213 0.603383 29.875538
 177.000000 0.027050 0.055034 0.600945 30.010877
 178.000000 0.048467 0.041010 0.595083 30.144109
 179.000000 0.041056 0.044216 0.607269 29.313801
 180.000000 0.031574 0.051633 0.594916 30.417025
 181.000000 0.039227 0.044040 0.596949 30.001900
 182.000000 0.039394 0.041053 0.606124 29.624226
 183.000000 0.048851 0.045152 0.600211 30.163309
 184.000000 0.038882 0.048163 0.594929 30.100647
 185.000000 0.034440 0.043038 0.602842 30.040181
 186.000000 0.044502 0.046392 0.604609 29.434209
 187.000000 0.038248 0.032145 0.594826 30.425538
 188.000000 0.032972 0.044086 0.607277 29.452981
 189.000000 0.034125 0.046308 0.605781 29.444328
 190.000000 0.030398 0.043615 0.608601 30.385804
 191.000000 0.035883 0.048029 0.601268 29.678063
 192.000000 0.044753 0.044750 0.602891 29.061989
 193.000000 0.038519 0.043438 0.601709 29.592962
 194.000000 0.034613 0.044709 0.600266 30.686039
 195.000000 0.032809 0.047058 0.597945 30.196160
 196.000000 0.039493 0.058116 0.602499 30.057587
 197.000000 0.036296 0.050300 0.608611 29.821624
 198.000000 0.039390 0.043533 0.599942 30.120314
 199.000000 0.046142 0.036057 0.613620 30.163196
 200.000000 0.039610 0.045091 0.605195 29.664658
 201.000000 0.026668 0.054685 0.607766 29.918642
 202.000000 0.044604 0.040963 0.604059 30.529834
 203.000000 0.042408 0.050549 0.607472 29.580580
 204.000000 0.053747 0.056737 0.604977 29.654249
 205.000000 0.031133 0.051248 0.606770 30.133696
 206.000000 0.029115 0.057756 0.601027 30.042020
 207.000000 0.035591 0.053566 0.607820 29.139521
 208.000000 0.041284 0.045529 0.598113 29.578218
 209.000000 0.043853 0.050180 0.603686 29.556068
 210.000000 0.039447 0.054349 0.598325 30.507733
 211.000000 0.040709 0.067766 0.597717 30.471389
 212.000000 0.041958 0.052807 0.603013 29.871575
 213.000000 0.026958 0.055969 0.602462 29.823781
 214.000000 0.048036 0.050900 0.602601 29.789127
 215.000000 0.036694 0.054252 0.599270 30.049204
 216.000000 0.036721 0.043641 0.596201 30.665657
 217.000000 0.029935 0.046478 0.602963 30.575108
 218.000000 0.029852 0.046531 0.600136 30.863351
 219.000000 0.030970 0.049091 0.594328 30.476597
 220.000000 0.040081 0.049163 0.605550 29.789255
 221.000000 0.038287 0.061588 0.603626 29.305037
 222.000000 0.040080 0.046502 0.598930 30.963689
 223.000000 0.035304 0.054597 0.601668 30.144237
 224.000000 0.049093 0.051950 0.602279 29.453393
 225.000000 0.039121 0.057514 0.601004 29.388944
 226.000000 0.044625 0.055521 0.599604 30.211825
 227.000000 0.034571 0.057361 0.595558 30.706235
 228.000000 0.038448 0.051372 0.597313 30.154407
 229.000000 0.038388 0.055625 0.610160 29.705621
 230.000000 0.051306 0.046791 0.599976 29.920894
 231.000000 0.035693 0.049794 0.599186 30.988411
 232.000000 0.034290 0.057639 0.600859 30.673736
 233.000000 0.045089 0.047370 0.598245 29.594133
 234.000000 0.031595 0.045908 0.605236 29.242021
 235.000000 0.030870 0.051624 0.605734 29.890284
 236.000000 0.032360 0.062953 0.598719 30.240992
 237.000000 0.037490 0.055221 0.600582 30.143505
 238.000000 0.037908 0.052307 0.606107 29.735992
 239.000000 0.030141 0.044127 0.607071 30.111781
 240.000000 0.031711 0.051765 0.604516 29.882643
 241.000000 0.037950 0.047097 0.596310 30.320772
 242.000000 0.042591 0.050159 0.599430 29.817087
 243.000000 0.039621 0.048392 0.598678 30.725872
 244.000000 0.028470 0.047752 0.591091 31.246098
 245.000000 0.040144 0.050930 0.595619 30.234379
 246.000000 0.036950 0.048622 0.604684 30.182941
 247.000000 0.039084 0.036413 0.594942 29.936084
 248.000000 0.033805 0.041362 0.599524 29.305037
 249.000000 0.041885 0.049215 0.599561 29.484241
 250.000000 0.034551 0.048384 0.595554 30.237038
 251.000000 0.037127 0.045995 0.598107 30.151671
 252.000000 0.029712 0.040493 0.597491 30.588070
 253.000000 0.037146 0.052355 0.597774 30.437449
 254.000000 0.033249 0.055288 0.604306 30.075535
 255.000000 0.041960 0.050711 0.604807 29.807089
 256.000000 0.032260 0.063733 0.605075 30.691674
 257.000000 0.046084 0.050780 0.596852 29.735218
 258.000000 0.025501 0.050088 0.607003 30.088979
 259.000000 0.047577 0.047695 0.597817 29.867182
 260.000000 0.047932 0.049901 0.597174 29.847938
 261.000000 0.034243 0.051552 0.598450 30.080817
 262.000000 0.039652 0.046959 0.600760 29.677449
 263.000000 0.036330 0.049430 0.597934 30.204962
 264.000000 0.047741 0.045467 0.595412 30.615618
 265.000000 0.035196 0.047568 0.602990 29.805269
 266.000000 0.042804 0.037203 0.600253 30.334921
 267.000000 0.031035 0.042626 0.596047 30.329797
 268.000000 0.047348 0.044431 0.597093 30.147222
 269.000000 0.032960 0.038875 0.601190 30.970016
 270.000000 0.038507 0.048308 0.601797 29.898909
 271.000000 0.039815 0.052994 0.592194 31.083997
 272.000000 0.042373 0.057325 0.601506 30.575646
 273.000000 0.038721 0.045962 0.600359 30.667256
 274.000000 0.039570 0.047292 0.601021 30.239416
 275.000000 0.043303 0.054967 0.597946 30.076593
 276.000000 0.042060 0.047345 0.600391 29.959701
 277.000000 0.035260 0.039433 0.591534 30.592125
 278.000000 0.040660 0.048288 0.606478 29.514891
 279.000000 0.044777 0.046182 0.599295 29.877064
 280.000000 0.045129 0.042603 0.590101 31.012159
 281.000000 0.038946 0.041498 0.603903 29.620904
 282.000000 0.036096 0.046659 0.601716 30.203835
 283.000000 0.036399 0.047621 0.604086 30.606406
 284.000000 0.035442 0.049262 0.604101 30.063045
 285.000000 0.028457 0.045505 0.600879 30.178919
 286.000000 0.042538 0.048822 0.610555 29.194865
 287.000000 0.036523 0.053909 0.597242 31.270218
 288.000000 0.029508 0.066869 0.604411 30.688161
 289.000000 0.040835 0.076338 0.598918 30.508165
 290.000000 0.036679 0.062531 0.599757 30.523871
 291.000000 0.043998 0.050326 0.596850 31.221523
 292.000000 0.039897 0.055505 0.595312 31.287976
 293.000000 0.040919 0.054062 0.601219 30.211496
 294.000000 0.047016 0.046943 0.602286 30.384220
 295.000000 0.040182 0.046666 0.600093 29.703031
 296.000000 0.033715 0.048821 0.606506 29.198989
 297.000000 0.050377 0.055117 0.604473 29.586203
 298.000000 0.040341 0.059823 0.603380 29.778770
 299.000000 0.036857 0.058512 0.602869 30.347804
 300.000000 0.051314 0.046190 0.611822 28.888563
 301.000000 0.039669 0.051108 0.605726 29.931109
 302.000000 0.038460 0.049942 0.599982 29.547395
 303.000000 0.047335 0.052407 0.602531 29.721174
 304.000000 0.043544 0.053281 0.601215 29.802595
 305.000000 0.030963 0.035991 0.602401 29.970145
 306.000000 0.046392 0.044315 0.595092 30.231666
 307.000000 0.031008 0.049839 0.597800 30.608851
 308.000000 0.032108 0.051426 0.599620 30.677438
 309.000000 0.031324 0.051322 0.594609 30.632664
 310.000000 0.043150 0.048173 0.604685 29.730525
 311.000000 0.051623 0.042577 0.597185 29.920611
 312.000000 0.045692 0.049770 0.594079 30.715898
 313.000000 0.032563 0.052604 0.609667 29.856167
 314.000000 0.036295 0.048248 0.598582 30.279306
 315.000000 0.040840 0.054495 0.596400 30.116512
 316.000000 0.029274 0.055403 0.598454 29.880696
 317.000000 0.030281 0.050574 0.601523 30.498772
 318.000000 0.042708 0.055500 0.600221 30.545634
 319.000000 0.034346 0.046997 0.610470 29.958176
 320.000000 0.033993 0.051516 0.610882 30.276159
 321.000000 0.047113 0.059901 0.609385 29.947904
 322.000000 0.042454 0.054379 0.607393 29.032435
 323.000000 0.031477 0.052046 0.605471 30.048740
 324.000000 0.034532 0.057220 0.599123 30.056362
 325.000000 0.036280 0.052328 0.607507 28.755739
 326.000000 0.038290 0.042856 0.605986 29.812415
 327.000000 0.040911 0.066245 0.602787 30.539441
 328.000000 0.040714 0.054047 0.606091 29.106885
 329.000000 0.052048 0.046881 0.609938 29.594724
 330.000000 0.047003 0.053826 0.599386 30.185678
 331.000000 0.057892 0.054882 0.602277 29.519908
 332.000000 0.028065 0.048197 0.602875 29.497268
 333.000000 0.035852 0.049685 0.602425 29.981094
 334.000000 0.041349 0.050171 0.606382 29.392843
 335.000000 0.037693 0.055569 0.608617 29.410301
 336.000000 0.042112 0.053260 0.611254 29.476065
 337.000000 0.039084 0.054002 0.608993 30.019888
 338.000000 0.032729 0.046655 0.604831 29.685179
 339.000000 0.049550 0.050776 0.605235 28.066154
 340.000000 0.044283 0.046024 0.608987 29.576396
 341.000000 0.037524 0.042760 0.602474 29.979282
 342.000000 0.052071 0.044472 0.600396 29.905348
 343.000000 0.037797 0.056429 0.601584 29.151591
 344.000000 0.032982 0.047463 0.603998 30.065305
 345.000000 0.036057 0.048348 0.608749 29.714886
 346.000000 0.046473 0.049371 0.598984 29.662734
 347.000000 0.035306 0.046118 0.612685 29.347377
 348.000000 0.044173 0.042613 0.606284 29.344309
 349.000000 0.040648 0.055020 0.599861 30.301459
 350.000000 0.041132 0.048664 0.611404 29.849636
 351.000000 0.036391 0.042788 0.604286 30.611317
 352.000000 0.031456 0.051488 0.598386 30.654246
 353.000000 0.047027 0.050540 0.599849 30.081665
 354.000000 0.043292 0.047742 0.598958 30.535884
 355.000000 0.046267 0.040799 0.602541 29.848626
 356.000000 0.034230 0.050654 0.601972 29.561029
 357.000000 0.050595 0.035785 0.599545 29.788628
 358.000000 0.045207 0.050682 0.602485 29.513721
 359.000000 0.039799 0.038155 0.606286 29.860627
 360.000000 0.042959 0.044383 0.600869 30.287975
 361.000000 0.036124 0.044671 0.613990 28.577914
 362.000000 0.044103 0.060798 0.601562 29.939349
 363.000000 0.047548 0.062700 0.604380 29.329791
 364.000000 0.037554 0.050860 0.606394 29.691379
 365.000000 0.028287 0.044003 0.606893 29.719802
 366.000000 0.033069 0.044366 0.603047 29.737885
 367.000000 0.042101 0.056839 0.606550 29.294516
 368.000000 0.031079 0.047654 0.607620 30.317564
 369.000000 0.038129 0.040389 0.608521 29.769255
 370.000000 0.042827 0.049204 0.602589 29.358142
 371.000000 0.041821 0.040357 0.599337 30.662787
 372.000000 0.034815 0.041762 0.600859 29.662218
 373.000000 0.041030 0.048197 0.596513 30.442123
 374.000000 0.036906 0.046026 0.600021 29.217343
 375.000000 0.037569 0.042117 0.592400 30.018119
 376.000000 0.029206 0.049285 0.597302 29.817918
 377.000000 0.049298 0.045791 0.597768 29.646296
 378.000000 0.038121 0.045404 0.597958 30.509783
 379.000000 0.035386 0.041545 0.596678 30.468911
 380.000000 0.044410 0.044639 0.606495 29.185204
 381.000000 0.040756 0.044245 0.601688 30.797317
 382.000000 0.033482 0.043447 0.607030 30.374446
 383.000000 0.048665 0.046868 0.598964 29.680082
 384.000000 0.036996 0.048006 0.596366 30.768850
 385.000000 0.026218 0.049620 0.600855 30.756988
 386.000000 0.052357 0.048453 0.599673 30.270647
 387.000000 0.042589 0.040229 0.598687 30.007660
 388.000000 0.048434 0.044701 0.598732 30.283291
 389.000000 0.052519 0.048114 0.595774 30.271337
 390.000000 0.034613 0.045045 0.594315 31.398004
 391.000000 0.038353 0.041519 0.610763 29.686849
 392.000000 0.037470 0.058811 0.602224 30.302257
 393.000000 0.037179 0.045071 0.602758 30.074641
 394.000000 0.040346 0.049253 0.595411 31.583360
 395.000000 0.032889 0.049406 0.600616 30.280356
 396.000000 0.037488 0.047441 0.600915 30.030969
 397.000000 0.041590 0.041357 0.597362 30.056237
 398.000000 0.043208 0.036776 0.596083 29.232292
 399.000000 0.027736 0.054570 0.601191 29.904459
 400.000000 0.040486 0.048669 0.595354 29.993232
 401.000000 0.036225 0.055398 0.592760 30.886752
 402.000000 0.043448 0.048439 0.598471 30.596605
 403.000000 0.051568 0.045782 0.603692 29.742547
 404.000000 0.033377 0.039293 0.600758 30.297272
 405.000000 0.035436 0.053667 0.598811 30.088193
 406.000000 0.041680 0.048724 0.598066 30.300479
 407.000000 0.031492 0.049609 0.598403 30.882315
 408.000000 0.039212 0.051150 0.599271 30.019630
 409.000000 0.040085 0.039462 0.599046 29.608099
 410.000000 0.042962 0.043681 0.602044 29.482799
 411.000000 0.036218 0.046754 0.603108 29.444177
 412.000000 0.041945 0.037635 0.602001 29.340942
 413.000000 0.034792 0.057886 0.600865 30.969090
 414.000000 0.038570 0.054896 0.601437 29.674945
 415.000000 0.025096 0.043750 0.601352 30.550469
 416.000000 0.048065 0.062640 0.597765 30.084398
 417.000000 0.035259 0.046895 0.602003 30.234123
 418.000000 0.049889 0.045644 0.598052 29.833969
 419.000000 0.032524 0.048857 0.595986 30.563986
 420.000000 0.036409 0.049846 0.597622 30.728379
 421.000000 0.031921 0.039051 0.607049 29.913958
 422.000000 0.033989 0.038194 0.602069 30.319266
 423.000000 0.032517 0.048095 0.602711 29.851992
 424.000000 0.043651 0.045702 0.601880 29.995731
 425.000000 0.034470 0.045943 0.603994 30.024955
 426.000000 0.046290 0.046400 0.597206 30.146792
 427.000000 0.037089 0.045425 0.600641 29.356851
 428.000000 0.040107 0.050418 0.600781 29.103035
 429.000000 0.033911 0.055607 0.601799 29.798217
 430.000000 0.038950 0.051636 0.597203 30.620852
 431.000000 0.038803 0.044347 0.593439 29.740736
 432.000000 0.043879 0.045210 0.596900 29.824441
 433.000000 0.042461 0.042040 0.593701 30.401617
 434.000000 0.048302 0.050825 0.595079 30.193788
 435.000000 0.026871 0.047021 0.592063 30.932757
 436.000000 0.039516 0.049228 0.606157 29.991513
 437.000000 0.042310 0.048501 0.602250 29.647397
 438.000000 0.034655 0.052122 0.601666 29.727224
 439.000000 0.045725 0.037354 0.609281 29.203868
 440.000000 0.027470 0.047077 0.607694 29.642712
 441.000000 0.052006 0.049671 0.591842 30.711767
 442.000000 0.032637 0.043392 0.601253 29.727655
 443.000000 0.034154 0.048756 0.600834 29.958476
 444.000000 0.030894 0.045562 0.601918 30.548166
 445.000000 0.030457 0.051555 0.605104 29.693093
 446.000000 0.034256 0.045905 0.603100 29.468706
 447.000000 0.031987 0.044723 0.604499 30.728870
 448.000000 0.038945 0.040012 0.605266 29.728192
 449.000000 0.045425 0.050638 0.608951 29.351546
 450.000000 0.042757 0.042865 0.604352 29.517720
 451.000000 0.046138 0.043246 0.602079 29.642926
 452.000000 0.039323 0.046306 0.604739 29.692660
 453.000000 0.048824 0.048238 0.605557 29.965907
 454.000000 0.045249 0.040688 0.600165 29.715999
 455.000000 0.034992 0.050331 0.603025 30.427492
 456.000000 0.040043 0.061999 0.601473 28.838093
 457.000000 0.027282 0.044176 0.596275 30.663521
 458.000000 0.050241 0.054248 0.598349 29.561374
 459.000000 0.042902 0.060507 0.603089 30.284268
 460.000000 0.039889 0.046807 0.600398 30.694275
 461.000000 0.039629 0.048858 0.605106 30.205953
 462.000000 0.039512 0.051502 0.601349 29.920034
 463.000000 0.038975 0.043377 0.609087 29.491788
 464.000000 0.029746 0.059473 0.604925 29.194121
 465.000000 0.034497 0.046082 0.598674 30.539669
 466.000000 0.046310 0.046371 0.599343 29.717784
 467.000000 0.038531 0.044649 0.598559 30.728415
 468.000000 0.054337 0.057928 0.604943 29.640421
 469.000000 0.041745 0.056256 0.596907 30.562729
 470.000000 0.035820 0.063961 0.600309 30.953673
 471.000000 0.032263 0.053202 0.602633 30.344453
 472.000000 0.035690 0.055502 0.598191 30.237112
 473.000000 0.033547 0.047394 0.602502 29.872328
 474.000000 0.031483 0.056662 0.605262 30.440332
 475.000000 0.049004 0.059291 0.600670 29.974030
 476.000000 0.032274 0.053565 0.610366 29.146738
 477.000000 0.044563 0.059689 0.600305 30.487949
 478.000000 0.035980 0.051838 0.599207 30.300010
 479.000000 0.036390 0.050664 0.600030 30.412668
 480.000000 0.045137 0.052430 0.606297 30.245400
 481.000000 0.033680 0.063600 0.600656 30.606351
 482.000000 0.040242 0.048462 0.601848 29.822975
 483.000000 0.036184 0.051024 0.609661 29.789947
 484.000000 0.039232 0.041796 0.604388 29.738711
 485.000000 0.042722 0.048478 0.600350 30.725749
 486.000000 0.036066 0.058514 0.604137 30.414592
 487.000000 0.031385 0.053341 0.604026 30.243941
 488.000000 0.048683 0.052044 0.600027 30.233494
 489.000000 0.050152 0.047930 0.594987 30.142499
 490.000000 0.047122 0.046468 0.610577 29.285366
 491.000000 0.034058 0.053227 0.609285 29.920879
 492.000000 0.031870 0.047192 0.600545 30.588155
 493.000000 0.035030 0.046392 0.600665 30.357783
 494.000000 0.041806 0.044860 0.603340 29.877585
 495.000000 0.040068 0.054503 0.611498 29.711975
 496.000000 0.033461 0.065342 0.612408 29.259496
 497.000000 0.048998 0.042597 0.614697 28.665356
 498.000000 0.051653 0.042703 0.607891 29.413851
 499.000000 0.042559 0.057447 0.602490 29.764205
 500.000000 0.030169 0.046804 0.606421 29.848860
 501.000000 0.041799 0.052870 0.606747 29.401454
 502.000000 0.030403 0.048054 0.600330 30.628560
 503.000000 0.032449 0.043202 0.602881 29.807491
 504.000000 0.044248 0.046277 0.610457 28.964095
 505.000000 0.032010 0.047936 0.602430 30.494056
 506.000000 0.041452 0.051663 0.600699 30.956921
 507.000000 0.038904 0.047832 0.599850 29.553162
 508.000000 0.045049 0.044343 0.594107 30.518383
 509.000000 0.036594 0.044444 0.601902 29.314759
 510.000000 0.045328 0.049155 0.596230 30.733628
 511.000000 0.037516 0.051210 0.602038 29.821603
 512.000000 0.041356 0.054699 0.606731 29.989413
 513.000000 0.035304 0.051131 0.597957 30.849906
 514.000000 0.037701 0.056275 0.605216 29.777143
 515.000000 0.033434 0.048681 0.599606 30.045011
 516.000000 0.036472 0.047826 0.599600 30.213965
 517.000000 0.033864 0.052917 0.606333 29.899061
 518.000000 0.039304 0.051040 0.607552 29.057723
 519.000000 0.044374 0.052773 0.599525 30.041199
 520.000000 0.031842 0.048352 0.598653 30.634688
 521.000000 0.043830 0.054105 0.606367 30.315619
 522.000000 0.040359 0.053339 0.600093 30.389403
 523.000000 0.045467 0.051516 0.599477 30.356632
 524.000000 0.034452 0.044618 0.599065 29.669093
 525.000000 0.039305 0.050296 0.603417 29.691576
 526.000000 0.052786 0.046798 0.603911 29.635321
 527.000000 0.036765 0.052766 0.607823 29.325651
 528.000000 0.035224 0.051772 0.612181 29.800282
 529.000000 0.028412 0.044849 0.613381 29.592326
 530.000000 0.030666 0.043890 0.604831 29.708900
 531.000000 0.042459 0.046076 0.598289 30.781403
 532.000000 0.032086 0.054666 0.600499 31.081965
 533.000000 0.036538 0.046564 0.607009 30.237206
 534.000000 0.046270 0.053324 0.595866 31.158615
 535.000000 0.042800 0.051004 0.604083 29.907922
 536.000000 0.041701 0.045980 0.600848 30.891392
 537.000000 0.040498 0.052137 0.596590 30.389199
 538.000000 0.041208 0.043793 0.601594 29.518987
 539.000000 0.037949 0.049430 0.601300 29.671092
 540.000000 0.033288 0.058150 0.601631 31.317274
 541.000000 0.055957 0.051249 0.596219 30.480499
 542.000000 0.030207 0.050798 0.609905 29.599243
 543.000000 0.040875 0.045853 0.603595 30.165097
 544.000000 0.033528 0.054167 0.603218 30.462124
 545.000000 0.044824 0.055803 0.603871 29.598953
 546.000000 0.035380 0.044232 0.598553 30.121773
 547.000000 0.035194 0.051899 0.605404 29.399528
 548.000000 0.040270 0.049124 0.597730 29.462718
 549.000000 0.039005 0.050437 0.601128 30.265099
 550.000000 0.039754 0.055022 0.602677 29.003403
 551.000000 0.033276 0.057917 0.597627 29.969818
 552.000000 0.041389 0.044374 0.603982 29.815141
 553.000000 0.038033 0.048493 0.599100 30.203038
 554.000000 0.046454 0.041068 0.596880 29.811477
 555.000000 0.041501 0.046217 0.606446 29.791809
 556.000000 0.034747 0.051580 0.600513 30.240657
 557.000000 0.045518 0.050672 0.594237 30.942088
 558.000000 0.025329 0.042777 0.600401 30.227874
 559.000000 0.032450 0.040671 0.611468 29.877901
 560.000000 0.033595 0.045598 0.602009 29.678244
 561.000000 0.046630 0.039597 0.600887 29.983319
 562.000000 0.039270 0.048689 0.598329 29.820539
 563.000000 0.028045 0.055129 0.601568 30.300017
 564.000000 0.037519 0.044750 0.600749 30.709452
 565.000000 0.054289 0.053158 0.597187 29.965072
 566.000000 0.048711 0.053464 0.600201 30.185159
 567.000000 0.056521 0.054707 0.595061 29.413023
 568.000000 0.056192 0.043962 0.598481 30.032931
 569.000000 0.038454 0.045713 0.602865 29.655343
 570.000000 0.049059 0.047559 0.595753 30.864662
 571.000000 0.066736 0.055546 0.603112 28.905888
 572.000000 0.059380 0.041776 0.600613 29.965063
 573.000000 0.055892 0.053464 0.600915 29.262701
 574.000000 0.062674 0.047080 0.603605 29.461078
 575.000000 0.062205 0.044576 0.603086 29.760716
 576.000000 0.065316 0.051341 0.598275 30.320199
 577.000000 0.060419 0.043138 0.601874 29.590607
 578.000000 0.040575 0.038904 0.608028 29.821743
 579.000000 0.055853 0.040367 0.602645 29.883104
 580.000000 0.065730 0.052873 0.604246 29.583685
 581.000000 0.047729 0.039887 0.598937 30.650954
 582.000000 0.042458 0.056872 0.605482 29.871799
 583.000000 0.061085 0.052934 0.603915 29.127072
 584.000000 0.043936 0.043846 0.609384 29.396523
 585.000000 0.061518 0.054452 0.601231 29.403248
 586.000000 0.065320 0.056647 0.603460 30.003059
 587.000000 0.058975 0.054182 0.602291 30.327642
 588.000000 0.067656 0.048742 0.605690 29.105504
 589.000000 0.065023 0.051428 0.604518 29.493482
 590.000000 0.048788 0.049643 0.600697 30.283968
 591.000000 0.061072 0.047179 0.592038 30.397382
 592.000000 0.058515 0.044000 0.598880 30.446478
 593.000000 0.064583 0.046094 0.605035 29.558534
 594.000000 0.050497 0.044177 0.599599 29.635618
 595.000000 0.052601 0.049393 0.605959 29.284444
 596.000000 0.061453 0.040000 0.600712 28.949730
 597.000000 0.052574 0.045977 0.602970 30.089164
 598.000000 0.045964 0.051082 0.607279 29.784139
 599.000000 0.047584 0.051770 0.604445 30.092299
 600.000000 0.058547 0.045257 0.607668 29.383016
 601.000000 0.059946 0.053366 0.606747 29.703753
 602.000000 0.054938 0.045432 0.599658 29.871234
 603.000000 0.044524 0.051521 0.598976 30.823295
 604.000000 0.052033 0.045307 0.606527 29.632226
 605.000000 0.048423 0.038896 0.602409 29.657702
 606.000000 0.051232 0.045986 0.594405 29.719359
 607.000000 0.060669 0.043825 0.599139 29.821155
 608.000000 0.053405 0.045350 0.607130 29.282669
 609.000000 0.068219 0.047259 0.598306 30.236653
 610.000000 0.063517 0.040600 0.599027 29.711510
 611.000000 0.054698 0.048484 0.599902 29.688631
 612.000000 0.043583 0.046405 0.597529 30.535370
 613.000000 0.065898 0.047876 0.602008 29.326811
 614.000000 0.055007 0.050531 0.600256 30.059870
 615.000000 0.054318 0.047942 0.600931 29.482861
 616.000000 0.054087 0.048010 0.599839 30.122811
 617.000000 0.058491 0.045533 0.596585 29.646155
 618.000000 0.049597 0.037378 0.604809 29.550407
 619.000000 0.062100 0.043708 0.603768 29.168700
 620.000000 0.055551 0.049183 0.599749 29.923902
 621.000000 0.065404 0.049238 0.599567 30.414489
 622.000000 0.060675 0.040517 0.603134 29.874501
 623.000000 0.069853 0.041577 0.602233 29.950839
 624.000000 0.049346 0.040021 0.598266 31.191712
 625.000000 0.058611 0.044209 0.603456 30.378816
 626.000000 0.065040 0.049427 0.605866 29.638981
 627.000000 0.058508 0.041140 0.608647 29.463139
 628.000000 0.055165 0.059334 0.600958 30.868370
 629.000000 0.048552 0.046515 0.601508 30.108442
 630.000000 0.056275 0.042792 0.606093 29.646884
 631.000000 0.047757 0.039305 0.596656 30.228917
 632.000000 0.063992 0.048617 0.605032 29.843173
 633.000000 0.061853 0.041865 0.605063 29.950118
 634.000000 0.061331 0.051152 0.602061 29.468008
 635.000000 0.058051 0.051555 0.600860 29.855139
 636.000000 0.052701 0.059872 0.602143 29.551292
 637.000000 0.058168 0.047139 0.605170 29.238007
 638.000000 0.063124 0.055456 0.597494 30.695497
 639.000000 0.047856 0.048326 0.604643 29.745418
 640.000000 0.048668 0.045698 0.601275 29.648493
 641.000000 0.054994 0.046156 0.598893 30.980630
 642.000000 0.053446 0.045238 0.608180 30.196571
 643.000000 0.056273 0.039719 0.609070 29.984466
 644.000000 0.036004 0.051736 0.603902 30.229137
 645.000000 0.047175 0.044498 0.605375 29.576422
 646.000000 0.049914 0.064854 0.611083 28.837926
 647.000000 0.054001 0.053825 0.598583 30.369300
 648.000000 0.043426 0.047619 0.605291 29.783049
 649.000000 0.053899 0.058946 0.606875 30.277011
 650.000000 0.057786 0.056714 0.608506 30.339177
 651.000000 0.045567 0.057926 0.599760 30.682538
 652.000000 0.065254 0.053611 0.601292 30.061216
 653.000000 0.061529 0.055029 0.602314 30.006247
 654.000000 0.046406 0.049134 0.609841 29.702989
 655.000000 0.050320 0.050632 0.600651 30.288934
 656.000000 0.063153 0.043176 0.594935 30.170237
 657.000000 0.053878 0.046623 0.599361 29.674929
 658.000000 0.051545 0.047183 0.600140 29.835780
 659.000000 0.058934 0.044295 0.595924 29.897173
 660.000000 0.055043 0.045240 0.594574 30.215772
 661.000000 0.060083 0.041714 0.594768 30.342751
 662.000000 0.060525 0.044941 0.599953 29.591589
 663.000000 0.048864 0.049413 0.592970 29.983220
 664.000000 0.065173 0.043624 0.591584 29.922482
 665.000000 0.070238 0.059415 0.598436 28.860611
 666.000000 0.053937 0.046473 0.597895 29.904756
 667.000000 0.049319 0.060658 0.602984 30.753364
 668.000000 0.066507 0.057034 0.603597 29.651446
 669.000000 0.044920 0.049362 0.602508 30.493557
 670.000000 0.060920 0.048524 0.602514 29.300512
 671.000000 0.053972 0.048469 0.599588 30.054640
 672.000000 0.056398 0.046427 0.611393 30.065851
 673.000000 0.041205 0.052531 0.610891 29.834941
 674.000000 0.057201 0.039936 0.602180 29.611288
 675.000000 0.049002 0.037148 0.611513 30.008965
 676.000000 0.065345 0.037686 0.604508 29.607558
 677.000000 0.047473 0.048697 0.601661 30.417212
 678.000000 0.054937 0.036971 0.599208 30.821239
 679.000000 0.055043 0.040287 0.609329 30.362360
 680.000000 0.051419 0.052169 0.608634 30.923227
 681.000000 0.057365 0.046141 0.614984 29.425413
 682.000000 0.066895 0.037653 0.610166 29.305414
 683.000000 0.044117 0.051760 0.609641 30.167495
 684.000000 0.040031 0.047079 0.612611 28.998479
 685.000000 0.052706 0.046323 0.602657 30.139833
 686.000000 0.056659 0.038814 0.610452 29.620704
 687.000000 0.052063 0.048800 0.604113 30.506609
 688.000000 0.057357 0.033936 0.609810 29.716801
 689.000000 0.049635 0.046225 0.610949 29.324562
 690.000000 0.067249 0.043187 0.610061 29.309554
 691.000000 0.051300 0.042592 0.602773 30.393233
 692.000000 0.042199 0.044651 0.607461 30.750360
 693.000000 0.052861 0.047083 0.603200 30.578966
 694.000000 0.056297 0.042705 0.603543 30.545676
 695.000000 0.070337 0.032423 0.610004 29.504406
 696.000000 0.065195 0.032393 0.597094 30.707156
 697.000000 0.053190 0.031178 0.601627 30.339689
 698.000000 0.046875 0.040966 0.604379 29.617866
 699.000000 0.056151 0.049805 0.599606 30.799166
 700.000000 0.054502 0.040046 0.607136 30.381840
 701.000000 0.053767 0.040626 0.592578 30.177177
 702.000000 0.058455 0.051571 0.598477 29.975135
 703.000000 0.059726 0.040167 0.601101 29.870134
 704.000000 0.048481 0.039937 0.600520 30.233815
 705.000000 0.051361 0.049642 0.590551 31.375644
 706.000000 0.059610 0.038059 0.597013 30.593195
 707.000000 0.063892 0.045808 0.602461 29.499404
 708.000000 0.059811 0.053368 0.590733 31.114571
 709.000000 0.058284 0.052265 0.597587 30.384569
 710.000000 0.054327 0.046804 0.597563 30.504567
 711.000000 0.059429 0.045069 0.599259 30.447712
 712.000000 0.067311 0.040746 0.602465 29.187150
 713.000000 0.059722 0.046103 0.594087 30.375459
 714.000000 0.055123 0.052813 0.595990 30.657890
 715.000000 0.055823 0.040145 0.596226 29.649652
 716.000000 0.062576 0.035945 0.593435 30.492713
 717.000000 0.051329 0.032650 0.606884 30.064754
 718.000000 0.059458 0.048103 0.602205 29.220091
 719.000000 0.055337 0.042253 0.595817 30.825873
 720.000000 0.058534 0.037663 0.597537 29.958108
 721.000000 0.051407 0.046162 0.597233 30.691837
 722.000000 0.056399 0.043524 0.600075 30.013563
 723.000000 0.025911 0.043257 0.605064 30.971333
 724.000000 0.025500 0.044653 0.596330 31.569128
 725.000000 0.045522 0.037106 0.595996 30.463107
 726.000000 0.052761 0.038713 0.604640 30.381741
 727.000000 0.055442 0.037004 0.596923 30.917625
 728.000000 0.066591 0.040633 0.602611 29.050422
 729.000000 0.053227 0.039496 0.595648 30.742591
 730.000000 0.051860 0.040022 0.598004 30.416203
 731.000000 0.063740 0.039478 0.595314 30.125526
 732.000000 0.057495 0.045309 0.601029 29.864662
 733.000000 0.057216 0.035572 0.604047 29.944571
 734.000000 0.071584 0.037480 0.601311 30.227888
 735.000000 0.063740 0.044691 0.598275 30.479496
 736.000000 0.034371 0.043804 0.597254 31.465308
 737.000000 0.049594 0.039201 0.603436 30.505100
 738.000000 0.053589 0.036917 0.602094 30.470394
 739.000000 0.068390 0.043829 0.595312 30.459159
 740.000000 0.026657 0.050672 0.603163 30.723176
 741.000000 0.071237 0.036242 0.593251 29.705067
 742.000000 0.053415 0.051841 0.601604 30.118606
 743.000000 0.043718 0.033298 0.594957 30.573881
 744.000000 0.049421 0.047911 0.601132 31.179934
 745.000000 0.051350 0.045277 0.599899 30.342429
 746.000000 0.061561 0.055390 0.599618 30.808626
 747.000000 0.040132 0.037422 0.593422 30.715719
 748.000000 0.047588 0.039537 0.598101 30.735364
 749.000000 0.054250 0.049766 0.604213 29.738104
 750.000000 0.065282 0.049094 0.605023 30.337793
 751.000000 0.063336 0.055009 0.604809 29.840480
 752.000000 0.058197 0.048029 0.598443 30.667035
 753.000000 0.059960 0.043092 0.600027 30.444183
 754.000000 0.043881 0.043603 0.597320 30.794427
 755.000000 0.067118 0.039773 0.599156 29.525778
 756.000000 0.059293 0.043018 0.593288 29.844254
 757.000000 0.058998 0.031173 0.590699 30.069609
 758.000000 0.052800 0.045338 0.606715 30.178548
 759.000000 0.067424 0.042960 0.607232 29.602026
 760.000000 0.042027 0.039837 0.600321 30.788947
 761.000000 0.054021 0.046116 0.603050 30.311417
 762.000000 0.039425 0.048278 0.598719 30.245258
 763.000000 0.054187 0.046935 0.592303 30.979196
 764.000000 0.046068 0.050718 0.600768 31.025414
 765.000000 0.058138 0.042422 0.598087 30.860578
 766.000000 0.074118 0.041200 0.593356 30.037629
 767.000000 0.055884 0.039560 0.598927 29.985722
 768.000000 0.060541 0.044289 0.600536 29.633903
 769.000000 0.060819 0.043261 0.590512 30.393713
 770.000000 0.068141 0.042877 0.596163 29.218708
 771.000000 0.056032 0.044241 0.597745 30.749065
 772.000000 0.059294 0.039207 0.599736 29.996799
 773.000000 0.049634 0.037373 0.605497 29.673814
 774.000000 0.050321 0.048433 0.593821 30.330367
 775.000000 0.054500 0.042095 0.606096 28.503842
 776.000000 0.053391 0.057374 0.602095 29.061157
 777.000000 0.058341 0.043431 0.595509 30.358696
 778.000000 0.049693 0.038355 0.597728 30.079003
 779.000000 0.057649 0.043742 0.597767 30.124451
 780.000000 0.059506 0.039167 0.597369 30.376250
 781.000000 0.045474 0.040760 0.598585 30.888891
 782.000000 0.044931 0.048667 0.591268 30.905600
 783.000000 0.055914 0.041893 0.596349 30.425688
 784.000000 0.076156 0.047405 0.604895 29.316700
 785.000000 0.054286 0.038180 0.597429 30.409160
 786.000000 0.072181 0.054744 0.599908 30.155368
 787.000000 0.059140 0.044025 0.593818 29.489490
 788.000000 0.058986 0.047245 0.593313 30.077792
 789.000000 0.056026 0.044964 0.599118 30.031345
 790.000000 0.057565 0.041595 0.601421 30.637958
 791.000000 0.054550 0.036974 0.602515 30.545477
 792.000000 0.054466 0.040357 0.596852 30.974310
 793.000000 0.053639 0.039901 0.589355 31.514108
 794.000000 0.053290 0.044912 0.598127 29.579471
 795.000000 0.057624 0.050124 0.597366 30.033291
 796.000000 0.058237 0.054025 0.603164 30.888878
 797.000000 0.063436 0.045234 0.597180 30.236563
 798.000000 0.057450 0.046879 0.599948 30.754965
 799.000000 0.053013 0.044356 0.603088 30.721049
 800.000000 0.060374 0.047207 0.592953 30.681274
 801.000000 0.057590 0.047619 0.602724 29.725837
 802.000000 0.052530 0.033568 0.604508 29.607922
 803.000000 0.071059 0.049735 0.603190 29.775060
 804.000000 0.058880 0.045206 0.593080 30.973587
 805.000000 0.047774 0.045589 0.599928 30.710507
 806.000000 0.063042 0.045734 0.602446 29.598072
 807.000000 0.053521 0.053930 0.601312 29.568466
 808.000000 0.045452 0.046687 0.598563 30.993340
 809.000000 0.080256 0.048786 0.595479 30.020257
 810.000000 0.050783 0.043498 0.601072 30.242936
 811.000000 0.054539 0.048563 0.595501 30.857265
 812.000000 0.048713 0.053508 0.595043 31.101982
 813.000000 0.051778 0.053513 0.600208 29.591995
 814.000000 0.049941 0.046463 0.604476 30.425790
 815.000000 0.054287 0.058407 0.599606 29.200715
 816.000000 0.072834 0.053383 0.594133 29.604541
 817.000000 0.063218 0.048903 0.597489 30.565436
 818.000000 0.063763 0.048760 0.597637 30.388527
 819.000000 0.058985 0.046155 0.596262 30.268190
 820.000000 0.066045 0.047179 0.603746 29.664957
 821.000000 0.065774 0.045294 0.596541 30.429181
 822.000000 0.068492 0.053926 0.597149 30.079870
 823.000000 0.068907 0.051603 0.593535 29.764057
 824.000000 0.059610 0.042978 0.599389 29.882292
 825.000000 0.061004 0.057982 0.597739 30.278072
 826.000000 0.042559 0.051619 0.597938 29.907352
 827.000000 0.049917 0.057783 0.598789 29.802650
 828.000000 0.040491 0.047632 0.602846 29.859231
 829.000000 0.053146 0.056075 0.603262 30.137208
 830.000000 0.064411 0.046295 0.602736 29.764165
 831.000000 0.044504 0.042706 0.604365 30.528073
 832.000000 0.056782 0.048170 0.606201 29.946076
 833.000000 0.049506 0.042415 0.602629 29.721149
 834.000000 0.049103 0.045154 0.598594 30.292683
 835.000000 0.061920 0.048320 0.598356 30.858228
 836.000000 0.076245 0.048659 0.597129 30.194080
 837.000000 0.058566 0.039024 0.602654 29.781537
 838.000000 0.064779 0.053213 0.604159 29.508503
 839.000000 0.047049 0.049731 0.606531 30.056366
 840.000000 0.063283 0.047747 0.601534 30.454880
 841.000000 0.050597 0.033649 0.601792 30.355047
 842.000000 0.056069 0.031324 0.597474 30.052163
 843.000000 0.054211 0.039574 0.596345 30.201437
 844.000000 0.047750 0.037818 0.596047 30.519440
 845.000000 0.057039 0.049849 0.604702 29.855771
 846.000000 0.067467 0.043986 0.592879 30.900450
 847.000000 0.046737 0.041625 0.599521 30.142770
 848.000000 0.058496 0.044276 0.597208 30.597921
 849.000000 0.059017 0.056773 0.597134 31.620199
 850.000000 0.050669 0.048333 0.600486 30.685215
 851.000000 0.069794 0.048829 0.606586 30.003050
 852.000000 0.050579 0.048532 0.598613 30.446549
 853.000000 0.054346 0.038695 0.600198 30.982273
 854.000000 0.046027 0.051268 0.604100 30.561427
 855.000000 0.062097 0.045442 0.602788 30.155553
 856.000000 0.065132 0.047296 0.600971 30.409606
 857.000000 0.048711 0.044995 0.598721 29.825477
 858.000000 0.061198 0.051047 0.605013 30.470641
 859.000000 0.049337 0.049955 0.606879 30.277494
 860.000000 0.054367 0.040158 0.609459 29.676929
 861.000000 0.057757 0.041455 0.596883 31.601242
 862.000000 0.053475 0.040270 0.599032 31.589845
 863.000000 0.050639 0.045423 0.601012 31.263941
 864.000000 0.048550 0.051936 0.594570 30.271802
 865.000000 0.055546 0.044341 0.595791 31.492914
 866.000000 0.068184 0.047513 0.599078 29.444790
 867.000000 0.064189 0.044240 0.602934 30.087224
 868.000000 0.056048 0.052223 0.606755 30.028545
 869.000000 0.055558 0.048770 0.603011 30.919233
 870.000000 0.054730 0.049757 0.602569 29.775461
 871.000000 0.056760 0.053581 0.600127 29.941022
 872.000000 0.047223 0.050643 0.600709 30.454423
 873.000000 0.044463 0.049768 0.593347 31.134846
 874.000000 0.057009 0.045926 0.592843 30.912139
 875.000000 0.047033 0.038187 0.600547 29.817200
 876.000000 0.058058 0.041043 0.599475 30.552460
 877.000000 0.061399 0.048606 0.605438 29.907936
 878.000000 0.055428 0.055217 0.596321 29.945821
 879.000000 0.055263 0.048126 0.606863 29.572931
 880.000000 0.038425 0.043352 0.596727 29.821719
 881.000000 0.048455 0.052925 0.597724 31.108527
 882.000000 0.053137 0.053337 0.593618 30.251917
 883.000000 0.054700 0.043331 0.592824 30.904498
 884.000000 0.062325 0.047439 0.600011 29.836078
 885.000000 0.060294 0.050526 0.591686 30.381230
 886.000000 0.063999 0.049029 0.597810 29.537812
 887.000000 0.056768 0.056644 0.603080 30.188203
 888.000000 0.052342 0.044441 0.599269 29.954064
 889.000000 0.061317 0.047245 0.607698 29.790934
 890.000000 0.059934 0.046929 0.603442 30.668373
 891.000000 0.056007 0.049480 0.602392 29.946504
 892.000000 0.061772 0.042987 0.602794 29.293230
 893.000000 0.049693 0.042362 0.603223 30.002326
 894.000000 0.043699 0.045011 0.609569 29.859261
 895.000000 0.042673 0.054005 0.606899 30.408832
 896.000000 0.055572 0.052303 0.594348 31.561214
 897.000000 0.068952 0.048641 0.605886 28.853522
 898.000000 0.044735 0.037111 0.606501 29.567049
 899.000000 0.053906 0.041178 0.607714 29.563938
 900.000000 0.053311 0.045909 0.595628 30.297935
 901.000000 0.070757 0.053198 0.595979 30.126290
 902.000000 0.061164 0.043083 0.605006 29.946759
 903.000000 0.050568 0.039829 0.596564 31.507363
 904.000000 0.054162 0.043969 0.600516 30.991744
 905.000000 0.039842 0.045826 0.596509 31.012185
 906.000000 0.044939 0.050141 0.594878 30.414452
 907.000000 0.047784 0.040722 0.598558 30.419086
 908.000000 0.049086 0.042579 0.594082 31.190891
 909.000000 0.066164 0.056683 0.595232 30.428308
 910.000000 0.060013 0.045172 0.595955 31.172455
 911.000000 0.062042 0.048903 0.595595 30.563776
 912.000000 0.061748 0.063731 0.591028 30.978637
 913.000000 0.066666 0.050316 0.594014 31.490859
 914.000000 0.051412 0.049779 0.596776 31.947248
 915.000000 0.061208 0.047419 0.592023 30.385652
 916.000000 0.053639 0.055528 0.598009 31.241689
 917.000000 0.056028 0.057303 0.601713 30.858628
 918.000000 0.062679 0.046370 0.609943 29.867358
 919.000000 0.059925 0.052115 0.599786 30.097745
 920.000000 0.052699 0.052256 0.601596 30.601296
 921.000000 0.048964 0.048307 0.599034 30.231008
 922.000000 0.064191 0.051059 0.599906 30.462753
 923.000000 0.049865 0.051799 0.598905 30.246119
 924.000000 0.058638 0.052523 0.598392 30.516525
 925.000000 0.050757 0.045726 0.590746 31.471298
 926.000000 0.042902 0.050858 0.596874 31.134121
 927.000000 0.053596 0.049133 0.594572 30.873106
 928.000000 0.065410 0.041398 0.598103 29.835183
 929.000000 0.047359 0.048606 0.612489 30.086709
 930.000000 0.054424 0.051091 0.599884 30.445646
 931.000000 0.046360 0.047968 0.591888 31.806107
 932.000000 0.067382 0.045581 0.593845 30.321996
 933.000000 0.056779 0.052886 0.601542 30.530532
 934.000000 0.052767 0.047964 0.593805 30.821158
 935.000000 0.070341 0.050531 0.601353 29.926268
 936.000000 0.055371 0.046710 0.594813 30.818169
 937.000000 0.054714 0.039265 0.596811 30.377783
 938.000000 0.056824 0.049566 0.602915 30.149337
 939.000000 0.064063 0.047240 0.599035 30.563868
 940.000000 0.044711 0.054083 0.604193 30.368431
 941.000000 0.055086 0.043515 0.601683 30.007907
 942.000000 0.048610 0.041130 0.598738 31.063829
 943.000000 0.053692 0.050753 0.597468 30.342245
 944.000000 0.062576 0.048780 0.597113 30.332007
 945.000000 0.059894 0.040707 0.595913 30.456546
 946.000000 0.049646 0.050142 0.593763 31.212544
 947.000000 0.058242 0.049103 0.596904 30.092497
 948.000000 0.059737 0.048153 0.589617 31.821234
 949.000000 0.045929 0.039982 0.599780 30.718182
 950.000000 0.045719 0.041269 0.599063 31.372358
 951.000000 0.060608 0.043497 0.599720 30.830426
 952.000000 0.052193 0.045366 0.602429 29.896896
 953.000000 0.058718 0.047291 0.606606 30.321475
 954.000000 0.067440 0.050681 0.589495 31.207940
 955.000000 0.059682 0.041105 0.596152 30.133685
 956.000000 0.068956 0.048240 0.602235 30.094282
 957.000000 0.056723 0.046682 0.601670 29.624825
 958.000000 0.049890 0.055797 0.603255 30.176391
 959.000000 0.055124 0.049538 0.600427 29.820495
 960.000000 0.061332 0.035620 0.594874 29.827314
 961.000000 0.052347 0.043379 0.600044 30.321661
 962.000000 0.061514 0.046191 0.598391 29.522387
 963.000000 0.041075 0.048210 0.612116 28.725505
 964.000000 0.053773 0.042100 0.598081 30.118314
 965.000000 0.056946 0.053160 0.597786 29.829865
 966.000000 0.054822 0.056871 0.593569 29.633252
 967.000000 0.053808 0.045111 0.597142 30.973464
 968.000000 0.051655 0.052043 0.603284 30.170218
 969.000000 0.049687 0.041844 0.589848 31.594248
 970.000000 0.054245 0.040976 0.596922 30.015500
 971.000000 0.056663 0.038075 0.599886 30.232556
 972.000000 0.047389 0.063494 0.602794 29.759765
 973.000000 0.058079 0.041321 0.598918 29.587059
 974.000000 0.059529 0.042117 0.604793 30.196643
 975.000000 0.069399 0.046757 0.603648 29.868960
 976.000000 0.060156 0.039244 0.598136 30.376351
 977.000000 0.053679 0.041034 0.594572 30.204569
 978.000000 0.051147 0.041029 0.597706 29.800075
 979.000000 0.062115 0.054668 0.599082 30.096412
 980.000000 0.052328 0.040943 0.607791 30.588049
 981.000000 0.033312 0.052289 0.608788 31.221200
 982.000000 0.054075 0.038464 0.604234 30.563639
 983.000000 0.057215 0.043389 0.600830 30.043527
 984.000000 0.061103 0.053452 0.595029 30.346788
 985.000000 0.072251 0.045658 0.598074 30.639033
 986.000000 0.059094 0.046211 0.595270 31.315413
 987.000000 0.065013 0.048304 0.591080 30.670872
 988.000000 0.049793 0.052946 0.605684 30.442422
 989.000000 0.050092 0.044281 0.595521 31.287053
 990.000000 0.048028 0.039581 0.594686 30.453742
 991.000000 0.061523 0.043297 0.597113 31.127724
 992.000000 0.047946 0.050310 0.598066 30.950984
 993.000000 0.064900 0.051873 0.593435 30.891230
 994.000000 0.062201 0.038366 0.597711 30.737142
 995.000000 0.059031 0.043484 0.598362 30.553544
 996.000000 0.053253 0.040185 0.601918 30.140939
 997.000000 0.058424 0.050789 0.599680 30.342792
 998.000000 0.054932 0.041604 0.601326 29.899299
 999.000000 0.053514 0.044914 0.594158 31.588755
 1000.000000 0.053000 0.033482 0.591807 31.429859
 1001.000000 0.046125 0.037630 0.593101 30.504427
 1002.000000 0.063283 0.038207 0.594018 30.712104
 1003.000000 0.056219 0.041202 0.591216 30.615374
 1004.000000 0.075169 0.033327 0.600119 29.936296
 1005.000000 0.053484 0.045938 0.600487 30.579696
 1006.000000 0.054089 0.037260 0.597394 30.559167
 1007.000000 0.057462 0.039287 0.592731 30.726394
 1008.000000 0.050442 0.042601 0.602338 30.382795
 1009.000000 0.063693 0.039894 0.608933 29.285371
 1010.000000 0.056377 0.045457 0.595265 30.296472
 1011.000000 0.058994 0.050345 0.606717 30.025522
 1012.000000 0.061594 0.054551 0.601925 30.542862
 1013.000000 0.071195 0.055162 0.596780 30.288524
 1014.000000 0.051732 0.045994 0.598146 30.711598
 1015.000000 0.052154 0.043450 0.593110 30.931855
 1016.000000 0.060110 0.047916 0.609127 29.681383
 1017.000000 0.061650 0.044083 0.598764 30.317071
 1018.000000 0.055284 0.040960 0.599196 30.780527
 1019.000000 0.069944 0.045345 0.599289 29.960912
 1020.000000 0.063352 0.055519 0.604579 30.236507
 1021.000000 0.038491 0.045761 0.597857 30.318614
 1022.000000 0.044330 0.052589 0.610718 29.085617
 1023.000000 0.059032 0.054102 0.600476 29.724711
 1024.000000 0.045180 0.049850 0.605242 30.199994
 1025.000000 0.051815 0.045022 0.601943 29.725511
 1026.000000 0.059933 0.052027 0.607078 29.281139
 1027.000000 0.046884 0.054103 0.597033 30.625584
 1028.000000 0.045878 0.046668 0.596778 30.657100
 1029.000000 0.034596 0.053403 0.601040 29.994245
 1030.000000 0.057981 0.046708 0.601080 30.224782
 1031.000000 0.053293 0.038471 0.598653 30.180982
 1032.000000 0.051399 0.048735 0.598258 30.122719
 1033.000000 0.046454 0.057235 0.598142 29.830008
 1034.000000 0.065199 0.048424 0.595893 30.624828
 1035.000000 0.066045 0.045938 0.591648 30.126180
 1036.000000 0.051984 0.046206 0.595907 30.583477
 1037.000000 0.053441 0.048175 0.592736 30.807027
 1038.000000 0.059260 0.046014 0.591122 29.855655
 1039.000000 0.052904 0.052221 0.588439 29.530634
 1040.000000 0.041008 0.051923 0.596507 30.117932
 1041.000000 0.058843 0.051847 0.591880 30.543930
 1042.000000 0.053752 0.046081 0.599504 30.415691
 1043.000000 0.054167 0.056095 0.595391 30.670504
 1044.000000 0.053114 0.054189 0.598295 30.352648
 1045.000000 0.051159 0.037721 0.603486 29.505857
 1046.000000 0.063693 0.044129 0.601536 28.471419
 1047.000000 0.052811 0.054681 0.600705 30.175597
 1048.000000 0.048266 0.053947 0.603249 30.329910
 1049.000000 0.065971 0.050022 0.597187 29.540294
 1050.000000 0.044682 0.045410 0.595354 30.395353
 1051.000000 0.059752 0.048928 0.596224 30.360175
 1052.000000 0.052187 0.052728 0.604298 30.045517
 1053.000000 0.062401 0.049366 0.606162 30.162387
 1054.000000 0.052256 0.054321 0.594088 30.373449
 1055.000000 0.053393 0.047945 0.604729 29.794016
 1056.000000 0.061726 0.064007 0.600839 30.509992
 1057.000000 0.056806 0.055801 0.597028 29.489523
 1058.000000 0.050309 0.055180 0.598867 29.600198
 1059.000000 0.057308 0.053490 0.603270 29.726895
 1060.000000 0.057600 0.044290 0.598321 30.010664
 1061.000000 0.053369 0.059671 0.605285 29.068749
 1062.000000 0.064631 0.053292 0.595771 29.668093
 1063.000000 0.050051 0.049049 0.590241 30.788673
 1064.000000 0.051114 0.064542 0.608612 29.447052
 1065.000000 0.063097 0.059910 0.599890 29.606327
 1066.000000 0.054166 0.051672 0.600929 30.796670
 1067.000000 0.049617 0.051872 0.595798 30.786248
 1068.000000 0.058936 0.053687 0.601093 30.369827
 1069.000000 0.065720 0.065624 0.595606 29.219006
 1070.000000 0.056063 0.055473 0.600288 29.902395
 1071.000000 0.049169 0.052781 0.595845 31.207568
 1072.000000 0.057964 0.065758 0.599473 30.164089
 1073.000000 0.051230 0.051371 0.596092 30.245792
 1074.000000 0.059438 0.063487 0.596990 30.440186
 1075.000000 0.075534 0.066788 0.599694 30.641802
 1076.000000 0.065243 0.055541 0.604728 28.735188
 1077.000000 0.038696 0.059858 0.591219 30.683570
 1078.000000 0.052774 0.053489 0.601511 30.380079
 1079.000000 0.074135 0.050401 0.601924 29.339982
 1080.000000 0.061618 0.043958 0.606244 29.491351
 1081.000000 0.051215 0.052068 0.605115 29.499038
 1082.000000 0.047888 0.057238 0.601649 29.838474
 1083.000000 0.060644 0.046890 0.601482 29.876174
 1084.000000 0.043732 0.055119 0.603618 30.968961
 1085.000000 0.057525 0.055410 0.603856 29.367359
 1086.000000 0.053834 0.050100 0.610148 29.898760
 1087.000000 0.039589 0.058992 0.610139 29.918228
 1088.000000 0.035208 0.052427 0.605102 30.283318
 1089.000000 0.057551 0.056727 0.604398 30.380736
 1090.000000 0.045016 0.053276 0.606465 30.808355
 1091.000000 0.073375 0.052574 0.596817 29.800078
 1092.000000 0.057724 0.053514 0.605766 30.107076
 1093.000000 0.050228 0.045376 0.609436 29.666456
 1094.000000 0.068578 0.055876 0.605063 29.558178
 1095.000000 0.051848 0.070673 0.608043 29.758502
 1096.000000 0.057038 0.055419 0.606343 29.474913
 1097.000000 0.036761 0.057207 0.597103 30.742493
 1098.000000 0.018550 0.058663 0.597050 30.701476
 1099.000000 0.050703 0.051492 0.607516 30.777875
 1100.000000 0.054479 0.060051 0.594022 30.552975
 1101.000000 0.069751 0.057120 0.597499 30.356706
 1102.000000 0.060547 0.060913 0.597211 30.348155
 1103.000000 0.048516 0.059203 0.598428 30.723492
 1104.000000 0.050389 0.067028 0.599558 31.151144
 1105.000000 0.035853 0.050560 0.604800 30.625110
 1106.000000 0.055914 0.044887 0.600199 30.194086
 1107.000000 0.058888 0.058781 0.602340 29.906234
 1108.000000 0.068920 0.050118 0.604486 29.967069
 1109.000000 0.047910 0.057796 0.605379 30.007000
 1110.000000 0.054750 0.058556 0.603993 30.315112
 1111.000000 0.059518 0.061214 0.598279 29.385948
 1112.000000 0.050633 0.060592 0.596385 30.292460
 1113.000000 0.060744 0.053255 0.601849 29.445141
 1114.000000 0.056560 0.061365 0.602277 29.804121
 1115.000000 0.052944 0.040084 0.597942 30.068197
 1116.000000 0.052764 0.062947 0.596544 30.458161
 1117.000000 0.064517 0.059131 0.601962 30.115326
 1118.000000 0.058664 0.055871 0.599256 28.770440
 1119.000000 0.063108 0.052474 0.594973 30.293393
 1120.000000 0.030802 0.060484 0.602808 30.176011
 1121.000000 0.051824 0.057421 0.600591 29.516275
 1122.000000 0.052949 0.044196 0.598130 30.500731
 1123.000000 0.058184 0.057431 0.591752 29.723354
 1124.000000 0.066844 0.055526 0.599371 29.694798
 1125.000000 0.064760 0.061295 0.590754 30.479476
 1126.000000 0.050162 0.060596 0.599275 29.718212
 1127.000000 0.032655 0.065457 0.592323 30.604878
 1128.000000 0.027204 0.063991 0.595179 31.536453
 1129.000000 0.058941 0.057546 0.605754 29.070351
 1130.000000 0.066523 0.054405 0.606322 28.857673
 1131.000000 0.015182 0.066598 0.601993 30.396282
 1132.000000 0.046334 0.062519 0.601258 30.370031
 1133.000000 0.041153 0.055379 0.603967 29.320675
 1134.000000 0.042410 0.073563 0.602280 30.348735
 1135.000000 0.045347 0.048336 0.600101 30.398693
 1136.000000 0.045923 0.061843 0.606852 30.169464
 1137.000000 0.066259 0.057483 0.602557 29.538810
 1138.000000 0.052665 0.063104 0.606791 30.098680
 1139.000000 0.052422 0.055573 0.614227 28.963520
 1140.000000 0.048040 0.051292 0.606582 30.050316
 1141.000000 0.061473 0.049431 0.602493 29.821874
 1142.000000 0.057057 0.053457 0.602812 29.761360
 1143.000000 0.062447 0.052151 0.606611 29.503750
 1144.000000 0.066869 0.049159 0.602420 29.896021
 1145.000000 0.063342 0.058937 0.607105 29.067772
 1146.000000 0.071302 0.060673 0.592602 30.216039
 1147.000000 0.057639 0.059116 0.599379 30.042100
 1148.000000 0.052250 0.054260 0.605474 29.496401
 1149.000000 0.056668 0.060147 0.601569 30.065098
 1150.000000 0.043402 0.054817 0.597633 30.634890
 1151.000000 0.073087 0.055962 0.596228 29.504489
 1152.000000 0.060159 0.058125 0.597530 30.445237
 1153.000000 0.058239 0.072201 0.590482 30.657026
 1154.000000 0.051223 0.051714 0.597547 29.869973
 1155.000000 0.058876 0.064739 0.596542 29.356694
 1156.000000 0.062682 0.065527 0.595633 29.993450
 1157.000000 0.054081 0.053878 0.602609 29.856690
 1158.000000 0.065082 0.064626 0.593070 29.752680
 1159.000000 0.051513 0.053402 0.599399 30.353250
 1160.000000 0.048951 0.056164 0.601248 30.198579
 1161.000000 0.051404 0.061099 0.594649 30.345569
 1162.000000 0.044789 0.051775 0.604838 29.664510
 1163.000000 0.060256 0.049087 0.600959 29.917365
 1164.000000 0.052802 0.056063 0.605897 29.675771
 1165.000000 0.049237 0.058703 0.601332 30.739907
 1166.000000 0.047844 0.051695 0.596901 30.762586
 1167.000000 0.051130 0.047968 0.598909 30.270816
 1168.000000 0.048598 0.063338 0.596260 30.953545
 1169.000000 0.049074 0.059008 0.601773 29.879527
 1170.000000 0.051540 0.059877 0.602697 30.548896
 1171.000000 0.065050 0.064607 0.596908 30.432670
 1172.000000 0.051051 0.056009 0.598595 29.716784
 1173.000000 0.047582 0.052501 0.601528 30.455385
 1174.000000 0.047842 0.055304 0.597541 30.330879
 1175.000000 0.070416 0.055127 0.604695 29.521588
 1176.000000 0.047971 0.062198 0.600518 29.623255
 1177.000000 0.042575 0.053272 0.603876 30.089920
 1178.000000 0.054221 0.050664 0.595599 30.419370
 1179.000000 0.055417 0.046314 0.597433 30.132049
 1180.000000 0.055245 0.050007 0.598401 30.201686
 1181.000000 0.047109 0.056187 0.604215 29.416171
 1182.000000 0.060339 0.061288 0.601421 29.056692
 1183.000000 0.057851 0.055500 0.596539 30.926602
 1184.000000 0.065698 0.054306 0.600168 29.605311
 1185.000000 0.057156 0.053267 0.597505 30.541910
 1186.000000 0.052742 0.048830 0.602060 29.925563
 1187.000000 0.050152 0.056507 0.598371 31.115593
 1188.000000 0.049186 0.056417 0.596693 29.994601
 1189.000000 0.051870 0.039000 0.600756 30.561331
 1190.000000 0.025976 0.064649 0.603042 30.675767
 1191.000000 0.022270 0.074517 0.599846 31.278611
 1192.000000 0.034960 0.055564 0.595504 31.824218
 1193.000000 0.044885 0.050849 0.593831 31.472449
 1194.000000 0.036993 0.051956 0.595516 31.579590
 1195.000000 0.033411 0.061166 0.596127 31.305288
 1196.000000 0.034052 0.063247 0.598750 30.461339
 1197.000000 0.037277 0.059928 0.596920 30.958132
 1198.000000 0.040591 0.055425 0.599608 30.381488
 1199.000000 0.041463 0.053115 0.601486 29.559681
 1200.000000 0.041018 0.061032 0.603844 29.213574
 1201.000000 0.046624 0.064293 0.602734 29.630484
 1202.000000 0.036071 0.063996 0.600269 31.274257
 1203.000000 0.035327 0.053773 0.613521 29.490375
 1204.000000 0.043370 0.054069 0.602090 29.203091
 1205.000000 0.038842 0.071262 0.596234 29.574257
 1206.000000 0.035116 0.057828 0.597493 30.766035
 1207.000000 0.035835 0.056726 0.600474 30.105615
 1208.000000 0.034114 0.061550 0.604208 30.636695
 1209.000000 0.043508 0.056027 0.603469 30.022544
 1210.000000 0.044271 0.057252 0.608979 29.585106
 1211.000000 0.046128 0.058408 0.602421 29.807697
 1212.000000 0.033438 0.067153 0.600320 30.648685
 1213.000000 0.036032 0.054663 0.603047 30.491560
 1214.000000 0.039465 0.059309 0.606167 30.671114
 1215.000000 0.037805 0.062578 0.605562 30.310285
 1216.000000 0.038193 0.059166 0.603696 30.396150
 1217.000000 0.031904 0.049787 0.599086 30.182697
 1218.000000 0.036185 0.049406 0.595931 30.556323
 1219.000000 0.042580 0.058054 0.600014 30.097013
 1220.000000 0.036910 0.046392 0.606128 30.102109
 1221.000000 0.038142 0.054394 0.603759 29.807718
 1222.000000 0.036150 0.045345 0.596190 31.051294
 1223.000000 0.030624 0.055782 0.601480 29.803069
 1224.000000 0.034638 0.072422 0.596145 29.930527
 1225.000000 0.043155 0.060363 0.606279 29.899885
 1226.000000 0.046113 0.054339 0.594044 30.083789
 1227.000000 0.039016 0.065428 0.595681 30.573018
 1228.000000 0.029706 0.059687 0.598682 30.879803
 1229.000000 0.044627 0.052990 0.601220 30.029353
 1230.000000 0.036628 0.053564 0.602322 30.270280
 1231.000000 0.042403 0.057228 0.597183 29.890998
 1232.000000 0.041276 0.058948 0.596638 30.725450
 1233.000000 0.041894 0.054101 0.598700 29.648568
 1234.000000 0.040473 0.053351 0.592049 30.125062
 1235.000000 0.033477 0.052132 0.599454 30.076038
 1236.000000 0.031265 0.064818 0.602184 29.699946
 1237.000000 0.038922 0.067793 0.603144 29.405635
 1238.000000 0.043785 0.064469 0.605390 29.217952
 1239.000000 0.045224 0.061863 0.607850 30.296471
 1240.000000 0.030056 0.057341 0.611505 29.130768
 1241.000000 0.043689 0.066560 0.604871 29.988942
 1242.000000 0.040438 0.061978 0.600503 29.711234
 1243.000000 0.037311 0.071142 0.596547 29.972407
 1244.000000 0.033864 0.078435 0.610894 29.180128
 1245.000000 0.038103 0.066992 0.606800 29.855845
 1246.000000 0.035023 0.059158 0.596632 30.708764
 1247.000000 0.037895 0.054383 0.600990 29.794643
 1248.000000 0.045864 0.053807 0.602485 29.060022
 1249.000000 0.032058 0.053497 0.605923 29.842694
 1250.000000 0.029508 0.052728 0.599890 30.275240
 1251.000000 0.040401 0.064149 0.604921 30.544697
 1252.000000 0.031168 0.061705 0.603263 30.441492
 1253.000000 0.034928 0.051845 0.599033 30.554003
 1254.000000 0.040628 0.062810 0.609101 29.507660
 1255.000000 0.038805 0.043939 0.598384 29.817394
 1256.000000 0.028005 0.055464 0.606295 30.791133
 1257.000000 0.031622 0.062227 0.596616 30.331370
 1258.000000 0.042859 0.061974 0.603346 29.419011
 1259.000000 0.040207 0.052939 0.593277 29.636391
 1260.000000 0.050322 0.060934 0.599837 30.342430
 1261.000000 0.034753 0.064566 0.600545 30.163635
 1262.000000 0.027647 0.064989 0.594980 31.021300
 1263.000000 0.053395 0.062185 0.596564 29.519912
 1264.000000 0.043226 0.050484 0.599119 30.140222
 1265.000000 0.044999 0.053651 0.599952 30.048391
 1266.000000 0.033196 0.056790 0.592728 31.162324
 1267.000000 0.040029 0.048178 0.598614 29.872060
 1268.000000 0.047667 0.063438 0.594066 29.967653
 1269.000000 0.031050 0.057532 0.593904 30.189734
 1270.000000 0.040978 0.058831 0.593217 30.969983
 1271.000000 0.040134 0.057819 0.594684 29.890943
 1272.000000 0.046977 0.046630 0.600430 29.981108
 1273.000000 0.034672 0.051963 0.601707 30.321091
 1274.000000 0.026346 0.059634 0.601144 30.110621
 1275.000000 0.033821 0.047310 0.602358 30.171013
 1276.000000 0.030057 0.048826 0.601485 29.596120
 1277.000000 0.020785 0.049232 0.598389 30.082448
 1278.000000 0.031830 0.048168 0.598303 29.576399
 1279.000000 0.041637 0.060655 0.599474 29.876914
 1280.000000 0.046631 0.057008 0.595932 30.829642
 1281.000000 0.033617 0.065768 0.596666 29.001479
 1282.000000 0.034863 0.054222 0.590463 31.093889
 1283.000000 0.032165 0.054578 0.598614 30.102495
 1284.000000 0.037781 0.054516 0.599382 29.494732
 1285.000000 0.029566 0.059416 0.603310 29.380985
 1286.000000 0.035988 0.052063 0.601995 29.752039
 1287.000000 0.042333 0.052902 0.610342 28.895779
 1288.000000 0.034450 0.050404 0.602329 30.407028
 1289.000000 0.030491 0.058211 0.597299 30.846737
 1290.000000 0.042378 0.052470 0.598991 30.490926
 1291.000000 0.048331 0.060545 0.596165 29.675011
 1292.000000 0.045447 0.054044 0.596999 31.053241
 1293.000000 0.034439 0.052427 0.600265 30.338921
 1294.000000 0.035329 0.047524 0.596597 30.336836
 1295.000000 0.021970 0.045124 0.593589 31.128975
 1296.000000 0.035640 0.062731 0.598091 30.343434
 1297.000000 0.034239 0.063171 0.612313 29.367849
 1298.000000 0.038766 0.045640 0.604067 29.621583
 1299.000000 0.042875 0.056211 0.598575 30.234226
 1300.000000 0.034124 0.058872 0.598070 30.276176
 1301.000000 0.035355 0.052397 0.601342 30.484091
 1302.000000 0.045625 0.048569 0.602817 29.546365
 1303.000000 0.042788 0.043644 0.592986 30.748020
 1304.000000 0.032346 0.049388 0.589565 30.966492
 1305.000000 0.040324 0.055225 0.594798 30.416558
 1306.000000 0.046417 0.051932 0.602728 29.610302
 1307.000000 0.042469 0.061720 0.598559 29.847723
 1308.000000 0.033321 0.052829 0.602720 29.778038
 1309.000000 0.040103 0.055184 0.600198 29.724942
 1310.000000 0.035077 0.054407 0.593702 29.784927
 1311.000000 0.038440 0.053324 0.601481 29.834998
 1312.000000 0.042377 0.068868 0.593745 30.422621
 1313.000000 0.043894 0.064304 0.609196 29.782983
 1314.000000 0.041858 0.048987 0.594785 31.035913
 1315.000000 0.043402 0.049695 0.601411 29.135970
 1316.000000 0.037737 0.066671 0.594472 31.389594
 1317.000000 0.038951 0.059893 0.596793 30.141549
 1318.000000 0.034980 0.053481 0.604622 29.965308
 1319.000000 0.043865 0.057994 0.595229 30.829871
 1320.000000 0.052084 0.059371 0.598709 30.506739
 1321.000000 0.041907 0.048147 0.596505 29.820457
 1322.000000 0.035038 0.056036 0.597983 29.738263
 1323.000000 0.031532 0.063056 0.596733 29.389116
 1324.000000 0.040565 0.046870 0.601671 29.262216
 1325.000000 0.048886 0.050509 0.597080 31.084522
 1326.000000 0.036366 0.050728 0.601783 29.996454
 1327.000000 0.046275 0.049925 0.603662 31.235191
 1328.000000 0.036735 0.052836 0.605222 30.043399
 1329.000000 0.030755 0.046721 0.601195 30.496422
 1330.000000 0.049116 0.064121 0.598606 29.753271
 1331.000000 0.041028 0.062129 0.605138 30.187446
 1332.000000 0.032489 0.058719 0.600721 30.460075
 1333.000000 0.043788 0.062462 0.606888 29.701572
 1334.000000 0.032593 0.052670 0.608067 29.770409
 1335.000000 0.039625 0.064088 0.605409 30.062784
 1336.000000 0.030793 0.044487 0.606045 30.399686
 1337.000000 0.034083 0.076020 0.604489 31.213096
 1338.000000 0.034604 0.056828 0.599484 31.783690
 1339.000000 0.035898 0.062877 0.603040 30.154120
 1340.000000 0.043514 0.054672 0.606047 30.089307
 1341.000000 0.037698 0.050934 0.602083 29.606943
 1342.000000 0.050015 0.058181 0.598300 30.370986
 1343.000000 0.029194 0.054359 0.595728 30.414233
 1344.000000 0.035163 0.053969 0.601938 30.468917
 1345.000000 0.036598 0.048579 0.599600 30.345020
 1346.000000 0.031506 0.061677 0.593854 31.481420
 1347.000000 0.044123 0.049502 0.597071 30.204749
 1348.000000 0.037850 0.048421 0.602290 30.161789
 1349.000000 0.038402 0.047267 0.607893 30.008136
 1350.000000 0.030954 0.037915 0.601184 30.425270
 1351.000000 0.037969 0.055154 0.594765 31.732815
 1352.000000 0.036461 0.054456 0.607099 29.406942
 1353.000000 0.040279 0.061231 0.604682 29.670920
 1354.000000 0.037640 0.040728 0.603737 30.039387
 1355.000000 0.044924 0.051669 0.601083 29.349343
 1356.000000 0.034073 0.065925 0.601417 29.610151
 1357.000000 0.030906 0.052761 0.602156 30.860747
 1358.000000 0.035965 0.048458 0.599647 30.196651
 1359.000000 0.039397 0.059735 0.609124 30.615710
 1360.000000 0.035465 0.066533 0.599165 30.058392
 1361.000000 0.041898 0.053012 0.603277 29.484087
 1362.000000 0.036075 0.056006 0.595313 30.698656
 1363.000000 0.044414 0.043744 0.603092 29.595902
 1364.000000 0.029517 0.049464 0.590626 30.890166
 1365.000000 0.029214 0.055839 0.591295 30.404274
 1366.000000 0.037878 0.043131 0.597975 30.465472
 1367.000000 0.040159 0.046911 0.596255 30.342901
 1368.000000 0.052145 0.058659 0.600211 29.301839
 1369.000000 0.041195 0.052760 0.596404 30.288935
 1370.000000 0.041799 0.059192 0.599622 30.541982
 1371.000000 0.046018 0.056856 0.598093 31.462229
 1372.000000 0.035356 0.058728 0.595519 30.538546
 1373.000000 0.044310 0.049217 0.596518 30.029204
 1374.000000 0.031832 0.053458 0.600476 29.888804
 1375.000000 0.024380 0.057740 0.601322 30.916149
 1376.000000 0.044507 0.050457 0.607319 29.833839
 1377.000000 0.033915 0.050845 0.614518 28.970442
 1378.000000 0.036446 0.048539 0.601966 30.297873
 1379.000000 0.035732 0.057304 0.596685 30.514963
 1380.000000 0.036546 0.054307 0.605354 30.764332
 1381.000000 0.039098 0.056465 0.598722 31.019979
 1382.000000 0.033765 0.043068 0.601491 30.209874
 1383.000000 0.036466 0.052579 0.594272 31.386690
 1384.000000 0.037060 0.063132 0.596557 30.763434
 1385.000000 0.039948 0.048187 0.595567 31.100229
 1386.000000 0.043465 0.055768 0.598058 29.695146
 1387.000000 0.034643 0.052672 0.595904 30.248026
 1388.000000 0.038993 0.059362 0.597075 30.773493
 1389.000000 0.038591 0.048907 0.597999 30.343120
 1390.000000 0.039639 0.045401 0.596336 29.328278
 1391.000000 0.030416 0.052276 0.604324 29.639608
 1392.000000 0.022810 0.053708 0.604317 29.339315
 1393.000000 0.037371 0.047806 0.595515 30.352001
 1394.000000 0.052764 0.048055 0.597104 30.153648
 1395.000000 0.036987 0.055356 0.597024 30.432072
 1396.000000 0.035834 0.049208 0.597102 30.493513
 1397.000000 0.039065 0.054343 0.602969 29.298032
 1398.000000 0.041586 0.048346 0.598927 30.706386
 1399.000000 0.034069 0.053141 0.597937 29.965215
 1400.000000 0.035089 0.048509 0.603471 30.668661
 1401.000000 0.042339 0.045977 0.598348 29.899095
 1402.000000 0.046343 0.053159 0.600013 29.354237
 1403.000000 0.041556 0.053480 0.601002 29.969475
 1404.000000 0.050114 0.054733 0.593183 30.756507
 1405.000000 0.044443 0.056332 0.598603 29.048834
 1406.000000 0.033630 0.058308 0.591040 30.828189
 1407.000000 0.032950 0.064808 0.599715 30.266772
 1408.000000 0.028742 0.063787 0.602756 30.126130
 1409.000000 0.033902 0.050533 0.597997 29.947403
 1410.000000 0.037538 0.043993 0.600216 29.882642
 1411.000000 0.040998 0.054462 0.591481 31.069247
 1412.000000 0.035801 0.043641 0.588842 32.063854
 1413.000000 0.044646 0.056545 0.595743 29.972853
 1414.000000 0.036121 0.060885 0.594054 30.881161
 1415.000000 0.038371 0.040510 0.598446 29.614189
 1416.000000 0.047760 0.056313 0.592219 30.298591
 1417.000000 0.045455 0.053070 0.596622 29.248789
 1418.000000 0.029988 0.051854 0.601608 30.037055
 1419.000000 0.031072 0.060878 0.594344 31.218721
 1420.000000 0.036938 0.052223 0.594344 29.872859
 1421.000000 0.039378 0.048995 0.605669 28.852409
 1422.000000 0.035162 0.056383 0.608438 28.476331
 1423.000000 0.036920 0.074677 0.600741 29.980366
 1424.000000 0.043692 0.052347 0.598367 29.743277
 1425.000000 0.046965 0.053596 0.604143 29.273525
 1426.000000 0.038072 0.050421 0.603334 29.150225
 1427.000000 0.038040 0.055435 0.617693 28.422155
 1428.000000 0.032446 0.063342 0.599705 29.567002
 1429.000000 0.039343 0.059499 0.605394 29.339370
 1430.000000 0.043109 0.064947 0.601041 28.659006
 1431.000000 0.040598 0.053124 0.605521 28.367770
 1432.000000 0.043920 0.070610 0.605363 28.962478
 1433.000000 0.042459 0.059661 0.602944 29.113211
 1434.000000 0.042840 0.051967 0.600848 29.527595
 1435.000000 0.049263 0.050499 0.592991 29.677076
 1436.000000 0.051127 0.060953 0.598612 28.961234
 1437.000000 0.028855 0.062679 0.593887 29.884274
 1438.000000 0.032261 0.070442 0.601835 29.082996
 1439.000000 0.041001 0.063457 0.594587 30.040026
 1440.000000 0.035578 0.057269 0.596863 29.623940
 1441.000000 0.045777 0.042839 0.607630 28.877148
 1442.000000 0.044252 0.053673 0.605490 29.147177
 1443.000000 0.034703 0.048693 0.606883 29.363732
 1444.000000 0.032561 0.047759 0.605574 30.298015
 1445.000000 0.030347 0.071890 0.605121 29.827940
 1446.000000 0.029209 0.052008 0.605843 29.169083
 1447.000000 0.052758 0.047859 0.597998 30.018959
 1448.000000 0.046611 0.050939 0.600063 29.574584
 1449.000000 0.035864 0.052387 0.605544 28.706119
 1450.000000 0.040846 0.054037 0.604511 29.243467
 1451.000000 0.041143 0.044180 0.601453 29.500328
 1452.000000 0.034749 0.058299 0.593924 29.522191
 1453.000000 0.043603 0.053360 0.596332 29.554859
 1454.000000 0.036722 0.048306 0.602795 28.878686
 1455.000000 0.030543 0.053978 0.606143 29.760563
 1456.000000 0.039901 0.052430 0.598454 29.854427
 1457.000000 0.037403 0.056038 0.600231 28.875299
 1458.000000 9.894268 0.060206 0.599215 29.335157
 1459.000000 0.038021 0.058829 0.596998 29.888789
 1460.000000 0.037329 0.054446 0.605624 29.141404
 1461.000000 9.879357 0.057930 0.604496 28.859083
 1462.000000 9.909746 0.049127 0.602673 29.227471
 1463.000000 9.892153 0.057384 0.610533 29.045060
 1464.000000 9.895005 0.054819 0.603583 29.254343
 1465.000000 0.032815 0.055655 0.597388 29.699554
 1466.000000 0.033215 0.051064 0.593166 29.713283
 1467.000000 9.880340 0.053216 0.602502 29.570670
 1468.000000 9.895976 0.051771 0.600645 29.391199
 1469.000000 0.027941 0.058100 0.598237 30.143830
 1470.000000 0.031697 0.057867 0.606790 29.417579
 1471.000000 0.036960 0.058501 0.599257 30.038133
 1472.000000 0.036070 0.057578 0.600972 29.721267
 1473.000000 0.039873 0.060869 0.607294 28.897727
 1474.000000 9.884579 0.053568 0.607834 28.746118
 1475.000000 9.885670 0.057043 0.603528 29.962990
 1476.000000 0.043652 0.069456 0.602403 28.268822
 1477.000000 0.050655 0.051731 0.606220 27.890370
 1478.000000 0.030738 0.050401 0.610997 28.823521
 1479.000000 0.035889 0.056412 0.612386 28.630841
 1480.000000 0.036260 0.052412 0.603276 29.943017
 1481.000000 0.039000 0.045720 0.605046 29.196189
 1482.000000 9.886370 0.048028 0.613563 28.773641
 1483.000000 9.878382 0.059491 0.599512 30.267337
 1484.000000 9.887615 0.061205 0.604175 29.727308
 1485.000000 9.894362 0.049356 0.600642 28.964882
 1486.000000 9.887217 0.053820 0.601535 29.592115
 1487.000000 9.875696 0.055264 0.597644 28.647762
 1488.000000 9.892893 0.061996 0.607941 29.052901
 1489.000000 9.893643 0.053370 0.598168 29.287941
 1490.000000 9.888898 0.058526 0.597911 29.877286
 1491.000000 9.889724 0.043900 0.611225 28.561009
 1492.000000 9.878976 0.052245 0.601114 29.139128
 1493.000000 0.041271 0.056379 0.600085 29.636306
 1494.000000 0.036044 0.056108 0.608365 28.823292
 1495.000000 0.043176 0.046932 0.605456 28.403908
 1496.000000 0.032998 0.059094 0.606416 29.291481
 1497.000000 0.033174 0.054930 0.601797 28.934561
 1498.000000 0.027233 0.049881 0.596620 30.210658
 1499.000000 0.032702 0.053143 0.593832 29.997395
 1500.000000 0.044126 0.052094 0.601339 29.591509
 1501.000000 0.038709 0.054887 0.600063 29.853350
 1502.000000 0.043783 0.052273 0.606009 28.743441
 1503.000000 0.026175 0.045471 0.596652 29.590065
 1504.000000 0.032660 0.051032 0.604641 29.251472
 1505.000000 0.035278 0.048611 0.603915 30.679794
 1506.000000 0.054742 0.053916 0.600780 29.141744
 1507.000000 0.031359 0.052253 0.604571 29.077145
 1508.000000 0.049007 0.057742 0.605199 30.092565
 1509.000000 0.037055 0.056174 0.607812 29.254025
 1510.000000 0.029452 0.057368 0.599385 29.163042
 1511.000000 0.044124 0.056899 0.597769 29.877105
 1512.000000 0.039908 0.068062 0.597816 28.846130
 1513.000000 0.050115 0.049526 0.605909 29.504083
 1514.000000 9.899421 0.048087 0.599888 30.070245
 1515.000000 9.893121 0.041456 0.598285 28.941614
 1516.000000 9.898508 0.057399 0.603424 29.460804
 1517.000000 9.906625 0.046369 0.597391 30.161194
 1518.000000 0.039912 0.065371 0.603182 30.408857
 1519.000000 9.910744 0.066717 0.599021 30.270046
 1520.000000 0.050483 0.062082 0.601753 28.744145
 1521.000000 9.891432 0.053101 0.604080 29.610166
 1522.000000 9.884688 0.050879 0.600237 29.759839
 1523.000000 9.883009 0.063891 0.601436 29.626196
 1524.000000 9.892608 0.054669 0.604007 29.392670
 1525.000000 0.042171 0.057052 0.601727 29.686949
 1526.000000 0.038106 0.043404 0.599199 29.785805
 1527.000000 9.887410 0.051381 0.595726 30.701238
 1528.000000 0.031487 0.040390 0.599951 29.637738
 1529.000000 0.048542 0.047857 0.602047 28.986625
 1530.000000 0.046450 0.058332 0.600688 29.109334
 1531.000000 0.050851 0.049947 0.602028 28.889293
 1532.000000 0.040356 0.051948 0.602950 29.866843
 1533.000000 0.048488 0.056769 0.603300 29.157135
 1534.000000 0.038341 0.055731 0.599216 29.965307
 1535.000000 0.038302 0.048919 0.597736 30.568433
 1536.000000 0.042925 0.050486 0.595455 30.428729
 1537.000000 0.034161 0.047653 0.596044 29.717627
 1538.000000 0.051520 0.056226 0.599272 29.458519
 1539.000000 0.044725 0.056685 0.600188 29.532901
 1540.000000 0.032196 0.057083 0.607491 29.236506
 1541.000000 0.034371 0.057862 0.609108 29.905194
 1542.000000 0.027309 0.053147 0.601311 29.956810
 1543.000000 0.031813 0.060083 0.604007 30.488385
 1544.000000 0.033504 0.049644 0.610435 28.718252
 1545.000000 0.033242 0.054948 0.598273 30.059955
 1546.000000 0.034698 0.051436 0.605257 30.225142
 1547.000000 0.038857 0.067162 0.603903 28.548411
 1548.000000 0.045645 0.054688 0.599952 28.856394
 1549.000000 0.037605 0.054167 0.606417 29.417782
 1550.000000 0.039054 0.053522 0.605894 28.272831
 1551.000000 0.037283 0.049005 0.600628 29.618482
 1552.000000 0.036634 0.052415 0.593368 30.358802
 1553.000000 0.038724 0.045414 0.597157 28.928451
 1554.000000 0.036480 0.054114 0.596719 29.846560
 1555.000000 0.039524 0.058212 0.597329 29.945783
 1556.000000 0.035262 0.056364 0.597029 30.347577
 1557.000000 0.039894 0.056390 0.610830 29.132807
 1558.000000 0.030348 0.046219 0.612185 28.805088
 1559.000000 0.036946 0.050998 0.601481 29.693435
 1560.000000 0.036871 0.049012 0.611012 28.906608
 1561.000000 0.048797 0.047984 0.603403 28.434849
 1562.000000 0.048670 0.045729 0.601632 29.541281
 1563.000000 0.026792 0.066334 0.600170 29.713247
 1564.000000 0.043408 0.047386 0.599290 29.296160
 1565.000000 0.040591 0.053795 0.613712 28.750611
 1566.000000 0.035483 0.049292 0.600519 29.457071
 1567.000000 0.039503 0.065065 0.605756 29.360665
 1568.000000 0.040197 0.042568 0.599480 29.198501
 1569.000000 0.031367 0.057122 0.603544 29.447989
 1570.000000 0.048766 0.047966 0.603708 28.237574
 1571.000000 0.048553 0.051343 0.608972 28.362767
 1572.000000 0.041311 0.049009 0.599258 29.339066
 1573.000000 0.038029 0.061739 0.599531 29.553435
 1574.000000 0.043606 0.049298 0.600846 29.027850
 1575.000000 0.046280 0.055957 0.599204 29.040912
 1576.000000 9.888329 0.050971 0.600718 29.222840
 1577.000000 0.039586 0.051899 0.603436 29.511292
 1578.000000 0.038976 0.054387 0.602253 29.398037
 1579.000000 0.040245 0.049803 0.602008 28.606095
 1580.000000 0.035384 0.056436 0.598665 28.927775
 1581.000000 0.038241 0.064326 0.602713 29.149269
 1582.000000 0.044780 0.058459 0.608055 28.725828
 1583.000000 0.044842 0.066506 0.601858 30.033521
 1584.000000 0.038287 0.061435 0.604158 29.866526
 1585.000000 0.045012 0.064686 0.610059 29.271357
 1586.000000 0.046811 0.050743 0.603886 29.345951
 1587.000000 0.042986 0.044937 0.602434 29.004966
 1588.000000 0.036645 0.048167 0.603211 29.592130
 1589.000000 0.027907 0.061596 0.603839 29.954340
 1590.000000 0.044065 0.055510 0.603766 28.924098
 1591.000000 0.026818 0.055503 0.602197 29.636108
 1592.000000 0.044478 0.053508 0.599670 29.276412
 1593.000000 0.046271 0.062032 0.602505 29.013693
 1594.000000 0.025140 0.039669 0.597211 29.469729
 1595.000000 0.033878 0.057384 0.603961 29.130914
 1596.000000 0.020767 0.055107 0.603130 29.853775
 1597.000000 0.032009 0.050136 0.608579 29.724589
 1598.000000 0.028459 0.043185 0.609784 29.344085
 1599.000000 0.050607 0.057625 0.602114 29.060356
 1600.000000 0.041894 0.049598 0.605474 28.524618
 1601.000000 0.037239 0.041470 0.598906 29.748954
 1602.000000 0.032360 0.050256 0.603611 28.369317
 1603.000000 0.039326 0.052969 0.599224 29.701613
 1604.000000 0.029748 0.060148 0.599322 30.258336
 1605.000000 0.036609 0.043120 0.600774 29.525166
 1606.000000 0.039916 0.050213 0.601713 29.084290
 1607.000000 0.028344 0.057449 0.595474 30.188352
 1608.000000 0.031429 0.056566 0.604690 29.216418
 1609.000000 0.032066 0.048917 0.598217 29.867872
 1610.000000 0.036989 0.047610 0.603005 28.191602
 1611.000000 0.035891 0.049332 0.607032 29.037079
 1612.000000 0.037940 0.043852 0.608770 28.548520
 1613.000000 0.034648 0.043615 0.604168 28.829525
 1614.000000 0.037721 0.057599 0.610567 29.072287
 1615.000000 0.036655 0.056123 0.602846 29.397448
 1616.000000 0.030723 0.050088 0.601245 29.780553
 1617.000000 0.045756 0.048620 0.603644 29.247161
 1618.000000 0.038107 0.053788 0.604523 28.362810
 1619.000000 0.043935 0.054183 0.601959 29.263148
 1620.000000 0.042045 0.051661 0.602446 28.897619
 1621.000000 0.033429 0.059501 0.608191 28.772190
 1622.000000 0.037704 0.060489 0.603136 28.189650
 1623.000000 0.040439 0.053763 0.606339 28.816285
 1624.000000 0.028492 0.052452 0.606192 29.242998
 1625.000000 0.048123 0.049906 0.602778 29.118116
 1626.000000 0.028055 0.041453 0.601053 30.730539
 1627.000000 0.043761 0.055343 0.608598 28.873967
 1628.000000 0.038035 0.053342 0.603026 29.039733
 1629.000000 0.042927 0.045328 0.595149 29.758148
 1630.000000 0.042501 0.042373 0.602443 28.762971
 1631.000000 0.043758 0.054045 0.596544 29.259347
 1632.000000 0.032810 0.055122 0.606723 29.174937
 1633.000000 0.033994 0.042021 0.607064 29.144395
 1634.000000 0.045941 0.052224 0.599467 29.437295
 1635.000000 0.033397 0.050199 0.602308 29.084990
 1636.000000 0.040168 0.058298 0.598155 29.758121
 1637.000000 0.035458 0.050021 0.597153 29.669689
 1638.000000 0.044227 0.054858 0.604427 29.124596
 1639.000000 0.040445 0.065261 0.608315 28.516554
 1640.000000 0.033297 0.051608 0.606843 28.410147
 1641.000000 0.039658 0.051686 0.603586 29.461006
 1642.000000 0.030106 0.056259 0.602836 29.657344
 1643.000000 0.032831 0.054296 0.601943 29.853971
 1644.000000 0.037471 0.050361 0.605297 29.393632
 1645.000000 0.032041 0.048015 0.604558 29.209262
