#! FIELDS time rho rmsd Rg c
 0.000000 0.781308 0.093281 0.645401 4.257812
 1.000000 0.707327 0.079666 0.639266 4.669002
 2.000000 0.768333 0.100189 0.645096 4.466016
 3.000000 0.794828 0.078171 0.649452 4.395045
 4.000000 0.787036 0.078628 0.646085 4.259829
 5.000000 0.687983 0.083831 0.633059 5.124299
 6.000000 0.720518 0.096969 0.639437 4.759234
 7.000000 0.725124 0.082549 0.627075 5.259111
 8.000000 0.744072 0.083540 0.637312 4.931569
 9.000000 0.771355 0.075942 0.640108 4.721224
 10.000000 0.751476 0.086012 0.646426 5.851755
 11.000000 0.686199 0.077795 0.635295 5.239219
 12.000000 0.593576 0.092250 0.643300 5.879252
 13.000000 0.622146 0.078059 0.642010 5.554074
 14.000000 0.488630 0.077227 0.635465 7.911500
 15.000000 0.546279 0.086465 0.642030 7.291614
 16.000000 0.618458 0.082407 0.644946 5.929543
 17.000000 0.538636 0.086530 0.650995 7.104746
 18.000000 0.552857 0.079020 0.648928 6.323967
 19.000000 0.565182 0.090266 0.646199 6.647842
 20.000000 0.563112 0.078212 0.634827 7.585953
 21.000000 0.568004 0.086347 0.642899 7.384948
 22.000000 0.546310 0.074470 0.640713 7.925775
 23.000000 0.514788 0.076795 0.635206 7.603656
 24.000000 0.488637 0.083397 0.638748 8.508171
 25.000000 0.563463 0.078309 0.635825 7.262758
 26.000000 0.526323 0.079679 0.633249 8.758453
 27.000000 0.483117 0.071062 0.629382 10.412343
 28.000000 0.520466 0.098945 0.632652 8.611360
 29.000000 0.573188 0.096702 0.634207 7.409682
 30.000000 0.603586 0.088347 0.638257 7.490375
 31.000000 0.536515 0.092382 0.632393 8.463445
 32.000000 0.555084 0.114378 0.636402 8.040499
 33.000000 0.541014 0.105226 0.647104 8.050235
 34.000000 0.635177 0.083643 0.637527 5.933079
 35.000000 0.639702 0.091111 0.631988 5.957427
 36.000000 0.629180 0.085477 0.629789 7.003752
 37.000000 0.704302 0.083505 0.634113 5.159113
 38.000000 0.665590 0.080634 0.626230 6.024009
 39.000000 0.649527 0.091683 0.624338 5.747215
 40.000000 0.676449 0.084119 0.631092 5.635286
 41.000000 0.586719 0.095267 0.627823 7.207718
 42.000000 0.628346 0.084756 0.633869 5.988643
 43.000000 0.623771 0.076327 0.632458 6.266492
 44.000000 0.719781 0.093466 0.636362 5.144725
 45.000000 0.612479 0.092325 0.635769 6.873663
 46.000000 0.696237 0.096186 0.642016 6.278548
 47.000000 0.670316 0.088707 0.631262 6.839136
 48.000000 0.719981 0.092462 0.633001 6.970734
 49.000000 0.754301 0.078077 0.634051 6.115013
 50.000000 0.583824 0.080930 0.623648 9.219649
 51.000000 0.618088 0.081715 0.633458 8.549527
 52.000000 0.625424 0.074548 0.631754 8.696899
 53.000000 0.623426 0.082491 0.637860 8.473717
 54.000000 0.656356 0.074819 0.628105 8.227545
 55.000000 0.646351 0.074308 0.634422 8.130897
 56.000000 0.595167 0.080334 0.631582 8.974288
 57.000000 0.635992 0.098386 0.626801 7.922919
 58.000000 0.676425 0.098870 0.624610 6.895553
 59.000000 0.550796 0.096946 0.634818 8.631663
 60.000000 0.501571 0.093087 0.633401 9.063488
 61.000000 0.564097 0.104827 0.638256 7.923896
 62.000000 0.582092 0.108991 0.644176 9.289050
 63.000000 0.600475 0.083965 0.637010 8.721605
 64.000000 0.557680 0.113870 0.642497 8.351274
 65.000000 0.614568 0.085544 0.632025 7.783990
 66.000000 0.605842 0.092071 0.631306 7.324908
 67.000000 0.582417 0.096612 0.635691 8.783442
 68.000000 0.557640 0.114632 0.633639 7.884663
 69.000000 0.554065 0.098557 0.630895 9.213692
 70.000000 0.610206 0.114295 0.636135 7.889743
 71.000000 0.784469 0.090065 0.642910 5.534433
 72.000000 0.688669 0.084307 0.638213 6.050694
 73.000000 0.752997 0.086271 0.632600 5.744524
 74.000000 0.697993 0.087637 0.641197 6.023006
 75.000000 0.593859 0.089287 0.625100 7.988565
 76.000000 0.584757 0.084938 0.632323 7.820377
 77.000000 0.479784 0.099223 0.637808 9.957042
 78.000000 0.375316 0.087288 0.640638 13.170676
 79.000000 0.415255 0.095705 0.637199 12.038930
 80.000000 0.381061 0.103355 0.628447 13.092763
 81.000000 0.446208 0.088796 0.631392 11.377152
 82.000000 0.413003 0.085361 0.628181 11.895443
 83.000000 0.429803 0.113888 0.635915 12.216354
 84.000000 0.454823 0.088155 0.633205 11.334526
 85.000000 0.501561 0.094779 0.641158 9.353270
 86.000000 0.415382 0.109166 0.627843 11.866056
 87.000000 0.454347 0.084778 0.627581 10.920366
 88.000000 0.420772 0.085692 0.629803 11.928454
 89.000000 0.427991 0.094762 0.630206 12.481236
 90.000000 0.404960 0.101743 0.638875 12.284804
 91.000000 0.385206 0.109422 0.626624 11.865363
 92.000000 0.387982 0.114481 0.640018 11.226695
 93.000000 0.504017 0.107614 0.625518 10.536166
 94.000000 0.432809 0.111291 0.639703 10.826075
 95.000000 0.480636 0.107302 0.645477 10.875621
 96.000000 0.460593 0.097709 0.637699 11.457148
 97.000000 0.416143 0.087367 0.642757 11.073543
 98.000000 0.486554 0.092799 0.641147 9.673511
 99.000000 0.396108 0.091140 0.639130 11.609821
 100.000000 0.429177 0.096080 0.644242 10.336347
 101.000000 0.443297 0.083747 0.637567 10.966729
 102.000000 0.399739 0.087877 0.627049 12.669073
 103.000000 0.434249 0.102142 0.632664 10.773774
 104.000000 0.431896 0.083508 0.635260 12.459217
 105.000000 0.418198 0.086881 0.627555 12.016352
 106.000000 0.391225 0.076313 0.623395 13.518856
 107.000000 0.376548 0.083789 0.636147 13.610872
 108.000000 0.425262 0.083121 0.624650 13.091290
 109.000000 0.384576 0.083783 0.624910 14.186547
 110.000000 0.438648 0.084343 0.626994 12.461517
 111.000000 0.396231 0.086421 0.625366 15.117081
 112.000000 0.371238 0.087783 0.633581 15.238457
 113.000000 0.400879 0.078177 0.635247 14.525378
 114.000000 0.357564 0.090889 0.636016 15.199388
 115.000000 0.382995 0.091454 0.631179 14.127760
 116.000000 0.362396 0.076301 0.633752 16.179410
 117.000000 0.393598 0.071773 0.630682 15.230500
 118.000000 0.391937 0.086666 0.633946 13.882391
 119.000000 0.394147 0.086472 0.637853 14.819704
 120.000000 0.349160 0.076255 0.637349 15.896510
 121.000000 0.414142 0.084352 0.635121 12.833987
 122.000000 0.443244 0.090049 0.649705 11.290191
 123.000000 0.413927 0.081081 0.629906 14.031457
 124.000000 0.416651 0.080032 0.622351 13.413728
 125.000000 0.422401 0.084741 0.634805 13.438004
 126.000000 0.469253 0.091861 0.628627 12.669129
 127.000000 0.398637 0.075362 0.627223 14.210996
 128.000000 0.386678 0.082479 0.633580 15.198703
 129.000000 0.387061 0.082767 0.635842 14.058293
 130.000000 0.426529 0.085404 0.637244 12.952505
 131.000000 0.426362 0.090312 0.640096 11.956692
 132.000000 0.423123 0.077215 0.626564 12.659132
 133.000000 0.420209 0.077879 0.627551 12.211990
 134.000000 0.397449 0.080122 0.630940 12.559191
 135.000000 0.410549 0.084982 0.627224 12.416740
 136.000000 0.374599 0.111985 0.628026 12.792570
 137.000000 0.404349 0.083828 0.626565 12.935756
 138.000000 0.330402 0.094328 0.632944 16.168198
 139.000000 0.348329 0.078350 0.635254 15.166495
 140.000000 0.372999 0.079514 0.631537 13.150087
 141.000000 0.417184 0.084538 0.633032 13.048260
 142.000000 0.427275 0.086952 0.641281 12.088299
 143.000000 0.385042 0.072392 0.625055 12.892108
 144.000000 0.449091 0.089338 0.634178 10.930757
 145.000000 0.410900 0.095840 0.621091 12.427461
 146.000000 0.407872 0.080309 0.622548 12.649594
 147.000000 0.402687 0.084327 0.629176 12.791320
 148.000000 0.383717 0.096578 0.627178 13.243812
 149.000000 0.404153 0.087404 0.628031 12.588014
 150.000000 0.443138 0.082248 0.628466 13.594220
 151.000000 0.431339 0.080233 0.620095 12.412271
 152.000000 0.410774 0.075582 0.619135 13.233551
 153.000000 0.417233 0.077628 0.625572 11.761949
 154.000000 0.386388 0.074391 0.629836 13.310169
 155.000000 0.401753 0.084953 0.623933 13.181515
 156.000000 0.390608 0.079277 0.631195 12.376034
 157.000000 0.409946 0.077908 0.626696 12.950436
 158.000000 0.361675 0.078044 0.618077 14.375810
 159.000000 0.396290 0.079569 0.628060 11.959348
 160.000000 0.416519 0.090008 0.620745 13.569306
 161.000000 0.419803 0.087428 0.626088 12.708823
 162.000000 0.388541 0.076081 0.618879 13.951105
 163.000000 0.401954 0.076838 0.630354 12.962383
 164.000000 0.415113 0.076683 0.622763 13.215614
 165.000000 0.402863 0.086732 0.625702 12.316068
 166.000000 0.402317 0.072120 0.621085 13.163630
 167.000000 0.360414 0.087333 0.617417 13.692259
 168.000000 0.412790 0.098161 0.626870 13.412616
 169.000000 0.407288 0.098211 0.632681 12.957404
 170.000000 0.427847 0.102287 0.638427 11.405316
 171.000000 0.405913 0.105640 0.630725 12.842665
 172.000000 0.381185 0.104239 0.629902 13.929633
 173.000000 0.423393 0.096320 0.631132 12.381004
 174.000000 0.393370 0.091075 0.619923 14.099397
 175.000000 0.420173 0.086876 0.628364 13.029398
 176.000000 0.423850 0.079925 0.624943 12.265672
 177.000000 0.412609 0.088783 0.624525 12.585387
 178.000000 0.413965 0.078911 0.628112 12.332276
 179.000000 0.381157 0.083693 0.626005 13.586229
 180.000000 0.406665 0.091011 0.637943 12.328197
 181.000000 0.434130 0.084823 0.626177 12.758006
 182.000000 0.396904 0.085336 0.625388 13.324556
 183.000000 0.402264 0.086714 0.616196 13.556391
 184.000000 0.444048 0.081281 0.629307 11.504238
 185.000000 0.381186 0.108678 0.633052 12.795533
 186.000000 0.385018 0.100557 0.617446 13.562877
 187.000000 0.364594 0.104390 0.632370 13.287540
 188.000000 0.412123 0.111438 0.623705 12.388652
 189.000000 0.402560 0.116575 0.636039 12.180599
 190.000000 0.432237 0.102123 0.636958 11.682064
 191.000000 0.438092 0.116403 0.639042 12.455893
 192.000000 0.413028 0.097901 0.624478 11.270981
 193.000000 0.421038 0.092984 0.631407 10.585597
 194.000000 0.467638 0.093181 0.641347 10.136126
 195.000000 0.418836 0.097921 0.637878 11.914967
 196.000000 0.414141 0.100981 0.643049 11.701410
 197.000000 0.418068 0.115559 0.653102 10.555288
 198.000000 0.440538 0.109307 0.638334 10.972522
 199.000000 0.449117 0.088505 0.629530 10.961528
 200.000000 0.447520 0.092214 0.640325 11.506279
 201.000000 0.446508 0.086329 0.641694 11.475758
 202.000000 0.382420 0.077241 0.632219 12.402553
 203.000000 0.447089 0.088996 0.635443 10.524578
 204.000000 0.423963 0.090019 0.632446 12.301942
 205.000000 0.434457 0.113817 0.630585 11.241850
 206.000000 0.428857 0.093107 0.631939 11.937975
 207.000000 0.428101 0.100961 0.640378 11.631911
 208.000000 0.393001 0.110510 0.638976 11.573698
 209.000000 0.389933 0.107016 0.633583 12.814174
 210.000000 0.409853 0.085499 0.643515 13.051538
 211.000000 0.416479 0.100119 0.634900 12.663020
 212.000000 0.396020 0.083230 0.636004 12.084830
 213.000000 0.410975 0.106397 0.648872 12.018625
 214.000000 0.436139 0.097913 0.641245 12.210800
 215.000000 0.411822 0.091395 0.633783 13.400450
 216.000000 0.388470 0.115482 0.636823 12.881830
 217.000000 0.373957 0.113800 0.639256 11.980160
 218.000000 0.450640 0.089741 0.624856 11.519760
 219.000000 0.412791 0.085196 0.626633 12.379155
 220.000000 0.393670 0.098475 0.637588 13.475182
 221.000000 0.366671 0.085280 0.636995 13.802376
 222.000000 0.385399 0.096605 0.636451 13.772493
 223.000000 0.370660 0.089868 0.632677 14.285764
 224.000000 0.396255 0.106906 0.637023 12.475508
 225.000000 0.398908 0.087243 0.635343 13.257724
 226.000000 0.382073 0.079662 0.632496 12.315734
 227.000000 0.405325 0.087744 0.640673 12.546921
 228.000000 0.404560 0.098201 0.635625 11.740945
 229.000000 0.418579 0.102270 0.639890 10.912951
 230.000000 0.434000 0.094159 0.638265 10.726983
 231.000000 0.407129 0.097938 0.637442 11.213092
 232.000000 0.411891 0.086356 0.640740 11.515950
 233.000000 0.440748 0.098069 0.641008 10.637646
 234.000000 0.392834 0.096691 0.633119 11.897860
 235.000000 0.386129 0.103501 0.634247 12.735008
 236.000000 0.392950 0.104014 0.638491 12.113929
 237.000000 0.372108 0.098008 0.627689 14.311093
 238.000000 0.422353 0.101801 0.635973 12.154282
 239.000000 0.427916 0.100529 0.642087 11.258520
 240.000000 0.424181 0.091044 0.640721 11.975298
 241.000000 0.444277 0.087163 0.648893 9.848063
 242.000000 0.459280 0.120139 0.653895 11.462049
 243.000000 0.408681 0.081353 0.640982 12.877155
 244.000000 0.431049 0.080799 0.637506 12.000513
 245.000000 0.417185 0.104317 0.643311 12.592059
 246.000000 0.458184 0.087493 0.635825 11.659224
 247.000000 0.446296 0.096038 0.643397 11.845128
 248.000000 0.449120 0.100025 0.644482 11.345292
 249.000000 0.431810 0.114552 0.645293 11.752610
 250.000000 0.459299 0.093398 0.649247 11.008140
 251.000000 0.411208 0.086479 0.635946 11.926374
 252.000000 0.420508 0.076071 0.630303 13.344330
 253.000000 0.436646 0.087393 0.639856 11.594378
 254.000000 0.456279 0.092643 0.640206 11.307769
 255.000000 0.429689 0.108095 0.651855 12.147064
 256.000000 0.417930 0.092123 0.646287 11.180215
 257.000000 0.562710 0.084147 0.640949 9.589793
 258.000000 0.481336 0.103481 0.640142 10.247808
 259.000000 0.496753 0.115672 0.635722 10.428408
 260.000000 0.475383 0.111298 0.626687 10.381004
 261.000000 0.409566 0.100702 0.618623 12.973741
 262.000000 0.465287 0.099392 0.620754 10.868305
 263.000000 0.485422 0.104187 0.631788 10.204299
 264.000000 0.507363 0.131029 0.637385 9.663690
 265.000000 0.425375 0.115490 0.641724 10.806399
 266.000000 0.438843 0.106353 0.629217 11.140685
 267.000000 0.452987 0.103120 0.629939 11.051813
 268.000000 0.469348 0.120692 0.632256 10.781514
 269.000000 0.470646 0.102869 0.623337 10.566649
 270.000000 0.443755 0.133347 0.636427 11.871389
 271.000000 0.396956 0.120118 0.616760 13.822360
 272.000000 0.424146 0.133113 0.634724 12.516537
 273.000000 0.439173 0.111716 0.632538 12.669881
 274.000000 0.436186 0.100896 0.629488 12.129513
 275.000000 0.411698 0.124942 0.633962 13.294631
 276.000000 0.438772 0.096571 0.636560 12.437519
 277.000000 0.472942 0.114123 0.643912 10.880648
 278.000000 0.422481 0.103768 0.640616 12.117545
 279.000000 0.394987 0.116237 0.642886 11.357864
 280.000000 0.447013 0.107631 0.639265 11.144242
 281.000000 0.409135 0.109369 0.636473 12.262546
 282.000000 0.408709 0.077187 0.632166 12.918274
 283.000000 0.416378 0.081961 0.636917 12.211282
 284.000000 0.423705 0.080528 0.632009 12.459988
 285.000000 0.427986 0.093212 0.631625 12.254818
 286.000000 0.446519 0.091202 0.626006 11.683546
 287.000000 0.430295 0.083135 0.631749 12.278729
 288.000000 0.421249 0.082438 0.621415 12.481975
 289.000000 0.452968 0.102076 0.626735 12.940094
 290.000000 0.468753 0.088176 0.633028 11.188761
 291.000000 0.416166 0.078477 0.626807 12.601133
 292.000000 0.441909 0.090749 0.626442 13.189926
 293.000000 0.432925 0.082564 0.629146 12.028534
 294.000000 0.415553 0.098410 0.634423 12.067756
 295.000000 0.437696 0.092934 0.627122 12.733540
 296.000000 0.427805 0.084257 0.615838 12.779468
 297.000000 0.394073 0.091196 0.624742 13.140068
 298.000000 0.395377 0.090150 0.630589 13.322141
 299.000000 0.409070 0.078381 0.628037 13.481795
 300.000000 0.421150 0.083846 0.627781 12.634529
 301.000000 0.428261 0.086059 0.617476 12.256227
 302.000000 0.407935 0.074782 0.623671 13.507408
 303.000000 0.405967 0.072860 0.629742 12.484038
 304.000000 0.432950 0.083548 0.627030 12.272310
 305.000000 0.411858 0.080471 0.619570 12.720508
 306.000000 0.445035 0.075748 0.619151 11.964688
 307.000000 0.411725 0.080954 0.623645 12.661350
 308.000000 0.385812 0.098085 0.635411 13.657855
 309.000000 0.408543 0.085287 0.632129 11.543364
 310.000000 0.400595 0.084466 0.628250 11.600902
 311.000000 0.411456 0.073074 0.627136 11.849401
 312.000000 0.412784 0.081352 0.625209 11.733134
 313.000000 0.445944 0.085425 0.625135 11.187852
 314.000000 0.429901 0.081596 0.633951 12.247476
 315.000000 0.431064 0.071934 0.629938 11.828609
 316.000000 0.431510 0.081180 0.630824 11.153969
 317.000000 0.481233 0.089631 0.628995 10.288499
 318.000000 0.443074 0.092994 0.630826 11.970460
 319.000000 0.440858 0.084829 0.633160 11.253014
 320.000000 0.444428 0.082235 0.631348 12.279751
 321.000000 0.421271 0.080928 0.630334 11.953140
 322.000000 0.451624 0.087853 0.633834 10.895625
 323.000000 0.438798 0.084192 0.632765 11.501307
 324.000000 0.458681 0.073831 0.625426 10.199725
 325.000000 0.452484 0.089431 0.621548 11.388684
 326.000000 0.452398 0.080612 0.630248 10.755131
 327.000000 0.481045 0.071583 0.630047 11.018002
 328.000000 0.475392 0.076303 0.635510 11.287284
 329.000000 0.442248 0.097717 0.632388 11.976783
 330.000000 0.455778 0.095858 0.638939 10.375066
 331.000000 0.484098 0.078987 0.631256 10.610740
 332.000000 0.433025 0.075753 0.629045 11.950954
 333.000000 0.452535 0.095420 0.629510 11.566759
 334.000000 0.478202 0.079115 0.634608 11.183131
 335.000000 0.495398 0.080157 0.628477 11.157744
 336.000000 0.424611 0.075925 0.630440 12.057317
 337.000000 0.411736 0.081708 0.631604 11.487522
 338.000000 0.435200 0.076889 0.631586 11.159629
 339.000000 0.454915 0.075767 0.631561 11.424965
 340.000000 0.430205 0.084793 0.633847 11.263842
 341.000000 0.449794 0.080937 0.627474 11.487957
 342.000000 0.443621 0.082625 0.626874 11.342438
 343.000000 0.409314 0.089941 0.629166 11.713274
 344.000000 0.456178 0.089047 0.622757 11.392386
 345.000000 0.421461 0.085564 0.628396 11.527979
 346.000000 0.434659 0.080489 0.630138 11.518202
 347.000000 0.446186 0.076304 0.628388 10.967881
 348.000000 0.450681 0.073081 0.631019 12.409764
 349.000000 0.454664 0.074956 0.631598 11.372084
 350.000000 0.463131 0.077842 0.620747 10.972034
 351.000000 0.509353 0.076129 0.627995 10.992482
 352.000000 0.452585 0.074856 0.623870 11.451869
 353.000000 0.434165 0.070747 0.626447 12.398302
 354.000000 0.451385 0.070746 0.625526 11.915868
 355.000000 0.416457 0.080457 0.634504 12.364090
 356.000000 0.471374 0.055851 0.624571 11.367226
 357.000000 0.424485 0.062362 0.624499 12.511442
 358.000000 0.462811 0.082384 0.626765 11.675756
 359.000000 0.465359 0.065986 0.619971 11.778119
 360.000000 0.452319 0.069012 0.627757 10.816375
 361.000000 0.472316 0.072187 0.628094 11.633249
 362.000000 0.378218 0.074416 0.630298 12.280368
 363.000000 0.407670 0.077981 0.638120 10.991573
 364.000000 0.432641 0.095314 0.633297 11.224324
 365.000000 0.446875 0.100271 0.629107 10.659034
 366.000000 0.480508 0.075272 0.638763 10.510637
 367.000000 0.447629 0.068599 0.628006 11.439104
 368.000000 0.468110 0.082525 0.623311 11.391353
 369.000000 0.504388 0.083404 0.630985 10.169191
 370.000000 0.450290 0.062514 0.629591 11.492586
 371.000000 0.491322 0.084199 0.638047 10.722093
 372.000000 0.426144 0.092056 0.640690 12.291037
 373.000000 0.454835 0.078255 0.625307 12.185199
 374.000000 0.449371 0.109142 0.629922 11.546698
 375.000000 0.387453 0.111998 0.634124 12.443229
 376.000000 0.384005 0.106398 0.633477 12.478041
 377.000000 0.424678 0.097851 0.635255 11.515355
 378.000000 0.405136 0.102381 0.633213 12.620041
 379.000000 0.455943 0.090804 0.626873 14.193022
 380.000000 0.403704 0.092686 0.637018 12.643055
 381.000000 0.443105 0.087419 0.622862 12.457601
 382.000000 0.457279 0.095281 0.628268 11.119486
 383.000000 0.410883 0.084823 0.622947 12.263197
 384.000000 0.452065 0.096317 0.629494 11.322741
 385.000000 0.449795 0.101359 0.634608 11.807183
 386.000000 0.431956 0.083892 0.635719 11.840757
 387.000000 0.476214 0.098035 0.627336 11.340955
 388.000000 0.425780 0.098173 0.625037 12.246555
 389.000000 0.414951 0.115476 0.635005 11.954161
 390.000000 0.457096 0.099116 0.630367 12.183383
 391.000000 0.421200 0.100424 0.625437 12.032494
 392.000000 0.403078 0.124345 0.640085 10.913422
 393.000000 0.375292 0.106050 0.630316 11.318279
 394.000000 0.373724 0.089547 0.636833 11.872455
 395.000000 0.434858 0.099676 0.625786 10.508175
 396.000000 0.405517 0.105282 0.636011 10.836798
 397.000000 0.385549 0.101553 0.637520 11.525514
 398.000000 0.410886 0.095856 0.642228 12.299597
 399.000000 0.391262 0.101177 0.643668 12.701007
 400.000000 0.367035 0.111902 0.646251 12.869106
 401.000000 0.368933 0.125485 0.641887 11.731389
 402.000000 0.352358 0.108659 0.639977 11.621868
 403.000000 0.392021 0.096354 0.629336 11.300336
 404.000000 0.392680 0.112526 0.636118 11.776018
 405.000000 0.419802 0.111058 0.641293 9.787245
 406.000000 0.385189 0.108087 0.639216 12.659200
 407.000000 0.387649 0.105881 0.640511 11.757237
 408.000000 0.409843 0.088585 0.640682 11.316450
 409.000000 0.388807 0.087436 0.635968 11.530380
 410.000000 0.366133 0.109318 0.644693 11.480707
 411.000000 0.409170 0.094441 0.632941 11.240818
 412.000000 0.412915 0.093443 0.635132 10.100585
 413.000000 0.401153 0.102568 0.642531 11.663502
 414.000000 0.408781 0.101605 0.643314 11.409523
 415.000000 0.403968 0.094352 0.642044 11.516661
 416.000000 0.367278 0.103964 0.648801 11.150683
 417.000000 0.451086 0.105296 0.636762 10.949056
 418.000000 0.395264 0.097369 0.636175 12.167508
 419.000000 0.401545 0.094439 0.635949 11.316076
 420.000000 0.397951 0.091171 0.641157 11.759498
 421.000000 0.369341 0.076900 0.633636 12.491822
 422.000000 0.426424 0.085471 0.634543 10.787535
 423.000000 0.386383 0.098472 0.633385 11.292046
 424.000000 0.378327 0.108470 0.634397 12.878618
 425.000000 0.365887 0.108960 0.643348 11.014957
 426.000000 0.393721 0.122354 0.639329 11.382699
 427.000000 0.414269 0.118140 0.642741 11.319841
 428.000000 0.418593 0.111954 0.636447 12.110364
 429.000000 0.401532 0.102214 0.636939 13.044952
 430.000000 0.433013 0.108697 0.636819 11.909468
 431.000000 0.401019 0.127244 0.647476 11.178425
 432.000000 0.396184 0.122298 0.641123 10.706570
 433.000000 0.429751 0.103613 0.640373 11.331367
 434.000000 0.385656 0.099648 0.636255 12.491765
 435.000000 0.408543 0.091255 0.632555 12.422074
 436.000000 0.422130 0.079483 0.639782 11.622987
 437.000000 0.445049 0.083503 0.643549 11.124709
 438.000000 0.434618 0.090474 0.641276 10.743563
 439.000000 0.388195 0.097982 0.636688 12.225990
 440.000000 0.408177 0.081718 0.640504 11.777506
 441.000000 0.406009 0.089506 0.640072 12.212702
 442.000000 0.435742 0.088248 0.637127 11.887097
 443.000000 0.455574 0.089461 0.639130 11.426946
 444.000000 0.435259 0.080388 0.638476 11.008452
 445.000000 0.419491 0.083564 0.642365 11.152505
 446.000000 0.382471 0.078186 0.634897 12.332875
 447.000000 0.421749 0.081396 0.636122 12.139553
 448.000000 0.426770 0.090283 0.641278 11.384288
 449.000000 0.435335 0.094205 0.644310 10.918267
 450.000000 0.444531 0.092262 0.635162 11.861220
 451.000000 0.443359 0.086974 0.638854 11.352355
 452.000000 0.437267 0.095266 0.637096 10.480081
 453.000000 0.444051 0.086282 0.633606 10.414766
 454.000000 0.445984 0.081347 0.630720 11.425056
 455.000000 0.432497 0.100817 0.638940 11.843602
 456.000000 0.418984 0.094114 0.651721 11.655556
 457.000000 0.444855 0.085448 0.641228 10.767045
 458.000000 0.424019 0.097453 0.640292 10.954300
 459.000000 0.452099 0.092715 0.632776 11.346342
 460.000000 0.421183 0.095432 0.643389 10.918152
 461.000000 0.417660 0.091569 0.647453 12.013283
 462.000000 0.471868 0.101855 0.645022 9.509583
 463.000000 0.515077 0.112837 0.656403 9.140403
 464.000000 0.468828 0.104412 0.655707 9.570422
 465.000000 0.432085 0.100244 0.652221 9.489578
 466.000000 0.411618 0.100193 0.643181 10.286050
 467.000000 0.425331 0.106643 0.644080 9.181613
 468.000000 0.383222 0.121369 0.658731 8.758048
 469.000000 0.426959 0.125766 0.659002 7.357429
 470.000000 0.413332 0.114637 0.657604 7.654452
 471.000000 0.413054 0.097867 0.663163 7.441451
 472.000000 0.437014 0.101087 0.655289 7.528675
 473.000000 0.382452 0.106068 0.650887 8.559894
 474.000000 0.399153 0.100128 0.648489 7.931901
 475.000000 0.376651 0.110433 0.652063 8.909324
 476.000000 0.402688 0.096674 0.651710 7.124191
 477.000000 0.370286 0.127983 0.659033 7.144725
 478.000000 0.350646 0.106548 0.662136 8.564821
 479.000000 0.356341 0.115961 0.661212 7.844788
 480.000000 0.347264 0.120867 0.661422 8.413173
 481.000000 0.376907 0.104635 0.653698 7.758185
 482.000000 0.353952 0.123469 0.658488 8.133994
 483.000000 0.379709 0.117704 0.662769 6.948420
 484.000000 0.410472 0.101554 0.654476 7.845240
 485.000000 0.392871 0.131027 0.662807 8.083782
 486.000000 0.352477 0.119956 0.659290 9.722352
 487.000000 0.378253 0.130032 0.656475 8.641567
 488.000000 0.359681 0.096607 0.650487 8.998435
 489.000000 0.345203 0.110516 0.662136 7.808131
 490.000000 0.368102 0.124634 0.657318 8.007161
 491.000000 0.400222 0.101667 0.654544 8.097910
 492.000000 0.383082 0.123312 0.679619 7.648870
 493.000000 0.420778 0.113820 0.666103 7.322644
 494.000000 0.415526 0.080877 0.648966 8.916234
 495.000000 0.368435 0.100779 0.650820 9.589442
 496.000000 0.413643 0.095338 0.642605 9.430470
 497.000000 0.410543 0.100289 0.646729 9.031636
 498.000000 0.425730 0.084287 0.642358 8.559121
 499.000000 0.428325 0.090374 0.650467 7.656513
 500.000000 0.335870 0.068546 0.647170 10.347333
 501.000000 0.398239 0.091752 0.647501 9.513155
 502.000000 0.368106 0.101269 0.652908 8.590313
 503.000000 0.350616 0.113592 0.647612 9.440700
 504.000000 0.396929 0.096192 0.645322 9.055284
 505.000000 0.418621 0.093627 0.651695 7.964143
 506.000000 0.399948 0.089823 0.640193 8.655059
 507.000000 0.372730 0.094289 0.646128 9.357789
 508.000000 0.398316 0.095147 0.647519 8.699777
 509.000000 0.397722 0.088510 0.646589 8.833444
 510.000000 0.374412 0.089878 0.650328 10.086375
 511.000000 0.364758 0.091381 0.658856 9.049766
 512.000000 0.386921 0.091126 0.663768 9.466405
 513.000000 0.357761 0.077635 0.642490 10.765672
 514.000000 0.363850 0.089652 0.653768 9.617986
 515.000000 0.417532 0.085709 0.648783 7.557426
 516.000000 0.418956 0.077131 0.648941 7.595277
 517.000000 0.418073 0.086856 0.659522 6.518432
 518.000000 0.427337 0.093053 0.657547 6.495549
 519.000000 0.435631 0.081934 0.654773 6.691292
 520.000000 0.427789 0.089435 0.656165 7.469247
 521.000000 0.434114 0.084831 0.653100 7.296778
 522.000000 0.429801 0.081037 0.657336 6.465036
 523.000000 0.325000 0.095115 0.657616 8.521493
 524.000000 0.359966 0.082390 0.658978 8.583572
 525.000000 0.386747 0.085223 0.661622 7.344292
 526.000000 0.361676 0.082858 0.652871 7.979155
 527.000000 0.406662 0.098065 0.658685 6.941673
 528.000000 0.430016 0.078977 0.650934 6.895368
 529.000000 0.446597 0.082500 0.647412 6.705468
 530.000000 0.431645 0.104656 0.655073 5.939569
 531.000000 0.369053 0.102502 0.659882 7.040793
 532.000000 0.383231 0.101246 0.662614 7.277820
 533.000000 0.376986 0.087215 0.656484 7.886149
 534.000000 0.411143 0.099377 0.669762 6.661017
 535.000000 0.395180 0.089637 0.647183 7.778328
 536.000000 0.432843 0.077043 0.653902 7.028852
 537.000000 0.379768 0.074452 0.656376 7.473983
 538.000000 0.451937 0.072856 0.648805 6.485715
 539.000000 0.368765 0.104788 0.661497 6.378954
 540.000000 0.403435 0.083661 0.657536 6.817935
 541.000000 0.358776 0.085633 0.656831 8.541048
 542.000000 0.328605 0.130464 0.670511 6.640188
 543.000000 0.292196 0.113485 0.667092 8.304756
 544.000000 0.314903 0.106379 0.668092 6.300608
 545.000000 0.312477 0.131067 0.670090 7.549650
 546.000000 0.329385 0.110920 0.657211 7.504802
 547.000000 0.393555 0.106058 0.652683 6.983662
 548.000000 0.293776 0.086035 0.647148 8.558362
 549.000000 0.348105 0.093492 0.650930 8.887056
 550.000000 0.317090 0.077613 0.643915 8.497429
 551.000000 0.364962 0.072789 0.654838 7.497753
 552.000000 0.324691 0.052313 0.638757 7.977190
 553.000000 0.322268 0.067407 0.641348 8.390040
 554.000000 0.347222 0.047508 0.635878 9.277387
 555.000000 0.375927 0.046296 0.640494 8.096505
 556.000000 0.370022 0.053675 0.640752 7.799252
 557.000000 0.324494 0.046545 0.633353 10.642702
 558.000000 0.337551 0.039646 0.640719 10.794107
 559.000000 0.335624 0.047185 0.628373 10.586545
 560.000000 0.366766 0.066419 0.632262 10.596789
 561.000000 0.370580 0.080059 0.645679 11.472852
 562.000000 0.369117 0.074626 0.638321 10.691105
 563.000000 0.409581 0.068885 0.636019 9.650552
 564.000000 0.387969 0.082526 0.633679 10.985796
 565.000000 0.432160 0.069514 0.632639 10.171907
 566.000000 0.397722 0.075415 0.637834 10.103962
 567.000000 0.429906 0.075370 0.638795 9.439091
 568.000000 0.382066 0.081367 0.637427 11.387529
 569.000000 0.370412 0.085037 0.638154 11.434037
 570.000000 0.396783 0.091906 0.649138 10.312853
 571.000000 0.389071 0.081813 0.640688 10.349108
 572.000000 0.370343 0.084348 0.637235 11.750658
 573.000000 0.365400 0.087508 0.632981 11.606690
 574.000000 0.385107 0.078553 0.639771 9.455160
 575.000000 0.379383 0.091414 0.637711 11.377401
 576.000000 0.413621 0.077539 0.634290 10.054716
 577.000000 0.383330 0.101833 0.635189 11.882646
 578.000000 0.403821 0.087990 0.628970 10.561314
 579.000000 0.365636 0.094573 0.634334 11.407589
 580.000000 0.418548 0.090803 0.637779 10.094741
 581.000000 0.408909 0.087797 0.635091 10.188506
 582.000000 0.371994 0.098347 0.631401 12.503323
 583.000000 0.402553 0.078588 0.640542 10.689312
 584.000000 0.440401 0.090331 0.633783 10.543267
 585.000000 0.404416 0.069187 0.637156 11.172697
 586.000000 0.441544 0.081498 0.638624 10.790977
 587.000000 0.474435 0.102635 0.644159 10.344269
 588.000000 0.407637 0.093048 0.645763 10.584319
 589.000000 0.437725 0.060363 0.634645 8.874160
 590.000000 0.383530 0.078924 0.635012 10.091312
 591.000000 0.408215 0.070697 0.626107 9.021798
 592.000000 0.400542 0.057282 0.624975 8.863904
 593.000000 0.422625 0.068798 0.630065 8.866213
 594.000000 0.485042 0.066729 0.626258 8.230401
 595.000000 0.375054 0.071469 0.627207 9.174375
 596.000000 0.364339 0.046193 0.616452 10.262992
 597.000000 0.371944 0.053081 0.621183 10.834744
 598.000000 0.383718 0.043145 0.617053 10.017515
 599.000000 0.465245 0.071278 0.624380 8.667711
 600.000000 0.409889 0.079799 0.631614 10.911630
 601.000000 0.412943 0.087040 0.639096 11.809993
 602.000000 0.406615 0.091028 0.638175 12.072238
 603.000000 0.383956 0.082214 0.642536 12.442802
 604.000000 0.432817 0.081278 0.639461 11.176615
 605.000000 0.380468 0.094979 0.635202 11.602081
 606.000000 0.438238 0.097838 0.645031 10.541704
 607.000000 0.393595 0.099931 0.634610 10.753659
 608.000000 0.404244 0.091496 0.633041 10.038294
 609.000000 0.372386 0.093811 0.639993 10.669374
 610.000000 0.410745 0.101805 0.635264 10.295380
 611.000000 0.321273 0.092042 0.633638 10.865015
 612.000000 0.414266 0.065454 0.636214 9.374261
 613.000000 0.383788 0.061412 0.631132 10.607691
 614.000000 0.362347 0.059825 0.634590 9.842524
 615.000000 0.396334 0.073398 0.634520 10.371433
 616.000000 0.340785 0.052693 0.635143 10.991752
 617.000000 0.357515 0.052211 0.630362 10.195584
 618.000000 0.413487 0.061298 0.622106 9.724048
 619.000000 0.390294 0.076231 0.638294 10.875481
 620.000000 0.392987 0.081995 0.639860 10.346208
 621.000000 0.381426 0.089259 0.637454 10.865030
 622.000000 0.403549 0.098970 0.646722 9.751634
 623.000000 0.426876 0.107600 0.640779 9.611104
 624.000000 0.352685 0.099474 0.641723 10.640978
 625.000000 0.353768 0.105075 0.640469 11.653691
 626.000000 0.366862 0.073160 0.645270 9.628588
 627.000000 0.346514 0.089884 0.643553 10.551069
 628.000000 0.355026 0.111757 0.638437 12.136150
 629.000000 0.382712 0.099561 0.631467 9.842446
 630.000000 0.415447 0.094138 0.631496 9.530296
 631.000000 0.417128 0.102260 0.629964 9.064163
 632.000000 0.427382 0.090631 0.629066 8.716474
 633.000000 0.399720 0.100822 0.632007 9.678958
 634.000000 0.395158 0.094646 0.642496 9.855089
 635.000000 0.391691 0.095346 0.638943 10.306849
 636.000000 0.413888 0.072484 0.638913 10.537432
 637.000000 0.392156 0.098946 0.642477 10.963609
 638.000000 0.399789 0.073878 0.631095 10.328257
 639.000000 0.362091 0.093557 0.629484 10.914196
 640.000000 0.378574 0.098292 0.636032 10.050983
 641.000000 0.383083 0.096491 0.639580 9.986597
 642.000000 0.353555 0.081695 0.637963 11.989079
 643.000000 0.426852 0.068825 0.634202 10.481734
 644.000000 0.439229 0.055384 0.628364 10.349257
 645.000000 0.413925 0.059638 0.628278 11.047433
 646.000000 0.433937 0.065947 0.627284 9.817532
 647.000000 0.429076 0.068352 0.626167 11.314166
 648.000000 0.417866 0.047113 0.616199 10.748708
 649.000000 0.418983 0.047353 0.628013 10.057685
 650.000000 0.404466 0.045647 0.626940 11.304764
 651.000000 0.391914 0.073803 0.629899 10.416418
 652.000000 0.416545 0.057578 0.627247 11.499982
 653.000000 0.404216 0.066038 0.634404 10.738135
 654.000000 0.406713 0.073484 0.627110 10.331456
 655.000000 0.356112 0.046902 0.625814 12.549767
 656.000000 0.393880 0.059569 0.620283 10.636404
 657.000000 0.441772 0.083719 0.628924 9.613460
 658.000000 0.449107 0.107826 0.626920 9.424107
 659.000000 0.419815 0.101521 0.628009 10.439359
 660.000000 0.439014 0.108049 0.644520 9.774689
 661.000000 0.486708 0.070203 0.628196 11.233416
 662.000000 0.426336 0.056228 0.626854 9.531305
 663.000000 0.365932 0.071703 0.624008 11.374684
 664.000000 0.341504 0.054904 0.621967 12.346885
 665.000000 0.316564 0.072268 0.628000 14.038652
 666.000000 0.315395 0.068051 0.629097 14.344355
 667.000000 0.320359 0.072257 0.623657 14.298850
 668.000000 0.297033 0.074054 0.624443 15.708731
 669.000000 0.308467 0.079594 0.628909 15.339367
 670.000000 0.308759 0.106880 0.645334 13.891039
 671.000000 0.260157 0.117495 0.626698 15.921321
 672.000000 0.245486 0.103400 0.629400 17.084440
 673.000000 0.234718 0.107356 0.624378 17.860260
 674.000000 0.246073 0.111314 0.623857 16.896839
 675.000000 0.269064 0.125491 0.631238 15.102516
 676.000000 0.239636 0.123773 0.632572 16.026325
 677.000000 0.250315 0.127460 0.644799 15.285410
 678.000000 0.275089 0.103468 0.637287 15.434649
 679.000000 0.258696 0.105759 0.631522 16.685492
 680.000000 0.256548 0.101730 0.630736 15.937251
 681.000000 0.257624 0.101732 0.626882 16.585182
 682.000000 0.243226 0.113819 0.622352 17.551247
 683.000000 0.273668 0.110680 0.620784 16.199026
 684.000000 0.288465 0.113114 0.627786 15.755500
 685.000000 0.278495 0.106914 0.632064 16.255955
 686.000000 0.256640 0.117020 0.618957 17.552157
 687.000000 0.285289 0.118266 0.626469 16.417227
 688.000000 0.291058 0.108751 0.614282 16.627611
 689.000000 0.257652 0.107110 0.629579 16.716295
 690.000000 0.277550 0.112374 0.632648 16.714721
 691.000000 0.283472 0.157774 0.637049 15.744988
 692.000000 0.276516 0.151551 0.634536 16.718886
 693.000000 0.245039 0.167018 0.633631 17.470026
 694.000000 0.274800 0.153506 0.642134 16.662635
 695.000000 0.261785 0.162675 0.629621 16.532981
 696.000000 0.265701 0.160506 0.633304 16.814775
 697.000000 0.282315 0.156456 0.642003 16.776538
 698.000000 0.298168 0.165735 0.646937 16.032524
 699.000000 0.294957 0.176755 0.640543 16.905297
 700.000000 0.274872 0.165356 0.633181 18.083154
 701.000000 0.284346 0.165283 0.641341 16.190734
 702.000000 0.230710 0.162106 0.639096 16.846170
 703.000000 0.208075 0.136194 0.644932 17.084842
 704.000000 0.225851 0.151117 0.634759 18.250877
 705.000000 0.241411 0.144650 0.638806 17.260298
 706.000000 0.227918 0.146512 0.636171 17.467322
 707.000000 0.233598 0.163679 0.630086 17.867904
 708.000000 0.205084 0.141208 0.646810 16.331817
 709.000000 0.237914 0.149926 0.635405 17.189762
 710.000000 0.220772 0.158481 0.641348 16.895122
 711.000000 0.221776 0.143397 0.653029 17.417337
 712.000000 0.241883 0.140464 0.652589 17.721338
 713.000000 0.261287 0.151709 0.645908 16.167585
 714.000000 0.213881 0.131679 0.623377 17.281017
 715.000000 0.253583 0.147924 0.638669 16.766585
 716.000000 0.267642 0.146970 0.648631 16.208370
 717.000000 0.293460 0.151637 0.650754 15.554962
 718.000000 0.242491 0.124130 0.632360 16.684575
 719.000000 0.275093 0.157072 0.641786 16.923473
 720.000000 0.255993 0.143209 0.640529 17.519787
 721.000000 0.257372 0.168026 0.639374 17.048898
 722.000000 0.249752 0.137858 0.636670 16.696661
 723.000000 0.243594 0.135584 0.627455 16.370646
 724.000000 0.280392 0.163911 0.645940 15.580315
 725.000000 0.241510 0.171412 0.652907 14.430258
 726.000000 0.249257 0.170111 0.656095 12.042331
 727.000000 0.244408 0.178345 0.662852 14.704800
 728.000000 0.216727 0.133612 0.657652 14.070462
 729.000000 0.256567 0.165550 0.655063 15.994664
 730.000000 0.249160 0.130894 0.645540 16.220635
 731.000000 0.213874 0.148834 0.660275 14.705176
 732.000000 0.241474 0.164578 0.664581 14.824311
 733.000000 0.227710 0.136095 0.654513 15.038153
 734.000000 0.243572 0.157064 0.659445 14.559438
 735.000000 0.262037 0.139493 0.657281 15.344016
 736.000000 0.254068 0.149610 0.665277 14.059391
 737.000000 0.234093 0.164018 0.665265 15.102409
 738.000000 0.236699 0.134018 0.659021 13.609680
 739.000000 0.267252 0.155941 0.666999 13.880576
 740.000000 0.237260 0.140655 0.666105 14.335590
 741.000000 0.204103 0.137206 0.652286 14.048528
 742.000000 0.223210 0.118188 0.645681 14.187785
 743.000000 0.235910 0.150709 0.659885 15.275332
 744.000000 0.184015 0.137604 0.653987 13.740813
 745.000000 0.185989 0.132942 0.644102 15.546127
 746.000000 0.155292 0.114319 0.650712 15.856568
 747.000000 0.167676 0.120854 0.646121 16.152709
 748.000000 0.147637 0.125516 0.642026 16.242483
 749.000000 0.176581 0.115102 0.650609 15.758587
 750.000000 0.169796 0.123716 0.647589 15.395819
 751.000000 0.187954 0.136892 0.648245 15.607561
 752.000000 0.172682 0.154003 0.648831 16.126651
 753.000000 0.180383 0.145041 0.650773 14.542078
 754.000000 0.158753 0.126826 0.640968 15.641655
 755.000000 0.168298 0.130417 0.635672 16.358502
 756.000000 0.189270 0.142724 0.639885 15.324029
 757.000000 0.174247 0.136109 0.646839 15.381874
 758.000000 0.174892 0.137980 0.644447 16.342750
 759.000000 0.138430 0.134365 0.634343 16.339654
 760.000000 0.156453 0.160899 0.653439 15.350934
 761.000000 0.152147 0.132424 0.650152 14.754263
 762.000000 0.156905 0.131743 0.645989 15.073673
 763.000000 0.177344 0.122508 0.644517 15.536224
 764.000000 0.145291 0.120619 0.635655 16.402235
 765.000000 0.155540 0.124531 0.649445 15.291822
 766.000000 0.153030 0.121708 0.650315 15.811971
 767.000000 0.150612 0.105099 0.641051 16.217257
 768.000000 0.119889 0.114230 0.648768 16.842174
 769.000000 0.186738 0.117609 0.636288 15.832076
 770.000000 0.178927 0.098123 0.642680 15.961009
 771.000000 0.183278 0.115566 0.649619 16.403081
 772.000000 0.195988 0.143208 0.642179 15.243221
 773.000000 0.222908 0.118052 0.627216 15.972795
 774.000000 0.196378 0.111447 0.623055 17.495268
 775.000000 0.180238 0.108383 0.631398 16.827982
 776.000000 0.188234 0.110819 0.638638 17.047670
 777.000000 0.177807 0.101160 0.621971 17.487557
 778.000000 0.166512 0.113334 0.637995 16.677146
 779.000000 0.193931 0.108433 0.632017 16.133939
 780.000000 0.168368 0.118666 0.629967 17.467208
 781.000000 0.180744 0.115067 0.627585 17.698666
 782.000000 0.168660 0.115063 0.632722 16.722559
 783.000000 0.165417 0.108131 0.629959 17.179108
 784.000000 0.180033 0.109820 0.628476 15.771814
 785.000000 0.189334 0.134302 0.630684 17.101289
 786.000000 0.181080 0.108039 0.625241 17.246480
 787.000000 0.192206 0.110199 0.631683 17.288926
 788.000000 0.193149 0.122628 0.634325 17.073197
 789.000000 0.227341 0.144196 0.636444 16.373245
 790.000000 0.202753 0.133281 0.635126 17.344502
 791.000000 0.225507 0.127630 0.626921 16.680045
 792.000000 0.231422 0.142213 0.625597 17.300362
 793.000000 0.214171 0.140425 0.639466 16.419904
 794.000000 0.203380 0.125253 0.637848 16.732067
 795.000000 0.237299 0.127784 0.624187 17.497040
 796.000000 0.220184 0.115033 0.631092 17.425229
 797.000000 0.233871 0.117314 0.621722 17.307291
 798.000000 0.208868 0.111241 0.631536 17.312138
 799.000000 0.189245 0.139378 0.630819 16.410255
 800.000000 0.213634 0.123167 0.630836 15.977920
 801.000000 0.177031 0.151254 0.631414 16.448858
 802.000000 0.176442 0.151923 0.634628 17.693460
 803.000000 0.174005 0.134056 0.631187 16.949555
 804.000000 0.217474 0.132180 0.630276 16.653285
 805.000000 0.197154 0.151247 0.635449 17.263809
 806.000000 0.212631 0.142611 0.642108 16.447570
 807.000000 0.211077 0.128644 0.631696 16.694034
 808.000000 0.250460 0.133074 0.623465 17.947654
 809.000000 0.222278 0.116628 0.630331 17.120948
 810.000000 0.227622 0.125801 0.625768 17.079661
 811.000000 0.212775 0.115271 0.628831 16.709652
 812.000000 0.219902 0.122680 0.622112 16.676542
 813.000000 0.235829 0.125546 0.633412 15.996295
 814.000000 0.193154 0.126820 0.628818 17.492241
 815.000000 0.228627 0.136279 0.632824 16.630833
 816.000000 0.210526 0.124693 0.630338 17.144018
 817.000000 0.232329 0.134607 0.626134 16.921249
 818.000000 0.226758 0.138110 0.630803 17.637747
 819.000000 0.225991 0.123281 0.630076 16.988923
 820.000000 0.219947 0.134271 0.622896 16.834548
 821.000000 0.223312 0.122884 0.631432 16.773568
 822.000000 0.192791 0.125283 0.631745 16.922394
 823.000000 0.202856 0.108230 0.625983 17.454136
 824.000000 0.233148 0.104709 0.621017 17.318240
 825.000000 0.205386 0.127812 0.632570 16.882795
 826.000000 0.226889 0.124284 0.627620 16.398943
 827.000000 0.199566 0.121907 0.629368 17.141793
 828.000000 0.192533 0.111254 0.626825 17.055668
 829.000000 0.230031 0.126538 0.627996 16.342598
 830.000000 0.207089 0.107958 0.630263 16.993678
 831.000000 0.199724 0.125651 0.636994 16.718935
 832.000000 0.237078 0.112107 0.631998 17.736630
 833.000000 0.226710 0.134123 0.631928 17.392218
 834.000000 0.205312 0.115340 0.631448 16.544243
 835.000000 0.216019 0.124310 0.641598 16.000375
 836.000000 0.231435 0.118759 0.629278 16.094226
 837.000000 0.207264 0.103183 0.622393 17.221883
 838.000000 0.238200 0.110550 0.627325 16.635388
 839.000000 0.186310 0.106805 0.623629 18.509011
 840.000000 0.207299 0.102532 0.621602 18.725536
 841.000000 0.191948 0.096762 0.617932 18.162432
 842.000000 0.190539 0.114331 0.628083 17.233723
 843.000000 0.192041 0.107378 0.626423 17.663577
 844.000000 0.184038 0.092899 0.629858 18.266272
 845.000000 0.193434 0.107641 0.624498 17.962852
 846.000000 0.160919 0.106980 0.630396 17.716770
 847.000000 0.172732 0.116095 0.622970 18.857525
 848.000000 0.182024 0.114747 0.629723 18.121938
 849.000000 0.169518 0.104617 0.633043 16.832807
 850.000000 0.183359 0.104341 0.624232 17.640316
 851.000000 0.191542 0.097764 0.619737 17.971895
 852.000000 0.182227 0.100864 0.630254 17.009345
 853.000000 0.212570 0.095294 0.621650 17.305853
 854.000000 0.188942 0.118628 0.627221 17.422493
 855.000000 0.188949 0.106866 0.632223 16.664555
 856.000000 0.208678 0.109085 0.626358 16.026266
 857.000000 0.237481 0.116574 0.627094 16.702495
 858.000000 0.235295 0.106209 0.624760 16.365167
 859.000000 0.253158 0.121711 0.626849 16.825968
 860.000000 0.234005 0.106863 0.627826 16.762067
 861.000000 0.250563 0.111204 0.632981 17.066691
 862.000000 0.251651 0.084628 0.626360 16.485745
 863.000000 0.270966 0.101311 0.622253 17.340867
 864.000000 0.248410 0.113487 0.623973 16.172091
 865.000000 0.275104 0.106273 0.618017 15.704498
 866.000000 0.248927 0.110999 0.624825 16.691080
 867.000000 0.233086 0.109894 0.632544 16.402926
 868.000000 0.220120 0.108240 0.631737 17.021231
 869.000000 0.222445 0.118880 0.629329 17.268846
 870.000000 0.255628 0.112628 0.632751 16.372125
 871.000000 0.225471 0.113130 0.631830 16.708304
 872.000000 0.211433 0.104682 0.635156 16.284699
 873.000000 0.207099 0.113884 0.625065 16.803052
 874.000000 0.229749 0.096311 0.618874 17.777393
 875.000000 0.220012 0.111245 0.627954 17.442013
 876.000000 0.178384 0.113445 0.636771 17.391946
 877.000000 0.238025 0.113498 0.634351 17.047310
 878.000000 0.250519 0.111752 0.639559 17.465041
 879.000000 0.218869 0.107875 0.633875 17.567433
 880.000000 0.236965 0.114997 0.638855 16.061098
 881.000000 0.240253 0.100671 0.637000 16.184817
 882.000000 0.258075 0.106872 0.626961 17.229888
 883.000000 0.250231 0.096857 0.635109 17.910883
 884.000000 0.208304 0.084722 0.634228 16.649870
 885.000000 0.253159 0.120987 0.639934 16.457506
 886.000000 0.214832 0.099712 0.641125 15.978717
 887.000000 0.254242 0.097867 0.638088 15.510128
 888.000000 0.217982 0.071058 0.630135 15.622374
 889.000000 0.217353 0.096009 0.625409 16.760930
 890.000000 0.235251 0.096483 0.632438 17.277832
 891.000000 0.247238 0.108009 0.637442 16.754456
 892.000000 0.223943 0.120191 0.644854 15.337432
 893.000000 0.223027 0.117688 0.636878 15.681725
 894.000000 0.246651 0.109856 0.630722 15.992457
 895.000000 0.251137 0.121002 0.634284 15.622814
 896.000000 0.233351 0.127434 0.639659 15.716496
 897.000000 0.181163 0.126805 0.637948 15.549517
 898.000000 0.172142 0.117041 0.633809 16.853682
 899.000000 0.155811 0.132966 0.641748 16.561210
 900.000000 0.187274 0.126624 0.646541 15.214824
 901.000000 0.192991 0.142647 0.647415 15.228950
 902.000000 0.167892 0.138046 0.639614 14.691017
 903.000000 0.182793 0.126627 0.641598 14.507499
 904.000000 0.177961 0.117416 0.644401 15.025811
 905.000000 0.185992 0.124468 0.642640 14.846302
 906.000000 0.154508 0.111958 0.638814 17.712058
 907.000000 0.170344 0.124329 0.653513 14.864948
 908.000000 0.205442 0.138476 0.641119 14.222097
 909.000000 0.185696 0.118669 0.636386 15.437990
 910.000000 0.167080 0.114555 0.628539 17.030535
 911.000000 0.177186 0.135164 0.637333 15.367261
 912.000000 0.186505 0.125619 0.633575 16.210662
 913.000000 0.171696 0.127712 0.640819 15.709003
 914.000000 0.196504 0.136150 0.633146 15.369172
 915.000000 0.172501 0.121565 0.634641 16.232171
 916.000000 0.198852 0.135739 0.649198 14.509336
 917.000000 0.163771 0.110715 0.641621 16.588314
 918.000000 0.169679 0.120268 0.642829 15.442508
 919.000000 0.181335 0.132787 0.631651 15.849901
 920.000000 0.224741 0.135726 0.633890 14.731346
 921.000000 0.197997 0.168625 0.647072 14.253055
 922.000000 0.190802 0.151368 0.642048 14.820664
 923.000000 0.231115 0.185185 0.656345 14.723044
 924.000000 0.189911 0.160537 0.643128 15.205321
 925.000000 0.238503 0.190650 0.649670 14.839100
 926.000000 0.276095 0.172657 0.644316 13.273077
 927.000000 0.249193 0.173894 0.647192 13.490786
 928.000000 0.271792 0.155490 0.643472 13.303708
 929.000000 0.289128 0.175988 0.660889 13.924067
 930.000000 0.293282 0.193601 0.660779 13.949452
 931.000000 0.274332 0.172613 0.662826 14.072431
 932.000000 0.295646 0.178199 0.663973 14.323006
 933.000000 0.279495 0.169639 0.660135 14.554595
 934.000000 0.295444 0.173754 0.655786 14.077955
 935.000000 0.274338 0.174812 0.649514 15.012183
 936.000000 0.264887 0.190038 0.659899 14.896975
 937.000000 0.249411 0.176403 0.654170 14.896044
 938.000000 0.240517 0.157727 0.650003 14.680822
 939.000000 0.244743 0.136841 0.645775 15.936284
 940.000000 0.252152 0.159883 0.637303 15.172883
 941.000000 0.251138 0.172456 0.649038 11.200399
 942.000000 0.295157 0.163096 0.644574 14.052981
 943.000000 0.313690 0.181040 0.653268 13.705404
 944.000000 0.285679 0.155283 0.652764 14.364765
 945.000000 0.308136 0.171271 0.654420 14.438619
 946.000000 0.294272 0.171168 0.653153 14.017508
 947.000000 0.290068 0.170182 0.666179 13.878679
 948.000000 0.269000 0.181011 0.661108 13.989270
 949.000000 0.305519 0.177294 0.656098 13.506477
 950.000000 0.259293 0.182783 0.661681 12.809085
 951.000000 0.268508 0.177354 0.651620 12.876074
 952.000000 0.258790 0.184307 0.657065 14.320289
 953.000000 0.263252 0.170246 0.655211 15.109734
 954.000000 0.283599 0.183224 0.658694 13.305133
 955.000000 0.299480 0.160747 0.652769 13.872462
 956.000000 0.307129 0.159576 0.647143 13.998459
 957.000000 0.299391 0.189497 0.655388 13.908707
 958.000000 0.288675 0.190930 0.651371 13.820274
 959.000000 0.302746 0.191930 0.653365 14.289552
 960.000000 0.295656 0.183245 0.642180 13.547998
 961.000000 0.263096 0.164576 0.644684 14.536652
 962.000000 0.292718 0.165989 0.656257 13.294608
 963.000000 0.331593 0.194593 0.663795 13.158009
 964.000000 0.295453 0.182314 0.652972 14.314101
 965.000000 0.321564 0.187803 0.653580 14.673270
 966.000000 0.254385 0.161246 0.640785 15.326575
 967.000000 0.238672 0.166385 0.650138 14.390501
 968.000000 0.231994 0.173992 0.659079 13.043924
 969.000000 0.284736 0.173324 0.654936 13.440400
 970.000000 0.284678 0.181220 0.648328 14.262189
 971.000000 0.248804 0.167437 0.648309 14.469113
 972.000000 0.301966 0.174047 0.654898 12.933300
 973.000000 0.292579 0.175722 0.642372 14.293693
 974.000000 0.240165 0.175929 0.650377 14.886515
 975.000000 0.286931 0.174819 0.656381 13.546159
 976.000000 0.256892 0.163363 0.651872 13.872667
 977.000000 0.300157 0.181043 0.650008 13.275369
 978.000000 0.260488 0.179502 0.653888 14.160668
 979.000000 0.237125 0.181665 0.653557 15.323267
 980.000000 0.258474 0.170962 0.656655 13.942108
 981.000000 0.276421 0.184223 0.656758 14.015282
 982.000000 0.262832 0.185407 0.650246 14.338328
 983.000000 0.277093 0.162866 0.646478 14.367529
 984.000000 0.276101 0.179678 0.653732 15.200131
 985.000000 0.341276 0.198119 0.655909 13.106265
 986.000000 0.291969 0.177273 0.656043 14.066262
 987.000000 0.322913 0.174609 0.641537 14.679542
 988.000000 0.333935 0.186119 0.650059 14.184634
 989.000000 0.312758 0.169288 0.647098 14.544069
 990.000000 0.320630 0.159205 0.641893 14.387437
 991.000000 0.322769 0.181850 0.642192 15.680142
 992.000000 0.327055 0.167642 0.637528 15.130195
 993.000000 0.321964 0.184166 0.659324 14.366408
 994.000000 0.291388 0.172958 0.655521 13.889298
 995.000000 0.272840 0.178614 0.651610 13.563194
 996.000000 0.301069 0.170270 0.642685 13.903363
 997.000000 0.250573 0.164511 0.644309 13.558850
 998.000000 0.275968 0.184569 0.653408 14.078180
 999.000000 0.260240 0.179586 0.652816 13.306649
 1000.000000 0.255861 0.188454 0.655111 14.059935
 1001.000000 0.263595 0.160459 0.639973 13.846453
 1002.000000 0.260049 0.162741 0.651868 13.850685
 1003.000000 0.297984 0.185026 0.660707 13.699099
 1004.000000 0.295664 0.165642 0.658097 14.070287
 1005.000000 0.324777 0.169314 0.659083 13.321968
 1006.000000 0.299749 0.168869 0.651323 13.445589
 1007.000000 0.277077 0.170287 0.661037 11.999713
 1008.000000 0.268548 0.163024 0.644823 12.044001
 1009.000000 0.269496 0.152536 0.640573 12.256075
 1010.000000 0.283340 0.171339 0.643104 12.820657
 1011.000000 0.284857 0.156147 0.644996 14.058486
 1012.000000 0.264740 0.180818 0.649157 13.972214
 1013.000000 0.298306 0.186290 0.655765 12.140814
 1014.000000 0.286097 0.173560 0.649674 13.261476
 1015.000000 0.272134 0.174018 0.652580 12.777307
 1016.000000 0.281742 0.166302 0.653753 13.879022
 1017.000000 0.295289 0.167372 0.655230 13.338470
 1018.000000 0.282406 0.166070 0.650519 13.506796
 1019.000000 0.321754 0.188973 0.650879 13.493800
 1020.000000 0.266476 0.175268 0.647700 13.520962
 1021.000000 0.275087 0.174083 0.646766 13.576136
 1022.000000 0.300246 0.170393 0.648519 12.861794
 1023.000000 0.257509 0.161944 0.640625 11.995323
 1024.000000 0.281433 0.178196 0.650697 13.449465
 1025.000000 0.281258 0.176343 0.650281 12.576534
 1026.000000 0.297397 0.180630 0.653914 13.055907
 1027.000000 0.314111 0.163114 0.639215 12.927699
 1028.000000 0.329412 0.170986 0.650175 12.624381
 1029.000000 0.287150 0.174002 0.650108 12.214245
 1030.000000 0.308430 0.182479 0.655194 11.462659
 1031.000000 0.328790 0.161997 0.642789 14.237710
 1032.000000 0.326283 0.165669 0.652556 13.324955
 1033.000000 0.287751 0.168583 0.648910 13.765453
 1034.000000 0.256085 0.162728 0.647220 12.456780
 1035.000000 0.319081 0.178786 0.662117 12.871008
 1036.000000 0.285558 0.178776 0.646103 12.818780
 1037.000000 0.316547 0.173966 0.655978 12.254778
 1038.000000 0.293117 0.189045 0.658868 12.386000
 1039.000000 0.298133 0.169385 0.643166 13.635618
 1040.000000 0.263604 0.171733 0.655895 13.347893
 1041.000000 0.250760 0.175677 0.651822 12.998326
 1042.000000 0.255870 0.167622 0.648543 14.010248
 1043.000000 0.284405 0.208115 0.654668 14.427867
 1044.000000 0.287789 0.178057 0.660963 14.858073
 1045.000000 0.259577 0.169027 0.648764 14.806151
 1046.000000 0.284937 0.166218 0.650185 14.091387
 1047.000000 0.262762 0.170677 0.650160 13.085236
 1048.000000 0.285891 0.178755 0.650550 13.979853
 1049.000000 0.271333 0.171949 0.649112 13.700387
 1050.000000 0.214288 0.171367 0.650870 13.931461
 1051.000000 0.258358 0.174521 0.654252 13.112717
 1052.000000 0.249146 0.180216 0.654958 14.284377
 1053.000000 0.250447 0.176000 0.649457 14.118135
 1054.000000 0.215558 0.179614 0.650301 13.856798
 1055.000000 0.247481 0.191434 0.649056 13.758427
 1056.000000 0.278246 0.186519 0.660835 14.981571
 1057.000000 0.259058 0.181533 0.657019 12.927516
 1058.000000 0.296034 0.160003 0.645302 14.670555
 1059.000000 0.354858 0.179511 0.646964 13.696200
 1060.000000 0.329384 0.174850 0.642475 14.547073
 1061.000000 0.330667 0.178798 0.647364 15.045748
 1062.000000 0.319270 0.180969 0.639153 15.153692
 1063.000000 0.269731 0.166318 0.635131 15.883964
 1064.000000 0.298971 0.174385 0.642601 14.326189
 1065.000000 0.329891 0.179802 0.653839 14.746646
 1066.000000 0.317512 0.180240 0.654134 14.087068
 1067.000000 0.318723 0.183209 0.653654 15.211721
 1068.000000 0.345049 0.169666 0.646397 14.271844
 1069.000000 0.320018 0.182922 0.647336 14.676606
 1070.000000 0.308251 0.163160 0.638268 14.115386
 1071.000000 0.333375 0.171626 0.650973 14.320764
 1072.000000 0.298692 0.165952 0.635982 14.224496
 1073.000000 0.284856 0.159880 0.646132 14.954680
 1074.000000 0.308523 0.168903 0.629876 15.101217
 1075.000000 0.295148 0.157169 0.632016 14.763856
 1076.000000 0.313341 0.169769 0.636040 14.627079
 1077.000000 0.320849 0.177008 0.643004 14.973690
 1078.000000 0.334481 0.164471 0.632841 14.490858
 1079.000000 0.334258 0.169256 0.632935 15.380043
 1080.000000 0.304277 0.156674 0.638265 14.522896
 1081.000000 0.332405 0.171298 0.645597 14.380229
 1082.000000 0.302949 0.167848 0.640197 15.714235
 1083.000000 0.268867 0.170284 0.640040 14.452338
 1084.000000 0.230218 0.164120 0.635769 13.971686
 1085.000000 0.262480 0.170117 0.646867 13.426361
 1086.000000 0.240091 0.161823 0.640215 13.069159
 1087.000000 0.254194 0.161782 0.657270 13.127455
 1088.000000 0.280608 0.178708 0.653128 14.370415
 1089.000000 0.231982 0.163746 0.653015 13.804258
 1090.000000 0.225040 0.170308 0.645884 13.778161
 1091.000000 0.252072 0.181696 0.646559 15.189912
 1092.000000 0.231390 0.175233 0.641442 15.603300
 1093.000000 0.237698 0.157711 0.640859 14.654511
 1094.000000 0.224681 0.165930 0.653530 13.401501
 1095.000000 0.248276 0.168381 0.647616 13.954433
 1096.000000 0.285866 0.158046 0.639553 12.974028
 1097.000000 0.245129 0.164467 0.644116 12.785283
 1098.000000 0.258016 0.177410 0.642638 12.812414
 1099.000000 0.290657 0.174884 0.655720 14.712701
 1100.000000 0.290445 0.164977 0.644470 13.395612
 1101.000000 0.254716 0.156959 0.646573 13.054434
 1102.000000 0.263854 0.150121 0.648008 13.437644
 1103.000000 0.289260 0.163736 0.646975 12.933521
 1104.000000 0.301848 0.174720 0.659735 12.873431
 1105.000000 0.307364 0.165492 0.647074 13.231363
 1106.000000 0.294616 0.173486 0.647377 13.766024
 1107.000000 0.306597 0.177697 0.644863 13.692075
 1108.000000 0.353528 0.174545 0.654887 12.313160
 1109.000000 0.349976 0.183046 0.655998 12.724372
 1110.000000 0.302794 0.176623 0.650518 14.125075
 1111.000000 0.310532 0.159050 0.655170 12.285988
 1112.000000 0.315602 0.160910 0.646596 13.745687
 1113.000000 0.279271 0.164302 0.650457 13.644602
 1114.000000 0.321158 0.161064 0.648020 13.305742
 1115.000000 0.319952 0.179213 0.653698 13.885054
 1116.000000 0.301504 0.182663 0.650704 13.319741
 1117.000000 0.292581 0.176465 0.648433 14.402830
 1118.000000 0.326470 0.178922 0.654870 12.675861
 1119.000000 0.314259 0.194143 0.657860 12.264537
 1120.000000 0.301605 0.175613 0.656282 14.303955
 1121.000000 0.327983 0.184032 0.651374 12.246251
 1122.000000 0.304403 0.194450 0.653653 12.199335
 1123.000000 0.311825 0.179090 0.654751 13.551889
 1124.000000 0.309318 0.190328 0.663710 13.090967
 1125.000000 0.300629 0.161403 0.653021 14.200184
 1126.000000 0.301283 0.181210 0.655357 12.667412
 1127.000000 0.321229 0.174984 0.644312 14.193129
 1128.000000 0.324123 0.174810 0.652072 11.723448
 1129.000000 0.342906 0.168207 0.640814 13.586493
 1130.000000 0.364434 0.164056 0.644693 14.242749
 1131.000000 0.376161 0.163516 0.643916 14.217394
 1132.000000 0.344478 0.162526 0.642702 15.242380
 1133.000000 0.359239 0.155471 0.638236 14.220787
 1134.000000 0.345222 0.162540 0.638242 13.805730
 1135.000000 0.337494 0.161045 0.644581 14.667879
 1136.000000 0.356300 0.161784 0.643729 14.531355
 1137.000000 0.346675 0.165948 0.648814 14.791775
 1138.000000 0.361869 0.167052 0.648704 14.124230
 1139.000000 0.354881 0.165490 0.646483 14.450314
 1140.000000 0.354949 0.174450 0.645574 14.476048
 1141.000000 0.346848 0.171744 0.646209 15.056491
 1142.000000 0.375160 0.171808 0.638489 14.887747
 1143.000000 0.349148 0.149127 0.638103 14.795006
 1144.000000 0.349851 0.172333 0.647377 15.128224
 1145.000000 0.377274 0.176186 0.645561 14.033748
 1146.000000 0.387070 0.186198 0.648854 14.027671
 1147.000000 0.356690 0.179369 0.644907 14.363714
 1148.000000 0.342599 0.181677 0.654684 14.120950
 1149.000000 0.344112 0.174876 0.651650 13.192285
 1150.000000 0.366399 0.171297 0.647093 15.952171
 1151.000000 0.324360 0.169014 0.648057 14.814446
 1152.000000 0.314805 0.168766 0.648959 13.945312
 1153.000000 0.368787 0.175717 0.646785 14.917348
 1154.000000 0.329069 0.173488 0.643458 15.192886
 1155.000000 0.332363 0.163969 0.643574 14.774935
 1156.000000 0.324060 0.184752 0.647546 14.580145
 1157.000000 0.298614 0.182182 0.641020 14.631306
 1158.000000 0.302830 0.169898 0.640903 14.365284
 1159.000000 0.307208 0.169045 0.650233 14.477518
 1160.000000 0.293662 0.161167 0.643270 15.000327
 1161.000000 0.300526 0.157688 0.641472 14.323970
 1162.000000 0.281224 0.150928 0.637634 15.299112
 1163.000000 0.317020 0.155616 0.636825 15.303430
 1164.000000 0.334157 0.158394 0.640667 14.057070
 1165.000000 0.320496 0.169064 0.645808 14.089028
 1166.000000 0.334816 0.151849 0.638499 15.229536
 1167.000000 0.321198 0.158904 0.634581 15.046828
 1168.000000 0.303446 0.156498 0.625392 15.515524
 1169.000000 0.305709 0.157056 0.633279 15.409078
 1170.000000 0.302977 0.166816 0.636463 15.363659
 1171.000000 0.310772 0.166510 0.638272 14.801316
 1172.000000 0.320420 0.167021 0.638069 14.267316
 1173.000000 0.316121 0.167011 0.640861 15.212289
 1174.000000 0.328440 0.187638 0.653881 14.365545
 1175.000000 0.321758 0.178399 0.647999 15.208898
 1176.000000 0.323318 0.166641 0.645675 14.898062
 1177.000000 0.299279 0.159784 0.641692 14.334896
 1178.000000 0.312068 0.180244 0.645955 14.498620
 1179.000000 0.340325 0.173997 0.647662 14.630104
 1180.000000 0.325889 0.187451 0.647349 14.275093
 1181.000000 0.312813 0.175972 0.640456 15.233285
 1182.000000 0.322360 0.166269 0.649284 14.989597
 1183.000000 0.315447 0.176147 0.632237 15.484395
 1184.000000 0.355251 0.161216 0.645828 15.213663
 1185.000000 0.368483 0.179920 0.653107 13.455208
 1186.000000 0.338299 0.169848 0.630164 15.102253
 1187.000000 0.318852 0.173738 0.641985 14.863683
 1188.000000 0.314490 0.172461 0.648991 14.952994
 1189.000000 0.307913 0.180890 0.644970 14.870074
 1190.000000 0.334944 0.178127 0.637667 14.581122
 1191.000000 0.280724 0.160899 0.638486 16.117634
 1192.000000 0.323199 0.174673 0.637096 15.667648
 1193.000000 0.318045 0.169714 0.640244 14.749654
 1194.000000 0.333629 0.154517 0.644218 15.398924
 1195.000000 0.315323 0.167687 0.650967 13.234630
 1196.000000 0.324190 0.175192 0.647949 14.160430
 1197.000000 0.302381 0.165781 0.650693 13.973391
 1198.000000 0.298404 0.196499 0.657236 13.685868
 1199.000000 0.285713 0.177024 0.655579 14.312074
 1200.000000 0.312367 0.175372 0.656895 13.409841
 1201.000000 0.249885 0.171443 0.656483 13.880518
 1202.000000 0.298059 0.186851 0.659304 13.960101
 1203.000000 0.316647 0.182781 0.658617 11.763070
 1204.000000 0.307585 0.182040 0.661114 13.329034
 1205.000000 0.318295 0.192199 0.658442 14.107009
 1206.000000 0.253619 0.166198 0.655094 13.836826
 1207.000000 0.285906 0.178213 0.652419 15.779916
 1208.000000 0.323353 0.171461 0.655489 13.964347
 1209.000000 0.312799 0.166222 0.651954 14.497483
 1210.000000 0.389560 0.168928 0.656543 13.732727
 1211.000000 0.291933 0.162991 0.648030 14.308811
 1212.000000 0.295106 0.162072 0.642099 14.746068
 1213.000000 0.310846 0.184188 0.648969 13.308198
 1214.000000 0.300624 0.169855 0.650194 13.518688
 1215.000000 0.292371 0.190489 0.654462 13.585157
 1216.000000 0.331323 0.172746 0.655339 13.374284
 1217.000000 0.331759 0.179500 0.656109 13.865314
 1218.000000 0.334039 0.185185 0.657048 14.013680
 1219.000000 0.327197 0.186192 0.654367 13.769344
 1220.000000 0.326357 0.161949 0.651676 13.576667
 1221.000000 0.324371 0.178703 0.647623 13.654847
 1222.000000 0.318830 0.166132 0.644338 14.463269
 1223.000000 0.335556 0.170256 0.654480 12.982116
 1224.000000 0.329792 0.166704 0.647849 14.024803
 1225.000000 0.328204 0.185806 0.668741 13.160793
 1226.000000 0.349503 0.179204 0.658759 12.794039
 1227.000000 0.328919 0.186133 0.647681 13.865532
 1228.000000 0.320667 0.177596 0.662410 13.182081
 1229.000000 0.327672 0.172640 0.658381 13.398308
 1230.000000 0.282720 0.182988 0.648142 14.253978
 1231.000000 0.324689 0.155892 0.645793 13.747470
 1232.000000 0.287014 0.168104 0.645638 14.299318
 1233.000000 0.274575 0.173073 0.644669 14.751622
 1234.000000 0.358090 0.154634 0.634937 13.572783
 1235.000000 0.337126 0.171826 0.645668 14.553137
 1236.000000 0.296393 0.169580 0.651554 15.158157
 1237.000000 0.275157 0.170248 0.647527 14.246865
 1238.000000 0.291485 0.164205 0.640339 14.507576
 1239.000000 0.316787 0.168704 0.644986 14.622535
 1240.000000 0.336778 0.157370 0.652123 13.761508
 1241.000000 0.344269 0.174206 0.647210 14.829334
 1242.000000 0.360008 0.173921 0.653902 13.586546
 1243.000000 0.324571 0.172635 0.647655 14.877129
 1244.000000 0.323876 0.162965 0.649314 14.927026
 1245.000000 0.326994 0.160675 0.646276 14.945419
 1246.000000 0.296214 0.166662 0.651013 14.623468
 1247.000000 0.340186 0.166880 0.641839 15.669808
 1248.000000 0.278763 0.184192 0.654891 14.305517
 1249.000000 0.303015 0.178800 0.644722 14.052515
 1250.000000 0.244994 0.166777 0.646484 14.728094
 1251.000000 0.230364 0.142958 0.635913 14.958956
 1252.000000 0.198911 0.127369 0.637037 15.836053
 1253.000000 0.282950 0.163220 0.647392 14.414840
 1254.000000 0.284355 0.178783 0.643518 14.768188
 1255.000000 0.317012 0.168207 0.639046 14.004194
 1256.000000 0.297271 0.167442 0.649055 15.426817
 1257.000000 0.316313 0.160262 0.647145 14.675854
 1258.000000 0.312814 0.167380 0.646793 14.760001
 1259.000000 0.323166 0.159650 0.643001 14.355536
 1260.000000 0.316598 0.156712 0.643179 14.926663
 1261.000000 0.322339 0.179375 0.646176 15.038210
 1262.000000 0.329084 0.176635 0.654490 14.777152
 1263.000000 0.291947 0.154244 0.635194 14.495273
 1264.000000 0.309331 0.171240 0.648034 15.619136
 1265.000000 0.307203 0.173027 0.646029 14.259454
 1266.000000 0.333074 0.170645 0.644277 13.154088
 1267.000000 0.321704 0.182881 0.644321 14.544978
 1268.000000 0.287119 0.180389 0.650182 14.735421
 1269.000000 0.310156 0.181938 0.647464 14.743051
 1270.000000 0.295888 0.181727 0.640905 14.082501
 1271.000000 0.274317 0.177396 0.645076 14.702695
 1272.000000 0.306072 0.185628 0.635533 15.044758
 1273.000000 0.309295 0.152716 0.635940 13.782432
 1274.000000 0.257359 0.134421 0.618165 15.089345
 1275.000000 0.258479 0.121033 0.629703 15.071631
 1276.000000 0.293240 0.153237 0.642713 14.557093
 1277.000000 0.263897 0.137112 0.624276 14.976407
 1278.000000 0.273110 0.150109 0.631398 14.418344
 1279.000000 0.280938 0.160282 0.623429 14.753831
 1280.000000 0.259819 0.137955 0.625190 14.479563
 1281.000000 0.293028 0.135879 0.633771 14.163951
 1282.000000 0.294878 0.139357 0.634947 14.062132
 1283.000000 0.237547 0.126222 0.633554 15.504454
 1284.000000 0.267751 0.144112 0.633718 15.150048
 1285.000000 0.285297 0.113653 0.626415 16.028432
 1286.000000 0.291785 0.134120 0.632008 14.848413
 1287.000000 0.277462 0.122289 0.625957 15.616668
 1288.000000 0.260253 0.125567 0.622239 15.393835
 1289.000000 0.279639 0.132509 0.638005 15.203216
 1290.000000 0.269511 0.143514 0.635407 15.181350
 1291.000000 0.279524 0.126810 0.629294 15.158279
 1292.000000 0.287796 0.168790 0.629371 16.271370
 1293.000000 0.325905 0.152885 0.639218 15.299380
 1294.000000 0.264419 0.159389 0.636485 15.968164
 1295.000000 0.368584 0.170239 0.644602 14.984232
 1296.000000 0.357602 0.173754 0.638464 14.870634
 1297.000000 0.296041 0.151138 0.639821 14.989198
 1298.000000 0.330784 0.163372 0.647811 14.237302
 1299.000000 0.309092 0.169941 0.654586 14.508272
 1300.000000 0.310192 0.179884 0.657749 14.857571
 1301.000000 0.313796 0.158179 0.646646 15.119921
 1302.000000 0.350127 0.159784 0.640072 14.322014
 1303.000000 0.317121 0.171767 0.649862 14.408608
 1304.000000 0.308009 0.153545 0.642081 15.174786
 1305.000000 0.298077 0.184039 0.650043 15.145525
 1306.000000 0.306015 0.152609 0.643510 15.771573
 1307.000000 0.320984 0.140298 0.645102 15.065422
 1308.000000 0.306343 0.159834 0.648365 14.719905
 1309.000000 0.329916 0.172327 0.652494 14.769983
 1310.000000 0.285882 0.158326 0.647138 15.441144
 1311.000000 0.312266 0.172398 0.648561 13.543938
 1312.000000 0.310294 0.172820 0.654306 14.072357
 1313.000000 0.267680 0.176990 0.637171 15.093065
 1314.000000 0.335971 0.181071 0.658063 13.596452
 1315.000000 0.293259 0.183145 0.647039 14.359534
 1316.000000 0.281927 0.178402 0.645553 14.166227
 1317.000000 0.306600 0.175520 0.636654 13.510117
 1318.000000 0.296220 0.165796 0.641775 14.461786
 1319.000000 0.340202 0.177441 0.645171 14.394781
 1320.000000 0.314569 0.171257 0.637861 13.940733
 1321.000000 0.326444 0.181814 0.642067 12.748523
 1322.000000 0.299511 0.174582 0.645347 13.977010
 1323.000000 0.287467 0.151399 0.651617 14.438412
 1324.000000 0.335212 0.172272 0.644877 14.020310
 1325.000000 0.296943 0.177784 0.656062 14.972828
 1326.000000 0.248062 0.148842 0.645177 15.490303
 1327.000000 0.258375 0.148288 0.637078 15.193055
 1328.000000 0.252355 0.149407 0.638879 14.808494
 1329.000000 0.337485 0.175365 0.648559 14.378477
 1330.000000 0.308881 0.167689 0.650992 14.332356
 1331.000000 0.281350 0.164271 0.634659 14.811145
 1332.000000 0.315997 0.173047 0.645422 14.221744
 1333.000000 0.333816 0.197458 0.650837 14.760425
 1334.000000 0.301706 0.185914 0.641288 14.585827
 1335.000000 0.354396 0.188576 0.653510 13.645673
 1336.000000 0.304518 0.173816 0.645168 14.594740
 1337.000000 0.349451 0.183448 0.647586 13.792899
 1338.000000 0.316682 0.184112 0.637305 15.652892
 1339.000000 0.278520 0.170158 0.643508 15.050831
 1340.000000 0.323983 0.188665 0.646869 13.807521
 1341.000000 0.307468 0.172065 0.632876 15.426482
 1342.000000 0.311831 0.203716 0.640010 15.027195
 1343.000000 0.338728 0.181733 0.638997 15.748984
 1344.000000 0.301814 0.187117 0.633778 15.473152
 1345.000000 0.316289 0.175860 0.634650 14.755371
 1346.000000 0.356115 0.186506 0.650958 14.096160
 1347.000000 0.322753 0.183394 0.637453 15.671106
 1348.000000 0.321799 0.188244 0.632946 14.976205
 1349.000000 0.369115 0.196794 0.638943 13.252108
 1350.000000 0.356731 0.212172 0.643468 13.798673
 1351.000000 0.347339 0.189228 0.632270 14.233959
 1352.000000 0.404756 0.184084 0.636277 13.905205
 1353.000000 0.291235 0.186258 0.631684 15.368019
 1354.000000 0.300687 0.176377 0.635940 15.618354
 1355.000000 0.334231 0.173890 0.631058 13.491615
 1356.000000 0.344172 0.183189 0.643458 14.516443
 1357.000000 0.359956 0.191745 0.640004 14.487773
 1358.000000 0.318166 0.189038 0.650089 14.718191
 1359.000000 0.329388 0.187045 0.653513 13.035662
 1360.000000 0.377253 0.175351 0.644968 14.191137
 1361.000000 0.303370 0.170972 0.646041 14.258621
 1362.000000 0.267281 0.173748 0.642458 15.404508
 1363.000000 0.269279 0.184874 0.646406 15.592291
 1364.000000 0.327033 0.181158 0.636946 14.653469
 1365.000000 0.322188 0.196789 0.649434 14.209771
 1366.000000 0.336828 0.175528 0.638199 13.970709
 1367.000000 0.299402 0.166715 0.639133 15.516110
 1368.000000 0.351856 0.183661 0.638418 14.546025
 1369.000000 0.312445 0.174849 0.641371 14.302449
 1370.000000 0.333325 0.181081 0.639943 14.342668
 1371.000000 0.387652 0.177955 0.642927 14.807073
 1372.000000 0.359109 0.183236 0.634792 14.504362
 1373.000000 0.362359 0.173243 0.632260 14.174407
 1374.000000 0.344395 0.169408 0.639712 14.201805
 1375.000000 0.392884 0.185893 0.628457 12.720067
 1376.000000 0.344163 0.188216 0.636191 14.767813
 1377.000000 0.310202 0.175090 0.639826 14.727371
 1378.000000 0.294512 0.164361 0.634914 15.330033
 1379.000000 0.380438 0.198225 0.650110 13.454970
 1380.000000 0.397502 0.179117 0.636500 13.896100
 1381.000000 0.348549 0.182341 0.647721 13.075002
 1382.000000 0.282936 0.167803 0.639112 14.910779
 1383.000000 0.316745 0.174816 0.648398 14.353702
 1384.000000 0.337903 0.178172 0.641015 14.161351
 1385.000000 0.325116 0.180961 0.644137 13.473717
 1386.000000 0.297219 0.169475 0.648708 15.116053
 1387.000000 0.311173 0.191617 0.635188 15.740236
 1388.000000 0.345440 0.191909 0.644072 15.323454
 1389.000000 0.318031 0.187968 0.631638 15.445350
 1390.000000 0.328433 0.180393 0.648120 14.160798
 1391.000000 0.325505 0.187701 0.637060 14.245537
 1392.000000 0.285856 0.184075 0.642616 14.920357
 1393.000000 0.314878 0.199678 0.645551 14.357758
 1394.000000 0.355871 0.183598 0.646430 14.719387
 1395.000000 0.287948 0.164486 0.638220 14.615298
 1396.000000 0.388252 0.208034 0.650567 14.470470
 1397.000000 0.350324 0.169457 0.637919 13.119582
 1398.000000 0.353915 0.184520 0.636928 14.392320
 1399.000000 0.345445 0.183318 0.639044 14.205410
 1400.000000 0.375996 0.187964 0.634147 14.313407
 1401.000000 0.390219 0.201829 0.637210 14.564540
 1402.000000 0.381496 0.187030 0.633833 14.037451
 1403.000000 0.368410 0.199977 0.644075 14.782956
 1404.000000 0.371541 0.198373 0.646947 15.134990
 1405.000000 0.345646 0.184333 0.636264 14.438814
 1406.000000 0.401326 0.227496 0.657344 13.824392
 1407.000000 0.341910 0.191548 0.656304 14.544969
 1408.000000 0.329495 0.184748 0.655129 14.335658
 1409.000000 0.347497 0.191454 0.642271 14.626498
 1410.000000 0.360769 0.193449 0.642895 14.299855
 1411.000000 0.327208 0.180473 0.631434 14.309958
 1412.000000 0.363452 0.187002 0.641859 14.433287
 1413.000000 0.369744 0.178102 0.635494 13.933835
 1414.000000 0.291422 0.163178 0.630202 15.863609
 1415.000000 0.276093 0.153966 0.626279 14.933339
 1416.000000 0.297994 0.153253 0.629569 15.327642
 1417.000000 0.325414 0.175347 0.630387 14.837738
 1418.000000 0.345041 0.176928 0.634162 14.628084
 1419.000000 0.291835 0.169829 0.627775 15.067309
 1420.000000 0.320108 0.174173 0.635251 14.448458
 1421.000000 0.306666 0.152044 0.635905 14.183004
 1422.000000 0.337134 0.180355 0.644815 14.968710
 1423.000000 0.335664 0.185641 0.641346 15.154602
 1424.000000 0.371972 0.206159 0.630706 14.639218
 1425.000000 0.335911 0.181607 0.634329 15.136499
 1426.000000 0.372120 0.188559 0.642034 13.675154
 1427.000000 0.358089 0.186300 0.633591 15.039699
 1428.000000 0.329853 0.183282 0.632358 14.828075
 1429.000000 0.295503 0.164345 0.628482 15.713471
 1430.000000 0.309122 0.172253 0.634956 15.778953
 1431.000000 0.325472 0.168488 0.631749 16.348555
 1432.000000 0.310040 0.158825 0.633517 15.737803
 1433.000000 0.332471 0.162154 0.630651 16.467717
 1434.000000 0.303244 0.160438 0.623821 15.438522
 1435.000000 0.310014 0.172166 0.628442 16.156555
 1436.000000 0.309765 0.159472 0.625051 16.166946
 1437.000000 0.314751 0.163618 0.625809 16.132038
 1438.000000 0.299692 0.175182 0.634104 16.902291
 1439.000000 0.327413 0.179235 0.633763 15.860465
 1440.000000 0.330054 0.171220 0.629222 16.037391
 1441.000000 0.320930 0.169479 0.637691 15.549436
 1442.000000 0.388196 0.180532 0.642004 14.343291
 1443.000000 0.372007 0.157760 0.632414 14.742852
 1444.000000 0.299701 0.185888 0.631879 16.301568
 1445.000000 0.336031 0.167235 0.642433 15.782252
 1446.000000 0.331894 0.182006 0.635875 16.821494
 1447.000000 0.330084 0.185097 0.638991 15.997028
 1448.000000 0.333808 0.160183 0.632946 15.447079
 1449.000000 0.333153 0.193461 0.630648 16.085588
 1450.000000 0.315254 0.187494 0.637264 15.236860
 1451.000000 0.342385 0.189955 0.636655 15.077881
 1452.000000 0.364903 0.200943 0.644635 15.731891
 1453.000000 0.301356 0.158576 0.629843 16.761305
 1454.000000 0.281545 0.158897 0.635031 16.771562
 1455.000000 0.327669 0.186204 0.640913 15.155170
 1456.000000 0.289740 0.187288 0.627890 15.998990
 1457.000000 0.284907 0.188067 0.636975 16.585151
 1458.000000 0.273805 0.175423 0.639090 16.242338
 1459.000000 0.290288 0.165045 0.621716 16.121335
 1460.000000 0.279773 0.159899 0.627469 16.750665
 1461.000000 0.267387 0.162054 0.622745 16.527207
 1462.000000 0.263693 0.159256 0.628902 15.774999
 1463.000000 0.315243 0.158549 0.622729 16.580182
 1464.000000 0.284173 0.158183 0.630080 16.139808
 1465.000000 0.309677 0.184633 0.639041 16.792397
 1466.000000 0.278819 0.153101 0.633911 16.039468
 1467.000000 0.275895 0.171315 0.629755 16.784083
 1468.000000 0.304560 0.172092 0.624959 15.726663
 1469.000000 0.330470 0.168618 0.631015 15.172811
 1470.000000 0.274864 0.164557 0.625305 15.243209
 1471.000000 0.275782 0.170157 0.624922 16.637448
 1472.000000 0.296966 0.170510 0.632756 15.846145
 1473.000000 0.283338 0.160616 0.629388 16.424941
 1474.000000 0.267416 0.163452 0.628770 16.282620
 1475.000000 0.328057 0.178634 0.637887 15.601069
 1476.000000 0.340506 0.185759 0.633228 15.919986
 1477.000000 0.324152 0.171527 0.625431 16.118902
 1478.000000 0.280402 0.145154 0.631511 15.894005
 1479.000000 0.263902 0.140137 0.621900 16.216571
 1480.000000 0.267861 0.134276 0.636357 16.127626
 1481.000000 0.246473 0.126187 0.634160 16.516770
 1482.000000 0.231466 0.133334 0.633957 17.283143
 1483.000000 0.231829 0.122379 0.638087 16.509336
 1484.000000 0.276986 0.123905 0.623999 16.630305
 1485.000000 0.251280 0.125117 0.625532 15.963977
 1486.000000 0.261902 0.123128 0.633923 16.860628
 1487.000000 0.214920 0.114188 0.627434 17.717392
 1488.000000 0.238441 0.122735 0.627255 16.862416
 1489.000000 0.240217 0.124489 0.625634 16.962514
 1490.000000 0.244672 0.123053 0.642915 16.054258
 1491.000000 0.245466 0.117741 0.628959 17.010246
 1492.000000 0.254157 0.157444 0.629329 17.016731
 1493.000000 0.232102 0.144987 0.628252 16.550570
 1494.000000 0.262701 0.131012 0.627913 16.979093
 1495.000000 0.283070 0.151388 0.634063 15.887064
 1496.000000 0.245987 0.144259 0.641085 16.428794
 1497.000000 0.274231 0.158975 0.639394 15.622973
 1498.000000 0.212827 0.129318 0.637179 16.291053
 1499.000000 0.284017 0.138461 0.635527 16.110720
 1500.000000 0.345277 0.160371 0.627300 15.638798
 1501.000000 0.293416 0.148311 0.624915 16.772118
 1502.000000 0.284507 0.154020 0.626213 17.207736
 1503.000000 0.287323 0.165589 0.628199 15.773374
 1504.000000 0.300507 0.173261 0.627239 15.476332
 1505.000000 0.343474 0.204132 0.638773 16.879548
 1506.000000 0.327453 0.197105 0.639719 17.564072
 1507.000000 0.275551 0.145650 0.626403 17.001010
 1508.000000 0.280624 0.152733 0.631192 16.332962
 1509.000000 0.337722 0.176486 0.638527 15.388176
 1510.000000 0.297050 0.166836 0.633690 15.010293
 1511.000000 0.317879 0.157661 0.630909 15.188379
 1512.000000 0.324273 0.174373 0.628203 15.200276
 1513.000000 0.268008 0.176412 0.625789 17.291190
 1514.000000 0.305036 0.169822 0.631075 15.010376
 1515.000000 0.295035 0.170975 0.632927 16.750268
 1516.000000 0.299173 0.169361 0.634452 15.331195
 1517.000000 0.360512 0.209098 0.659894 14.548330
 1518.000000 0.407813 0.196345 0.649839 13.336569
 1519.000000 0.363068 0.194798 0.648031 13.273176
 1520.000000 0.350552 0.180512 0.642896 12.863838
 1521.000000 0.302207 0.196263 0.646529 13.236583
 1522.000000 0.311013 0.180318 0.639937 13.207761
 1523.000000 0.348369 0.185967 0.650442 12.726215
 1524.000000 0.371483 0.174670 0.643763 14.102023
 1525.000000 0.334910 0.167549 0.637342 14.286951
 1526.000000 0.385332 0.176374 0.651319 12.363424
 1527.000000 0.351964 0.165863 0.644220 12.323107
 1528.000000 0.354034 0.158797 0.641329 13.986334
 1529.000000 0.331342 0.194719 0.641045 14.367356
 1530.000000 0.297559 0.177227 0.632532 14.359299
 1531.000000 0.328189 0.191274 0.634751 13.927305
 1532.000000 0.360880 0.192514 0.648130 13.609980
 1533.000000 0.387188 0.172535 0.642086 11.562451
 1534.000000 0.353182 0.176176 0.636490 13.527004
 1535.000000 0.322794 0.174540 0.626305 15.088343
 1536.000000 0.379838 0.166856 0.626926 13.750933
 1537.000000 0.362769 0.168260 0.637256 13.629892
 1538.000000 0.340808 0.167933 0.632576 13.497989
 1539.000000 0.314247 0.173692 0.635817 13.690671
 1540.000000 0.364183 0.169800 0.637905 13.655517
 1541.000000 0.397568 0.166382 0.630075 13.480124
 1542.000000 0.354915 0.165128 0.639825 14.106842
 1543.000000 0.427593 0.174175 0.640927 13.566781
 1544.000000 0.379447 0.171926 0.640638 12.851821
 1545.000000 0.327862 0.155476 0.632446 14.965823
 1546.000000 0.336607 0.166621 0.632435 14.055612
 1547.000000 0.356823 0.166206 0.634021 13.384679
 1548.000000 0.317142 0.176906 0.635327 13.806399
 1549.000000 0.347715 0.177506 0.642837 14.431320
 1550.000000 0.293258 0.168464 0.633459 13.686825
 1551.000000 0.340146 0.181455 0.645370 13.945099
 1552.000000 0.337511 0.168585 0.640809 14.388157
 1553.000000 0.297886 0.155505 0.638644 14.216877
 1554.000000 0.315994 0.164948 0.642537 13.877928
 1555.000000 0.331265 0.171200 0.639457 13.483496
 1556.000000 0.350905 0.167932 0.636227 14.571352
 1557.000000 0.383918 0.197074 0.660871 14.783802
 1558.000000 0.375216 0.199758 0.650585 14.156333
 1559.000000 0.342567 0.186828 0.644525 14.563581
 1560.000000 0.328926 0.177792 0.644666 14.086015
 1561.000000 0.368546 0.177511 0.647563 13.833453
 1562.000000 0.332025 0.163187 0.638174 13.907790
 1563.000000 0.346659 0.180482 0.636458 14.035896
 1564.000000 0.390236 0.198263 0.645947 13.887043
 1565.000000 0.365394 0.181375 0.645963 13.113677
 1566.000000 0.305720 0.194650 0.653049 13.851418
 1567.000000 0.329054 0.175659 0.644301 13.988430
 1568.000000 0.203143 0.188203 0.654584 15.022015
 1569.000000 0.309789 0.170017 0.642949 14.219048
 1570.000000 0.323554 0.187484 0.645236 12.452000
 1571.000000 0.395067 0.198982 0.655946 13.284885
 1572.000000 0.394728 0.204571 0.659102 12.994496
 1573.000000 0.340929 0.169289 0.655759 12.997268
 1574.000000 0.269857 0.162873 0.651361 13.634714
 1575.000000 0.272103 0.167466 0.640506 12.745266
 1576.000000 0.268763 0.175342 0.640603 14.098998
 1577.000000 0.303509 0.183703 0.645023 15.126381
 1578.000000 0.278184 0.150560 0.641834 15.215747
 1579.000000 0.237618 0.162627 0.638893 15.193480
 1580.000000 0.312534 0.191717 0.645697 14.499754
 1581.000000 0.324594 0.185212 0.637232 14.476709
 1582.000000 0.342015 0.172644 0.640817 14.705368
 1583.000000 0.335839 0.187227 0.639127 14.492591
 1584.000000 0.374903 0.205105 0.652005 14.221417
 1585.000000 0.335572 0.190603 0.644831 15.185390
 1586.000000 0.397725 0.210561 0.660680 12.960468
 1587.000000 0.378424 0.204080 0.650584 13.669559
 1588.000000 0.349429 0.205849 0.649011 14.460799
 1589.000000 0.287476 0.190957 0.645214 14.423555
 1590.000000 0.317893 0.185819 0.643378 15.198747
 1591.000000 0.304772 0.183085 0.647574 14.954370
 1592.000000 0.283229 0.191058 0.655228 15.654360
 1593.000000 0.289497 0.164502 0.646680 15.209281
 1594.000000 0.292156 0.170785 0.642843 14.582090
 1595.000000 0.327261 0.179078 0.646791 14.352578
 1596.000000 0.368132 0.188340 0.654286 14.847762
 1597.000000 0.316119 0.189132 0.643652 14.847344
 1598.000000 0.322817 0.165156 0.651036 14.750942
 1599.000000 0.342964 0.184983 0.641686 14.327288
 1600.000000 0.346421 0.176478 0.647509 14.362724
 1601.000000 0.334848 0.186724 0.642773 14.112596
 1602.000000 0.340625 0.197140 0.660415 13.388692
 1603.000000 0.325675 0.180054 0.644142 13.433248
 1604.000000 0.283639 0.169746 0.642457 14.565856
 1605.000000 0.327824 0.188979 0.645533 13.352600
 1606.000000 0.333100 0.198436 0.652315 14.105186
 1607.000000 0.369985 0.196319 0.646101 13.850471
 1608.000000 0.382863 0.210823 0.648202 13.728784
 1609.000000 0.374564 0.206297 0.655770 13.724674
 1610.000000 0.351073 0.191895 0.652811 14.641747
 1611.000000 0.356899 0.202844 0.647206 14.321225
 1612.000000 0.295954 0.198385 0.650561 14.489311
 1613.000000 0.293726 0.182744 0.643403 15.796213
 1614.000000 0.302335 0.173477 0.636812 14.217676
 1615.000000 0.326725 0.189929 0.641626 13.967170
 1616.000000 0.297742 0.169780 0.645112 14.985295
 1617.000000 0.308690 0.190900 0.652571 14.517813
 1618.000000 0.315131 0.175907 0.654019 14.378471
 1619.000000 0.312787 0.177969 0.652958 14.396730
 1620.000000 0.351002 0.200788 0.657802 13.616581
 1621.000000 0.408559 0.188710 0.651974 13.552458
 1622.000000 0.396895 0.203225 0.651387 13.583593
 1623.000000 0.382536 0.215931 0.651322 14.581221
 1624.000000 0.364331 0.196421 0.647912 15.586880
 1625.000000 0.378960 0.216978 0.660702 14.100800
 1626.000000 0.298389 0.209132 0.652134 14.539815
 1627.000000 0.390125 0.231876 0.671399 13.710236
 1628.000000 0.350190 0.199646 0.660061 14.744666
 1629.000000 0.344569 0.183866 0.654231 13.362195
 1630.000000 0.341016 0.207718 0.665608 13.365033
 1631.000000 0.365036 0.205381 0.661764 14.617751
 1632.000000 0.309645 0.187451 0.649231 14.929643
 1633.000000 0.341033 0.206545 0.659553 14.278627
 1634.000000 0.283625 0.206130 0.653583 13.117670
 1635.000000 0.356817 0.215697 0.660486 14.446131
 1636.000000 0.351411 0.193389 0.654530 14.030348
 1637.000000 0.357792 0.206080 0.655539 14.409009
 1638.000000 0.336291 0.188712 0.642130 15.226740
 1639.000000 0.338795 0.217589 0.655834 14.856902
 1640.000000 0.331051 0.197829 0.640118 16.431779
 1641.000000 0.356572 0.187468 0.643019 15.769770
 1642.000000 0.358516 0.209074 0.644642 16.287144
 1643.000000 0.362156 0.218443 0.642980 16.222894
 1644.000000 0.369326 0.230101 0.647224 16.766608
 1645.000000 0.389263 0.232265 0.644042 17.112574
