#! FIELDS time rho rmsd Rg c
 0.000000 0.296388 0.080214 0.637529 15.572805
 1.000000 0.320673 0.086745 0.629579 15.698601
 2.000000 0.331957 0.094189 0.627152 15.796021
 3.000000 0.305415 0.078260 0.624399 16.816219
 4.000000 0.319414 0.087498 0.642390 15.408778
 5.000000 0.313126 0.083095 0.636452 15.925735
 6.000000 0.327868 0.088698 0.632830 15.611523
 7.000000 0.313845 0.083792 0.623622 16.371624
 8.000000 0.346043 0.089549 0.625952 15.855463
 9.000000 0.317299 0.083864 0.617680 16.244846
 10.000000 0.331859 0.093539 0.625752 15.582598
 11.000000 0.299426 0.092737 0.632865 15.419190
 12.000000 0.319834 0.091793 0.627590 16.037001
 13.000000 0.283810 0.086180 0.627328 16.344023
 14.000000 0.343959 0.095661 0.631699 15.436849
 15.000000 0.349130 0.087007 0.628094 14.916766
 16.000000 0.324298 0.088786 0.626151 16.160675
 17.000000 0.322492 0.087907 0.628026 16.437864
 18.000000 0.326506 0.078914 0.629619 15.915198
 19.000000 0.301138 0.089335 0.628784 16.686424
 20.000000 0.324926 0.080134 0.633649 15.377722
 21.000000 0.318693 0.081197 0.632336 15.736817
 22.000000 0.312427 0.074720 0.634952 15.602075
 23.000000 0.315426 0.078268 0.635537 16.053563
 24.000000 0.295503 0.084532 0.634921 16.858367
 25.000000 0.315801 0.080708 0.630584 16.332496
 26.000000 0.328482 0.089099 0.636656 15.030624
 27.000000 0.311809 0.076835 0.642009 15.631216
 28.000000 0.316668 0.085222 0.635410 15.048316
 29.000000 0.281021 0.080864 0.632922 14.714013
 30.000000 0.305512 0.101226 0.642747 14.747119
 31.000000 0.354725 0.081699 0.630819 13.908277
 32.000000 0.319541 0.081599 0.636265 15.101780
 33.000000 0.353439 0.099719 0.651819 13.695989
 34.000000 0.337264 0.099799 0.639735 13.592835
 35.000000 0.307570 0.072369 0.643472 14.518363
 36.000000 0.326846 0.098725 0.634276 13.507114
 37.000000 0.334689 0.086850 0.639123 14.468521
 38.000000 0.290757 0.078760 0.634842 13.752316
 39.000000 0.325632 0.097973 0.628576 13.669103
 40.000000 0.309828 0.081568 0.626176 14.485785
 41.000000 0.302750 0.097846 0.631601 14.194444
 42.000000 0.355617 0.100822 0.630118 15.263776
 43.000000 0.315997 0.086660 0.634756 15.349058
 44.000000 0.307057 0.089014 0.629702 14.161315
 45.000000 0.298505 0.084892 0.636038 14.384458
 46.000000 0.327451 0.086738 0.635830 13.914075
 47.000000 0.321176 0.090361 0.625192 15.068655
 48.000000 0.335490 0.089617 0.628423 14.618741
 49.000000 0.361840 0.111142 0.645641 14.608723
 50.000000 0.361469 0.107459 0.653981 14.218426
 51.000000 0.365537 0.124424 0.655040 13.786466
 52.000000 0.356937 0.112290 0.641887 14.667670
 53.000000 0.381703 0.118898 0.639585 13.947692
 54.000000 0.339995 0.110155 0.637538 13.646874
 55.000000 0.375815 0.129607 0.652193 13.432051
 56.000000 0.347633 0.131230 0.649042 14.393926
 57.000000 0.356669 0.139441 0.639029 14.325948
 58.000000 0.378980 0.112616 0.639020 13.616811
 59.000000 0.358346 0.128397 0.662514 13.407118
 60.000000 0.361722 0.115562 0.648320 13.988489
 61.000000 0.411886 0.123114 0.653457 13.090665
 62.000000 0.307070 0.102486 0.647699 14.347447
 63.000000 0.350876 0.099995 0.635622 14.865093
 64.000000 0.352362 0.109108 0.650381 14.780910
 65.000000 0.353959 0.108838 0.644572 14.345828
 66.000000 0.330946 0.123944 0.638965 15.172723
 67.000000 0.308102 0.090795 0.646621 14.359786
 68.000000 0.311653 0.090632 0.630741 16.946357
 69.000000 0.330434 0.092208 0.631539 15.882507
 70.000000 0.306273 0.082201 0.636420 15.072498
 71.000000 0.331015 0.098050 0.648732 15.304389
 72.000000 0.295075 0.095425 0.638215 15.239658
 73.000000 0.321114 0.099914 0.651274 14.865376
 74.000000 0.286621 0.090957 0.634526 15.547435
 75.000000 0.311898 0.087636 0.639187 15.207125
 76.000000 0.294561 0.089473 0.649800 16.402763
 77.000000 0.284003 0.093659 0.640727 16.244592
 78.000000 0.276582 0.078170 0.629699 16.396229
 79.000000 0.364768 0.091768 0.642359 14.254768
 80.000000 0.296052 0.100346 0.641429 14.856840
 81.000000 0.291221 0.082266 0.649405 15.463215
 82.000000 0.266995 0.103015 0.641874 15.289871
 83.000000 0.276200 0.092142 0.635088 16.147904
 84.000000 0.294603 0.090534 0.645559 15.259346
 85.000000 0.323754 0.105781 0.647365 14.332267
 86.000000 0.333683 0.090470 0.640159 14.012711
 87.000000 0.305001 0.108544 0.645580 15.255272
 88.000000 0.346935 0.099578 0.642794 13.848130
 89.000000 0.338202 0.088401 0.636307 14.989030
 90.000000 0.314356 0.095428 0.641526 15.175336
 91.000000 0.314391 0.080669 0.636956 15.470019
 92.000000 0.293537 0.092607 0.638571 16.009463
 93.000000 0.287805 0.119118 0.653451 13.601350
 94.000000 0.322380 0.120837 0.655286 13.422433
 95.000000 0.303080 0.101088 0.641962 15.565721
 96.000000 0.308157 0.093833 0.647286 15.716358
 97.000000 0.295821 0.098303 0.647116 14.954320
 98.000000 0.297876 0.109319 0.649298 15.000366
 99.000000 0.281272 0.100911 0.642407 15.532616
 100.000000 0.305225 0.097795 0.640082 16.117503
 101.000000 0.322470 0.093408 0.642212 14.809375
 102.000000 0.321673 0.086409 0.632358 15.149906
 103.000000 0.342640 0.080713 0.628245 15.879377
 104.000000 0.316972 0.102139 0.641842 15.058311
 105.000000 0.290990 0.100609 0.638998 15.435509
 106.000000 0.262260 0.098891 0.636297 16.105784
 107.000000 0.307458 0.098777 0.630148 15.540986
 108.000000 0.302758 0.089039 0.633114 16.305166
 109.000000 0.322534 0.101424 0.648151 14.994848
 110.000000 0.293356 0.118185 0.640626 15.316670
 111.000000 0.314303 0.112172 0.639566 14.314641
 112.000000 0.279251 0.086779 0.631234 16.025552
 113.000000 0.327722 0.093331 0.639944 14.797862
 114.000000 0.333838 0.092856 0.639472 14.582649
 115.000000 0.306661 0.091288 0.638791 14.620400
 116.000000 0.338871 0.080007 0.633815 13.507502
 117.000000 0.308112 0.078855 0.637826 14.501441
 118.000000 0.323648 0.086158 0.634389 15.296612
 119.000000 0.339025 0.087643 0.633757 14.149810
 120.000000 0.350315 0.085271 0.640454 13.980046
 121.000000 0.330760 0.075930 0.636275 13.709511
 122.000000 0.322106 0.090856 0.641559 13.189527
 123.000000 0.330940 0.082339 0.635141 13.998067
 124.000000 0.310487 0.086309 0.639913 14.210305
 125.000000 0.302235 0.100425 0.642895 14.135593
 126.000000 0.333553 0.098949 0.641838 14.215804
 127.000000 0.319729 0.092431 0.633549 14.970038
 128.000000 0.304905 0.100550 0.639700 15.386878
 129.000000 0.295312 0.107054 0.641123 15.699483
 130.000000 0.318547 0.094946 0.640180 15.359199
 131.000000 0.304109 0.093293 0.644577 15.153910
 132.000000 0.316787 0.097002 0.643780 15.365783
 133.000000 0.327656 0.122024 0.640766 14.455191
 134.000000 0.310130 0.087798 0.641852 16.035975
 135.000000 0.348524 0.090836 0.645768 15.663174
 136.000000 0.329009 0.094177 0.648976 15.557645
 137.000000 0.309013 0.081357 0.647053 14.675895
 138.000000 0.366281 0.082430 0.640022 15.302836
 139.000000 0.329756 0.080829 0.645840 14.482874
 140.000000 0.322903 0.084249 0.632338 16.287068
 141.000000 0.266172 0.075032 0.636936 15.857099
 142.000000 0.294537 0.103516 0.637952 15.840134
 143.000000 0.333117 0.079033 0.635297 14.942410
 144.000000 0.305359 0.078597 0.622426 16.951801
 145.000000 0.343357 0.084600 0.637846 15.318313
 146.000000 0.340356 0.084176 0.626356 17.227013
 147.000000 0.345879 0.094242 0.636977 15.165139
 148.000000 0.326636 0.098041 0.639934 15.583745
 149.000000 0.326286 0.087030 0.641475 15.800426
 150.000000 0.307245 0.097906 0.636745 15.325151
 151.000000 0.333170 0.100431 0.635130 14.921219
 152.000000 0.326838 0.092989 0.630597 15.121879
 153.000000 0.329589 0.099707 0.636628 14.537690
 154.000000 0.316416 0.109790 0.642000 14.532728
 155.000000 0.341057 0.107318 0.637240 14.495111
 156.000000 0.276470 0.107409 0.628654 15.876609
 157.000000 0.277935 0.107108 0.622285 16.686055
 158.000000 0.314175 0.087824 0.634763 15.165006
 159.000000 0.323067 0.106452 0.626147 15.464484
 160.000000 0.312064 0.104817 0.631063 15.312846
 161.000000 0.339568 0.097705 0.625142 15.307724
 162.000000 0.302604 0.089887 0.635048 15.749762
 163.000000 0.277284 0.091132 0.627484 16.030709
 164.000000 0.295794 0.094007 0.624262 16.576661
 165.000000 0.287359 0.106622 0.624950 15.916858
 166.000000 0.309081 0.095098 0.629883 15.885642
 167.000000 0.270539 0.093477 0.623399 16.828103
 168.000000 0.285840 0.087813 0.633664 15.963522
 169.000000 0.267919 0.094385 0.633413 16.045993
 170.000000 0.292428 0.095289 0.629209 16.205440
 171.000000 0.300515 0.091746 0.634118 15.553872
 172.000000 0.290306 0.093749 0.629384 16.503060
 173.000000 0.270437 0.098867 0.633811 16.513712
 174.000000 0.309137 0.094402 0.633408 15.334646
 175.000000 0.295598 0.111855 0.631416 15.492264
 176.000000 0.293061 0.088459 0.628980 16.254039
 177.000000 0.291607 0.102249 0.635180 15.764357
 178.000000 0.286513 0.099658 0.642053 15.662448
 179.000000 0.280129 0.086340 0.634571 15.460082
 180.000000 0.318435 0.091694 0.639935 14.887014
 181.000000 0.305476 0.093338 0.630375 16.073764
 182.000000 0.287600 0.087215 0.628656 15.275489
 183.000000 0.282909 0.095270 0.626657 16.095485
 184.000000 0.290906 0.104070 0.631650 15.658640
 185.000000 0.293214 0.081366 0.626438 15.715777
 186.000000 0.283926 0.094667 0.630122 16.342341
 187.000000 0.308257 0.097899 0.632335 14.820339
 188.000000 0.293223 0.086334 0.631434 16.472536
 189.000000 0.322061 0.093993 0.645494 13.869074
 190.000000 0.322805 0.111423 0.646457 14.592605
 191.000000 0.341959 0.101441 0.642924 14.286759
 192.000000 0.358052 0.082164 0.635838 15.220598
 193.000000 0.326642 0.103818 0.635761 15.509331
 194.000000 0.303998 0.080919 0.625195 16.056490
 195.000000 0.311938 0.100898 0.633975 14.994602
 196.000000 0.278173 0.090394 0.630220 16.085667
 197.000000 0.311526 0.092379 0.632655 15.654947
 198.000000 0.319085 0.085924 0.636894 16.252777
 199.000000 0.329063 0.093720 0.631065 15.372949
 200.000000 0.369411 0.094903 0.629619 14.464811
 201.000000 0.315183 0.069621 0.635311 15.997933
 202.000000 0.299277 0.099784 0.633005 16.258349
 203.000000 0.299547 0.085624 0.631783 15.956826
 204.000000 0.321889 0.107572 0.630722 14.999278
 205.000000 0.292729 0.095872 0.632654 15.419731
 206.000000 0.365039 0.089418 0.630262 15.128382
 207.000000 0.310786 0.092540 0.638071 15.954242
 208.000000 0.333516 0.090274 0.629975 14.994201
 209.000000 0.313298 0.085896 0.627408 15.865412
 210.000000 0.284001 0.100270 0.630249 16.754772
 211.000000 0.354321 0.116109 0.634891 14.758716
 212.000000 0.293007 0.100350 0.636321 15.488911
 213.000000 0.322458 0.090047 0.632794 14.350747
 214.000000 0.360828 0.085031 0.633040 14.955667
 215.000000 0.336645 0.088854 0.631156 15.463627
 216.000000 0.344403 0.100990 0.632257 15.866407
 217.000000 0.329530 0.098454 0.629429 15.395526
 218.000000 0.350108 0.089204 0.634075 13.997958
 219.000000 0.333128 0.070463 0.622136 15.809312
 220.000000 0.310803 0.093278 0.627968 15.656587
 221.000000 0.331388 0.076555 0.622382 16.054652
 222.000000 0.337724 0.083522 0.629774 14.872174
 223.000000 0.330938 0.085497 0.634654 14.938064
 224.000000 0.359419 0.074754 0.627511 14.610178
 225.000000 0.373002 0.082856 0.632125 14.882428
 226.000000 0.344235 0.072761 0.622109 14.570850
 227.000000 0.386660 0.076839 0.634591 13.645511
 228.000000 0.328934 0.067156 0.632729 14.110301
 229.000000 0.319574 0.093452 0.637055 14.310350
 230.000000 0.334638 0.059366 0.622343 13.800178
 231.000000 0.344049 0.066453 0.619572 14.105425
 232.000000 0.308156 0.070330 0.628853 14.933423
 233.000000 0.385129 0.072915 0.628862 13.161304
 234.000000 0.308553 0.077852 0.635461 14.590085
 235.000000 0.403873 0.097636 0.632001 13.037285
 236.000000 0.349883 0.090773 0.632866 13.589187
 237.000000 0.348340 0.068611 0.623216 13.816620
 238.000000 0.320188 0.068257 0.631974 15.016063
 239.000000 0.311951 0.080074 0.627476 15.283959
 240.000000 0.357894 0.079993 0.634786 13.687841
 241.000000 0.369764 0.073192 0.634316 14.455746
 242.000000 0.409870 0.097019 0.636956 13.189147
 243.000000 0.400214 0.101369 0.639739 13.225304
 244.000000 0.399276 0.103166 0.638456 14.285881
 245.000000 0.389671 0.088918 0.635077 13.028148
 246.000000 0.334113 0.079398 0.625629 14.597856
 247.000000 0.334600 0.066517 0.627044 15.155981
 248.000000 0.330460 0.088395 0.621356 14.791441
 249.000000 0.325803 0.074562 0.630672 14.273850
 250.000000 0.380165 0.088963 0.622673 14.024938
 251.000000 0.356270 0.058743 0.621630 14.243671
 252.000000 0.359882 0.063257 0.625714 14.312407
 253.000000 0.427693 0.068529 0.630289 12.530613
 254.000000 0.397940 0.057858 0.622228 13.340710
 255.000000 0.416773 0.059488 0.628048 13.610089
 256.000000 0.393801 0.060359 0.630072 13.074806
 257.000000 0.442395 0.080524 0.641687 12.616196
 258.000000 0.421137 0.085235 0.638884 13.156506
 259.000000 0.466982 0.089277 0.638812 12.704048
 260.000000 0.413844 0.078243 0.630383 14.029650
 261.000000 0.437175 0.084197 0.634435 13.309332
 262.000000 0.403697 0.092985 0.630116 12.979970
 263.000000 0.390184 0.086685 0.629602 12.804236
 264.000000 0.356354 0.076380 0.629981 13.846763
 265.000000 0.383226 0.078095 0.631192 13.715610
 266.000000 0.370432 0.076530 0.628232 13.394210
 267.000000 0.356162 0.078523 0.632926 13.403646
 268.000000 0.332762 0.061443 0.619869 13.853261
 269.000000 0.384845 0.069298 0.624878 13.439083
 270.000000 0.358766 0.078642 0.629340 13.691209
 271.000000 0.337070 0.057062 0.628506 13.832962
 272.000000 0.365316 0.054163 0.622476 14.001543
 273.000000 0.339694 0.066846 0.625357 14.487790
 274.000000 0.380606 0.050227 0.622736 14.089071
 275.000000 0.342024 0.054962 0.626100 14.834712
 276.000000 0.359371 0.057981 0.623429 14.213085
 277.000000 0.365644 0.073771 0.633303 13.788227
 278.000000 0.381384 0.072129 0.633462 13.878246
 279.000000 0.363625 0.065601 0.626718 14.226867
 280.000000 0.355187 0.052445 0.626741 13.939189
 281.000000 0.362441 0.057055 0.632616 13.476847
 282.000000 0.374250 0.052523 0.630076 13.321213
 283.000000 0.406411 0.055969 0.627640 13.017381
 284.000000 0.381487 0.044979 0.623430 13.629211
 285.000000 0.391914 0.053560 0.626716 14.068297
 286.000000 0.352306 0.060560 0.626387 14.334802
 287.000000 0.370162 0.067580 0.631614 13.476022
 288.000000 0.386957 0.070316 0.628015 13.693045
 289.000000 0.364850 0.068253 0.627711 14.281190
 290.000000 0.353043 0.069111 0.623074 15.359758
 291.000000 0.374262 0.084823 0.625207 14.758348
 292.000000 0.389556 0.080827 0.632527 14.471785
 293.000000 0.357400 0.068147 0.629379 13.311416
 294.000000 0.304609 0.104158 0.634857 15.168462
 295.000000 0.350172 0.086057 0.626614 14.616843
 296.000000 0.313740 0.066404 0.629930 14.610094
 297.000000 0.380680 0.077085 0.622767 13.733180
 298.000000 0.373124 0.069485 0.634223 13.770671
 299.000000 0.363640 0.070451 0.632984 13.146699
 300.000000 0.343866 0.065969 0.630347 14.056772
 301.000000 0.335446 0.063708 0.625110 14.479360
 302.000000 0.390679 0.067143 0.622101 13.581214
 303.000000 0.365827 0.059115 0.627453 13.922050
 304.000000 0.363509 0.059466 0.621021 13.941630
 305.000000 0.370228 0.068242 0.624004 13.261983
 306.000000 0.342710 0.075415 0.630409 13.696307
 307.000000 0.332122 0.064871 0.630432 14.322529
 308.000000 0.384093 0.078701 0.627863 12.950503
 309.000000 0.315000 0.055385 0.623771 14.712098
 310.000000 0.343633 0.061919 0.621364 14.048072
 311.000000 0.334578 0.064443 0.625276 14.893491
 312.000000 0.377976 0.097118 0.635607 14.049702
 313.000000 0.351209 0.079801 0.635246 13.981563
 314.000000 0.403378 0.082494 0.639434 13.178873
 315.000000 0.354499 0.073697 0.636618 13.692465
 316.000000 0.319870 0.068193 0.631807 14.121301
 317.000000 0.351688 0.083873 0.637886 14.435771
 318.000000 0.364687 0.087082 0.638036 14.168425
 319.000000 0.365871 0.099865 0.642222 13.436411
 320.000000 0.354363 0.100804 0.642149 13.360120
 321.000000 0.405851 0.112101 0.653319 12.457949
 322.000000 0.395955 0.101185 0.638903 13.242975
 323.000000 0.339818 0.093484 0.638344 13.414426
 324.000000 0.286593 0.102960 0.633244 14.370430
 325.000000 0.341803 0.054908 0.612669 15.169841
 326.000000 0.294608 0.054387 0.620417 16.006702
 327.000000 0.321838 0.057379 0.623050 15.044369
 328.000000 0.325117 0.061371 0.624938 15.076369
 329.000000 0.301779 0.061119 0.628527 16.010207
 330.000000 0.335110 0.064704 0.626294 15.279158
 331.000000 0.328706 0.055784 0.626057 15.465996
 332.000000 0.361796 0.062465 0.622399 15.506886
 333.000000 0.317045 0.063773 0.622343 14.982942
 334.000000 0.358226 0.077943 0.627576 13.842023
 335.000000 0.340453 0.114406 0.625997 14.369838
 336.000000 0.357916 0.095049 0.632108 13.820944
 337.000000 0.343727 0.108258 0.640343 14.429237
 338.000000 0.388153 0.106122 0.645618 13.439496
 339.000000 0.301653 0.095126 0.629201 13.934766
 340.000000 0.319214 0.091814 0.627206 14.176575
 341.000000 0.330687 0.078948 0.620410 14.882826
 342.000000 0.328636 0.080344 0.616514 14.991509
 343.000000 0.342887 0.087423 0.622234 14.908510
 344.000000 0.321522 0.061812 0.627482 14.340415
 345.000000 0.317027 0.074644 0.622707 14.697920
 346.000000 0.354628 0.078767 0.632411 13.873689
 347.000000 0.376792 0.074831 0.631949 13.879735
 348.000000 0.377294 0.065705 0.624293 13.914066
 349.000000 0.379518 0.090658 0.632929 14.236347
 350.000000 0.329984 0.074032 0.625509 14.739811
 351.000000 0.342939 0.079853 0.632795 15.611369
 352.000000 0.329729 0.103815 0.630975 15.392808
 353.000000 0.330061 0.087390 0.643075 14.773196
 354.000000 0.333747 0.072741 0.617769 15.743289
 355.000000 0.350208 0.063080 0.624500 14.608493
 356.000000 0.318519 0.068549 0.626626 15.016237
 357.000000 0.316815 0.071713 0.625795 15.464132
 358.000000 0.320281 0.058617 0.623791 15.478646
 359.000000 0.319507 0.062172 0.621552 14.843335
 360.000000 0.345582 0.088554 0.633465 14.125120
 361.000000 0.355843 0.075016 0.633193 13.243287
 362.000000 0.346671 0.077444 0.633841 13.369301
 363.000000 0.326776 0.084997 0.633658 13.965901
 364.000000 0.332005 0.094653 0.626565 14.073210
 365.000000 0.336715 0.084111 0.632787 14.344498
 366.000000 0.319208 0.085220 0.623867 14.750956
 367.000000 0.325630 0.100474 0.641771 14.174043
 368.000000 0.346100 0.075558 0.628748 14.480693
 369.000000 0.310167 0.091394 0.633532 15.073371
 370.000000 0.321672 0.083859 0.630804 14.675850
 371.000000 0.322160 0.085385 0.629790 14.760415
 372.000000 0.329100 0.102666 0.642640 14.284673
 373.000000 0.314543 0.080875 0.636210 13.694968
 374.000000 0.327211 0.083651 0.641402 14.449099
 375.000000 0.316280 0.083656 0.629329 14.567054
 376.000000 0.359178 0.090435 0.634601 14.085125
 377.000000 0.338096 0.094339 0.631650 14.081917
 378.000000 0.335872 0.085400 0.629583 14.853909
 379.000000 0.350521 0.084971 0.639222 14.561315
 380.000000 0.404911 0.095975 0.648913 12.923829
 381.000000 0.390378 0.086083 0.636506 13.888393
 382.000000 0.369458 0.081549 0.625862 15.672597
 383.000000 0.347052 0.085092 0.635695 13.860531
 384.000000 0.390566 0.085737 0.641655 12.065613
 385.000000 0.326636 0.088749 0.640360 13.389881
 386.000000 0.300572 0.105842 0.638836 13.952714
 387.000000 0.283559 0.085041 0.641407 13.480750
 388.000000 0.266194 0.062243 0.639190 13.600600
 389.000000 0.329137 0.067878 0.623763 13.269055
 390.000000 0.318341 0.073001 0.633832 13.307607
 391.000000 0.298242 0.070099 0.635696 13.672529
 392.000000 0.323225 0.084507 0.639535 13.769956
 393.000000 0.304580 0.092497 0.641771 14.107590
 394.000000 0.315554 0.089861 0.647419 12.958080
 395.000000 0.293680 0.100376 0.644784 12.578851
 396.000000 0.322125 0.066523 0.647236 12.756573
 397.000000 0.308679 0.076309 0.639727 13.716438
 398.000000 0.324472 0.083728 0.645704 14.377441
 399.000000 0.333992 0.094776 0.645332 14.117948
 400.000000 0.269959 0.097280 0.636915 15.663171
 401.000000 0.296485 0.081481 0.644556 14.319256
 402.000000 0.325528 0.088751 0.636633 14.094195
 403.000000 0.227604 0.109890 0.636327 16.946741
 404.000000 0.252630 0.105419 0.639118 15.397236
 405.000000 0.244651 0.114992 0.639645 15.634943
 406.000000 0.259429 0.116296 0.634062 15.912678
 407.000000 0.248081 0.092207 0.631929 16.375390
 408.000000 0.246992 0.099680 0.644073 15.840889
 409.000000 0.253912 0.100901 0.635702 16.737402
 410.000000 0.266447 0.133596 0.637688 16.022538
 411.000000 0.253383 0.104387 0.622595 15.989370
 412.000000 0.243871 0.115147 0.636002 16.320288
 413.000000 0.264605 0.097903 0.628354 16.561957
 414.000000 0.245354 0.093220 0.638380 16.807910
 415.000000 0.241328 0.102370 0.630306 17.066863
 416.000000 0.236640 0.106632 0.631784 16.716645
 417.000000 0.250130 0.119359 0.633334 16.262126
 418.000000 0.276293 0.126737 0.633002 15.716637
 419.000000 0.255606 0.121190 0.629050 16.946095
 420.000000 0.264957 0.119626 0.635309 15.460652
 421.000000 0.275409 0.117169 0.629750 15.869693
 422.000000 0.250087 0.091875 0.630206 17.477181
 423.000000 0.246117 0.118314 0.626727 16.611912
 424.000000 0.225195 0.113939 0.629460 16.272086
 425.000000 0.230262 0.106285 0.626132 16.562939
 426.000000 0.239366 0.120448 0.627592 16.118526
 427.000000 0.227712 0.105471 0.625681 16.858896
 428.000000 0.244958 0.116816 0.627400 16.177538
 429.000000 0.247687 0.114867 0.624941 16.506749
 430.000000 0.263848 0.125395 0.636629 15.589805
 431.000000 0.250065 0.118056 0.621286 16.784265
 432.000000 0.229890 0.116117 0.623313 16.671892
 433.000000 0.249779 0.102430 0.621453 17.209766
 434.000000 0.244061 0.114554 0.623676 16.179337
 435.000000 0.251839 0.113571 0.629893 16.445675
 436.000000 0.223796 0.114672 0.626773 17.101998
 437.000000 0.246647 0.122329 0.637099 16.995751
 438.000000 0.251012 0.117374 0.624542 16.505246
 439.000000 0.241249 0.106270 0.633873 16.221636
 440.000000 0.246952 0.109058 0.618326 16.561706
 441.000000 0.236593 0.105305 0.624154 16.672217
 442.000000 0.249476 0.106806 0.630179 16.896558
 443.000000 0.280544 0.106513 0.629396 16.661438
 444.000000 0.218205 0.127550 0.627245 17.706137
 445.000000 0.260023 0.111198 0.636901 15.359467
 446.000000 0.251219 0.120797 0.630430 16.017543
 447.000000 0.237822 0.105779 0.618861 17.038347
 448.000000 0.245740 0.122829 0.629147 15.901055
 449.000000 0.226687 0.135869 0.630350 16.547262
 450.000000 0.238426 0.107588 0.620909 17.530916
 451.000000 0.233360 0.110853 0.619423 17.036743
 452.000000 0.236644 0.133854 0.629749 16.756266
 453.000000 0.236254 0.123308 0.629075 15.389895
 454.000000 0.284729 0.135402 0.628404 14.772009
 455.000000 0.313027 0.159243 0.637072 14.260690
 456.000000 0.243513 0.142321 0.630878 16.764987
 457.000000 0.259761 0.143555 0.622675 15.994453
 458.000000 0.266699 0.147927 0.627974 15.729590
 459.000000 0.306617 0.186472 0.642709 15.159137
 460.000000 0.322996 0.168938 0.640808 14.755904
 461.000000 0.258404 0.168336 0.637313 16.668533
 462.000000 0.312900 0.165265 0.635837 15.812820
 463.000000 0.334345 0.193724 0.651334 14.287099
 464.000000 0.310885 0.172643 0.640891 15.573785
 465.000000 0.314737 0.185882 0.645253 14.072902
 466.000000 0.319471 0.178501 0.641212 15.382545
 467.000000 0.318983 0.170542 0.638018 15.185243
 468.000000 0.309355 0.171842 0.642570 15.424581
 469.000000 0.305397 0.174162 0.644202 15.178086
 470.000000 0.298363 0.158544 0.641774 15.278128
 471.000000 0.285952 0.159294 0.642846 15.098408
 472.000000 0.274955 0.179143 0.650231 14.573752
 473.000000 0.244999 0.168842 0.649855 14.571646
 474.000000 0.235369 0.185017 0.649544 13.437558
 475.000000 0.274539 0.170703 0.644598 13.516008
 476.000000 0.282880 0.166413 0.646122 13.845942
 477.000000 0.259831 0.162019 0.647303 13.816692
 478.000000 0.264191 0.162105 0.648870 13.590019
 479.000000 0.272857 0.178016 0.653370 13.091778
 480.000000 0.296195 0.176021 0.646822 13.730531
 481.000000 0.246972 0.159953 0.643409 14.585123
 482.000000 0.233342 0.157110 0.648190 13.748553
 483.000000 0.288438 0.166619 0.642956 13.650151
 484.000000 0.263031 0.146851 0.644642 13.256921
 485.000000 0.272291 0.154231 0.648500 13.774529
 486.000000 0.238956 0.162093 0.647778 13.420367
 487.000000 0.164949 0.140775 0.630363 15.592439
 488.000000 0.182951 0.142102 0.628107 14.937481
 489.000000 0.199918 0.141250 0.633951 15.091355
 490.000000 0.211424 0.144035 0.632002 14.730952
 491.000000 0.200743 0.146494 0.637716 15.023029
 492.000000 0.222290 0.158393 0.641721 14.181666
 493.000000 0.213264 0.151444 0.642630 14.401408
 494.000000 0.183055 0.142722 0.630041 15.707676
 495.000000 0.176922 0.158360 0.641084 14.886177
 496.000000 0.168172 0.154738 0.637496 15.607174
 497.000000 0.195150 0.159303 0.639603 15.020638
 498.000000 0.192498 0.138255 0.633094 15.702543
 499.000000 0.194818 0.164548 0.647080 15.721509
 500.000000 0.214915 0.160849 0.641560 14.891756
 501.000000 0.212218 0.155967 0.630910 15.283775
 502.000000 0.203252 0.138827 0.623667 15.489805
 503.000000 0.199192 0.152275 0.637293 14.576988
 504.000000 0.214158 0.151816 0.636098 15.831079
 505.000000 0.163625 0.140479 0.642993 16.228800
 506.000000 0.191811 0.161990 0.635523 14.528719
 507.000000 0.190559 0.144148 0.628342 15.530843
 508.000000 0.157827 0.147716 0.634818 15.662114
 509.000000 0.164525 0.153924 0.640205 13.798868
 510.000000 0.165170 0.148801 0.642548 14.224838
 511.000000 0.199488 0.144176 0.645867 14.341842
 512.000000 0.193586 0.139428 0.648937 14.478553
 513.000000 0.192280 0.139431 0.640260 13.863632
 514.000000 0.262492 0.168924 0.658544 14.106719
 515.000000 0.263622 0.174633 0.648204 14.145083
 516.000000 0.238997 0.177483 0.657791 14.414655
 517.000000 0.273596 0.179725 0.652762 12.795895
 518.000000 0.257238 0.188046 0.655925 13.681336
 519.000000 0.240406 0.182964 0.660595 13.739047
 520.000000 0.191315 0.185359 0.654886 13.641138
 521.000000 0.217782 0.172825 0.646824 13.399702
 522.000000 0.210345 0.197577 0.651051 13.905744
 523.000000 0.239968 0.169898 0.647582 14.055667
 524.000000 0.261533 0.176819 0.655019 13.650278
 525.000000 0.286206 0.177249 0.656827 12.884952
 526.000000 0.291048 0.195258 0.666026 13.788898
 527.000000 0.298630 0.176171 0.659079 13.697433
 528.000000 0.314641 0.181649 0.658119 14.339471
 529.000000 0.291324 0.192712 0.657128 14.612434
 530.000000 0.257932 0.168654 0.649182 15.330602
 531.000000 0.274229 0.183875 0.657773 13.823508
 532.000000 0.271530 0.174102 0.664356 12.716180
 533.000000 0.299419 0.172787 0.658737 12.623745
 534.000000 0.276953 0.178858 0.663759 14.029302
 535.000000 0.277787 0.186181 0.653765 14.860743
 536.000000 0.282007 0.170605 0.655123 13.831308
 537.000000 0.292805 0.171374 0.657839 13.348884
 538.000000 0.277844 0.181214 0.657058 13.691962
 539.000000 0.299313 0.188690 0.664380 13.964432
 540.000000 0.268726 0.180109 0.651655 13.921063
 541.000000 0.265709 0.188557 0.658329 14.204830
 542.000000 0.266915 0.177439 0.652379 14.203222
 543.000000 0.260836 0.188704 0.653512 13.642054
 544.000000 0.243188 0.175065 0.650782 13.510085
 545.000000 0.214685 0.170465 0.645356 15.249604
 546.000000 0.218106 0.184420 0.660837 13.381605
 547.000000 0.193024 0.168253 0.645293 14.432929
 548.000000 0.228854 0.193659 0.653065 13.843263
 549.000000 0.241879 0.189073 0.658949 13.139301
 550.000000 0.248333 0.177791 0.651515 14.113623
 551.000000 0.226476 0.180671 0.655134 13.118427
 552.000000 0.279431 0.179862 0.657026 14.701882
 553.000000 0.266723 0.173874 0.653418 14.687525
 554.000000 0.301409 0.195990 0.669479 14.685233
 555.000000 0.250281 0.183041 0.652791 15.063898
 556.000000 0.286683 0.198365 0.661226 14.004043
 557.000000 0.253859 0.172340 0.651529 13.791646
 558.000000 0.268751 0.174226 0.645757 14.128927
 559.000000 0.232254 0.182487 0.664406 13.966333
 560.000000 0.291142 0.198733 0.659586 14.640178
 561.000000 0.321576 0.200948 0.668674 14.221640
 562.000000 0.265657 0.184627 0.662569 15.270907
 563.000000 0.279998 0.206649 0.661711 14.925094
 564.000000 0.291588 0.185301 0.654733 13.280450
 565.000000 0.240591 0.188187 0.657052 14.204980
 566.000000 0.227093 0.162932 0.646229 14.376076
 567.000000 0.241080 0.175512 0.654165 14.153985
 568.000000 0.222950 0.174149 0.646524 14.850732
 569.000000 0.200172 0.182411 0.645547 14.388959
 570.000000 0.225131 0.180461 0.643203 13.800773
 571.000000 0.230839 0.169104 0.637293 14.109369
 572.000000 0.205857 0.187817 0.648843 13.673313
 573.000000 0.236605 0.165409 0.648251 13.889677
 574.000000 0.226357 0.173467 0.651010 14.740979
 575.000000 0.212050 0.185302 0.651222 14.828777
 576.000000 0.275056 0.169633 0.650985 14.217133
 577.000000 0.267179 0.171202 0.636502 14.618839
 578.000000 0.268001 0.148939 0.634245 14.630413
 579.000000 0.298212 0.172130 0.641607 14.564855
 580.000000 0.338782 0.170972 0.640173 14.140863
 581.000000 0.311497 0.173275 0.640918 15.076571
 582.000000 0.335192 0.179190 0.642157 14.968128
 583.000000 0.346104 0.155001 0.632813 14.942722
 584.000000 0.333939 0.180093 0.643508 14.645167
 585.000000 0.311343 0.167240 0.644426 14.843670
 586.000000 0.328187 0.152843 0.639223 14.758874
 587.000000 0.344368 0.164856 0.644137 14.704902
 588.000000 0.338175 0.167139 0.641229 14.427986
 589.000000 0.337909 0.170991 0.649527 14.898769
 590.000000 0.308084 0.155530 0.636109 14.499138
 591.000000 0.317662 0.154478 0.642334 14.908361
 592.000000 0.253784 0.126132 0.627736 16.564823
 593.000000 0.246517 0.129522 0.629711 16.112544
 594.000000 0.276404 0.118733 0.619262 16.234055
 595.000000 0.230033 0.148765 0.624372 16.619040
 596.000000 0.257392 0.134209 0.630257 16.981823
 597.000000 0.237442 0.100729 0.620836 17.353042
 598.000000 0.258787 0.126940 0.623204 15.929745
 599.000000 0.238091 0.152333 0.630255 15.809261
 600.000000 0.219412 0.132219 0.623350 16.482824
 601.000000 0.231295 0.141299 0.633912 16.812658
 602.000000 0.240029 0.129358 0.625055 16.423707
 603.000000 0.254511 0.133469 0.622941 16.022946
 604.000000 0.208376 0.118695 0.627245 17.112657
 605.000000 0.233268 0.124995 0.615271 16.451237
 606.000000 0.261161 0.111594 0.622227 16.338611
 607.000000 0.228415 0.127600 0.619884 16.621206
 608.000000 0.248918 0.135665 0.621534 15.809830
 609.000000 0.243124 0.126794 0.633701 16.546335
 610.000000 0.241564 0.125979 0.622634 16.222567
 611.000000 0.230719 0.120098 0.633436 15.808451
 612.000000 0.243428 0.125003 0.627689 16.124543
 613.000000 0.231579 0.125042 0.620696 16.996764
 614.000000 0.224920 0.136171 0.619474 16.937294
 615.000000 0.272515 0.146966 0.626238 15.773461
 616.000000 0.234822 0.142201 0.623427 16.296896
 617.000000 0.261045 0.162103 0.629584 16.412087
 618.000000 0.276153 0.145074 0.627399 15.080505
 619.000000 0.316451 0.153462 0.641773 15.583227
 620.000000 0.336659 0.174390 0.636999 15.412625
 621.000000 0.312591 0.162884 0.634782 15.653710
 622.000000 0.349087 0.160463 0.636684 14.452141
 623.000000 0.308202 0.173257 0.639633 14.678602
 624.000000 0.302492 0.152493 0.634184 13.911945
 625.000000 0.253162 0.172631 0.643914 13.917649
 626.000000 0.262257 0.173638 0.630746 16.146235
 627.000000 0.281013 0.159865 0.635860 14.893863
 628.000000 0.269908 0.139708 0.639710 14.234446
 629.000000 0.310859 0.169747 0.644707 15.260647
 630.000000 0.276268 0.130694 0.631369 15.448221
 631.000000 0.241089 0.160266 0.639574 15.407573
 632.000000 0.274459 0.152090 0.641668 13.786098
 633.000000 0.267947 0.176550 0.647815 14.942807
 634.000000 0.265100 0.170230 0.638028 15.088353
 635.000000 0.243597 0.170784 0.641133 16.649845
 636.000000 0.288715 0.160465 0.637376 14.998805
 637.000000 0.319588 0.168179 0.637636 14.936770
 638.000000 0.285815 0.163063 0.634687 15.223128
 639.000000 0.283167 0.177881 0.635190 14.939104
 640.000000 0.283694 0.164562 0.643275 15.184738
 641.000000 0.270615 0.183986 0.644871 14.863147
 642.000000 0.268373 0.157087 0.628370 15.144725
 643.000000 0.228419 0.139063 0.634696 15.794644
 644.000000 0.247280 0.139101 0.639418 14.209284
 645.000000 0.245409 0.144437 0.633458 15.380277
 646.000000 0.220054 0.122072 0.627429 15.675753
 647.000000 0.203540 0.135726 0.629714 16.998335
 648.000000 0.240002 0.150612 0.624756 15.586051
 649.000000 0.211951 0.138980 0.630399 15.793146
 650.000000 0.222431 0.136835 0.620758 16.650961
 651.000000 0.213554 0.133386 0.616237 15.880248
 652.000000 0.204257 0.118789 0.612425 16.256860
 653.000000 0.285214 0.153891 0.620564 14.868090
 654.000000 0.276210 0.128613 0.638400 14.366571
 655.000000 0.285507 0.163570 0.647306 13.958429
 656.000000 0.291017 0.163791 0.640221 15.664113
 657.000000 0.307401 0.147117 0.638228 12.944537
 658.000000 0.360885 0.168215 0.653553 12.917724
 659.000000 0.270835 0.145884 0.632699 15.608724
 660.000000 0.255489 0.155143 0.629939 15.358502
 661.000000 0.246057 0.159996 0.638398 14.997829
 662.000000 0.277720 0.151213 0.643658 15.354621
 663.000000 0.309798 0.138575 0.634910 13.937745
 664.000000 0.267975 0.156863 0.635172 15.021109
 665.000000 0.315399 0.134898 0.631330 13.958254
 666.000000 0.308240 0.127505 0.628413 15.062868
 667.000000 0.288075 0.151127 0.638275 15.098818
 668.000000 0.279569 0.146028 0.645798 14.190093
 669.000000 0.262866 0.150768 0.642255 15.371392
 670.000000 0.267754 0.135374 0.641015 14.905906
 671.000000 0.264274 0.146378 0.639751 14.846725
 672.000000 0.220329 0.119772 0.629470 15.702762
 673.000000 0.237541 0.134561 0.637554 15.355062
 674.000000 0.278497 0.157947 0.639290 14.691055
 675.000000 0.306196 0.176242 0.651091 13.907726
 676.000000 0.322290 0.196613 0.650981 13.839313
 677.000000 0.307127 0.193201 0.660224 13.956112
 678.000000 0.347089 0.193477 0.648995 14.591736
 679.000000 0.284217 0.178766 0.643124 14.750102
 680.000000 0.289629 0.167862 0.644377 14.660632
 681.000000 0.271332 0.167524 0.641938 14.856978
 682.000000 0.270699 0.162114 0.633028 15.539124
 683.000000 0.269340 0.157787 0.647043 13.098479
 684.000000 0.256609 0.170035 0.651766 14.038169
 685.000000 0.243405 0.167968 0.644384 14.295908
 686.000000 0.215237 0.166419 0.636945 15.457802
 687.000000 0.255925 0.169291 0.649896 14.678201
 688.000000 0.223715 0.145932 0.637790 15.954825
 689.000000 0.232718 0.134175 0.635652 15.750326
 690.000000 0.208898 0.117643 0.627987 15.879629
 691.000000 0.258606 0.168244 0.639307 15.057707
 692.000000 0.258025 0.146836 0.627018 14.071256
 693.000000 0.307864 0.160541 0.634167 13.933281
 694.000000 0.299611 0.175707 0.636028 14.097726
 695.000000 0.252228 0.144784 0.637063 14.425080
 696.000000 0.286815 0.171699 0.649280 14.389530
 697.000000 0.242667 0.154558 0.628376 16.109966
 698.000000 0.222619 0.184988 0.643928 14.782306
 699.000000 0.260623 0.178242 0.639745 15.128667
 700.000000 0.265426 0.172503 0.646680 14.848794
 701.000000 0.265717 0.158305 0.639746 15.090122
 702.000000 0.245753 0.164403 0.637505 15.037555
 703.000000 0.258901 0.154284 0.643600 14.882671
 704.000000 0.254708 0.172051 0.636658 15.736548
 705.000000 0.252829 0.185524 0.640941 14.897718
 706.000000 0.248478 0.185422 0.649820 14.794756
 707.000000 0.278165 0.184934 0.641625 15.382527
 708.000000 0.234813 0.163966 0.645337 14.973211
 709.000000 0.256455 0.164025 0.642293 15.261790
 710.000000 0.250072 0.174000 0.638356 16.006926
 711.000000 0.234757 0.168059 0.653371 15.653630
 712.000000 0.243620 0.173628 0.640538 15.314192
 713.000000 0.264173 0.161845 0.645372 14.436746
 714.000000 0.243773 0.180938 0.645506 16.036427
 715.000000 0.291568 0.166091 0.639381 13.788156
 716.000000 0.265579 0.159847 0.635505 14.151091
 717.000000 0.285370 0.191166 0.641979 15.075645
 718.000000 0.284457 0.182909 0.637650 14.574494
 719.000000 0.300663 0.164437 0.635627 14.086335
 720.000000 0.267713 0.178269 0.634190 14.959105
 721.000000 0.278126 0.179766 0.641727 15.093221
 722.000000 0.278716 0.141891 0.630905 14.196739
 723.000000 0.247630 0.153862 0.621822 15.094594
 724.000000 0.231517 0.135906 0.626329 15.275607
 725.000000 0.227039 0.147912 0.617711 14.756911
 726.000000 0.233076 0.135151 0.632093 15.740349
 727.000000 0.282186 0.145387 0.630349 14.266458
 728.000000 0.223384 0.132805 0.607921 16.567974
 729.000000 0.254638 0.124997 0.623993 14.868696
 730.000000 0.230398 0.118074 0.614006 15.511267
 731.000000 0.219561 0.122150 0.628448 15.347210
 732.000000 0.243448 0.128201 0.620730 15.383197
 733.000000 0.208635 0.122636 0.622877 16.074387
 734.000000 0.234481 0.128532 0.618751 15.668160
 735.000000 0.219923 0.124023 0.625925 15.230469
 736.000000 0.198903 0.137574 0.620708 15.774856
 737.000000 0.182893 0.133233 0.621240 16.416009
 738.000000 0.164030 0.124223 0.623937 17.104935
 739.000000 0.181490 0.133969 0.626818 15.526008
 740.000000 0.178575 0.132458 0.627868 16.659719
 741.000000 0.184775 0.134608 0.627653 16.444852
 742.000000 0.195177 0.131581 0.630939 15.407378
 743.000000 0.211050 0.126178 0.619742 14.834294
 744.000000 0.167698 0.148952 0.628561 16.966426
 745.000000 0.175205 0.143902 0.623526 16.641555
 746.000000 0.178729 0.123836 0.623734 16.338796
 747.000000 0.216701 0.134271 0.619106 15.811837
 748.000000 0.166068 0.119406 0.627922 15.870005
 749.000000 0.178151 0.121753 0.621307 15.969292
 750.000000 0.173683 0.110915 0.631836 16.433190
 751.000000 0.190578 0.137713 0.630087 16.003018
 752.000000 0.193318 0.127028 0.629318 16.465768
 753.000000 0.207837 0.125083 0.624641 15.441627
 754.000000 0.174133 0.150581 0.633986 15.939584
 755.000000 0.200150 0.130402 0.625601 15.068602
 756.000000 0.178146 0.122717 0.632566 15.918834
 757.000000 0.171170 0.112608 0.628033 16.240859
 758.000000 0.175429 0.106123 0.621074 16.127066
 759.000000 0.170105 0.121492 0.616326 16.725523
 760.000000 0.193858 0.143201 0.630320 16.586378
 761.000000 0.193330 0.114040 0.624395 15.413368
 762.000000 0.211026 0.148458 0.620440 16.014569
 763.000000 0.223893 0.126198 0.620937 16.660379
 764.000000 0.232691 0.135256 0.637119 15.585148
 765.000000 0.205520 0.128794 0.623408 16.164803
 766.000000 0.221769 0.121817 0.616954 15.591223
 767.000000 0.213985 0.138430 0.620528 16.113272
 768.000000 0.200047 0.121050 0.623630 16.365272
 769.000000 0.239552 0.119890 0.622889 15.316854
 770.000000 0.245780 0.114831 0.617153 15.911559
 771.000000 0.210596 0.135002 0.621058 16.646102
 772.000000 0.200371 0.121552 0.620977 16.491736
 773.000000 0.205822 0.113917 0.631650 16.026445
 774.000000 0.217429 0.137701 0.630581 15.657631
 775.000000 0.199554 0.128379 0.621112 16.332366
 776.000000 0.211108 0.135983 0.624900 16.233979
 777.000000 0.198319 0.120619 0.625021 17.028163
 778.000000 0.218243 0.125852 0.631130 15.418781
 779.000000 0.207920 0.136849 0.633217 15.246614
 780.000000 0.248821 0.120044 0.624177 14.860072
 781.000000 0.220646 0.099132 0.621612 15.630181
 782.000000 0.211523 0.107075 0.630372 15.757172
 783.000000 0.194592 0.109158 0.626374 16.530053
 784.000000 0.192750 0.147508 0.629400 16.792815
 785.000000 0.225560 0.126511 0.618222 15.855390
 786.000000 0.225729 0.124296 0.613723 16.120140
 787.000000 0.230483 0.125746 0.617629 15.645371
 788.000000 0.237829 0.138224 0.632349 16.361954
 789.000000 0.206784 0.119154 0.626967 16.040752
 790.000000 0.241625 0.124526 0.627127 15.520245
 791.000000 0.245924 0.114326 0.616860 15.827666
 792.000000 0.233116 0.139579 0.630329 16.043481
 793.000000 0.215544 0.132816 0.620589 16.679784
 794.000000 0.206597 0.130197 0.626300 16.077502
 795.000000 0.195268 0.112018 0.623945 17.010922
 796.000000 0.189123 0.126108 0.630739 16.062490
 797.000000 0.238463 0.122148 0.623861 15.492427
 798.000000 0.224062 0.129491 0.624361 15.881443
 799.000000 0.260750 0.129216 0.621887 15.890525
 800.000000 0.269684 0.123503 0.616950 15.117266
 801.000000 0.277071 0.150265 0.636605 14.617342
 802.000000 0.261385 0.131662 0.624997 15.819558
 803.000000 0.270586 0.118312 0.618902 15.794619
 804.000000 0.271662 0.124793 0.620988 15.343790
 805.000000 0.275812 0.135060 0.617024 15.722183
 806.000000 0.299281 0.134380 0.627119 14.521982
 807.000000 0.270223 0.136435 0.625947 15.225044
 808.000000 0.212232 0.133490 0.630480 15.552441
 809.000000 0.230535 0.118582 0.622541 15.917454
 810.000000 0.215037 0.125484 0.623943 15.721053
 811.000000 0.229508 0.148284 0.625296 15.665339
 812.000000 0.218707 0.118338 0.621923 15.719136
 813.000000 0.258657 0.133005 0.623744 15.110884
 814.000000 0.200168 0.126867 0.620355 15.506302
 815.000000 0.195312 0.114519 0.630245 16.138928
 816.000000 0.201386 0.127074 0.619626 16.346240
 817.000000 0.206662 0.122016 0.618815 15.466322
 818.000000 0.225201 0.125678 0.626775 15.350566
 819.000000 0.230234 0.134760 0.631082 14.844153
 820.000000 0.220846 0.126491 0.626100 15.481189
 821.000000 0.218167 0.135012 0.622667 15.743757
 822.000000 0.221258 0.130824 0.632499 15.375789
 823.000000 0.179974 0.123272 0.631008 16.564846
 824.000000 0.186016 0.120063 0.624211 16.455384
 825.000000 0.187232 0.110586 0.613424 16.534915
 826.000000 0.197392 0.126363 0.622831 15.498007
 827.000000 0.237548 0.128673 0.624461 14.634152
 828.000000 0.212695 0.127126 0.614269 16.938398
 829.000000 0.206019 0.122401 0.626418 15.625732
 830.000000 0.234507 0.129541 0.619529 14.702006
 831.000000 0.187266 0.109452 0.620998 16.809655
 832.000000 0.227003 0.117962 0.620587 14.888871
 833.000000 0.207288 0.109337 0.608791 16.808109
 834.000000 0.205727 0.118782 0.616350 16.527349
 835.000000 0.198443 0.119814 0.615339 16.851929
 836.000000 0.211024 0.092770 0.621905 16.227754
 837.000000 0.204641 0.108677 0.621276 16.544980
 838.000000 0.216702 0.102946 0.621121 16.448261
 839.000000 0.214305 0.122034 0.620241 16.360317
 840.000000 0.222024 0.116766 0.619238 16.302717
 841.000000 0.207011 0.115493 0.621698 16.744789
 842.000000 0.247298 0.130413 0.619023 14.984704
 843.000000 0.249211 0.100964 0.622310 15.072551
 844.000000 0.222910 0.120172 0.619596 16.329842
 845.000000 0.219334 0.115335 0.623785 15.533992
 846.000000 0.224983 0.136962 0.621117 15.325437
 847.000000 0.220537 0.118250 0.618677 16.436369
 848.000000 0.210878 0.108044 0.614571 16.379584
 849.000000 0.186306 0.115460 0.620061 16.868146
 850.000000 0.207432 0.104090 0.628054 16.912199
 851.000000 0.218572 0.120601 0.626100 16.042065
 852.000000 0.237121 0.111342 0.617422 16.374706
 853.000000 0.196922 0.135514 0.627447 16.869250
 854.000000 0.217123 0.119591 0.625916 15.697806
 855.000000 0.189291 0.125570 0.623026 16.599859
 856.000000 0.214931 0.132514 0.622783 16.031509
 857.000000 0.206989 0.138064 0.634619 15.404262
 858.000000 0.247958 0.105238 0.623480 15.255925
 859.000000 0.223154 0.118614 0.622329 15.746993
 860.000000 0.224198 0.138034 0.626730 15.996172
 861.000000 0.196021 0.124515 0.619658 16.917244
 862.000000 0.217463 0.114442 0.620590 16.814516
 863.000000 0.182843 0.132440 0.625391 17.025632
 864.000000 0.210389 0.126230 0.623673 16.215575
 865.000000 0.196201 0.109787 0.623550 16.968645
 866.000000 0.190316 0.114448 0.616732 17.034287
 867.000000 0.226066 0.115328 0.621383 15.936576
 868.000000 0.222024 0.126569 0.621540 15.956090
 869.000000 0.239047 0.119999 0.613544 16.079549
 870.000000 0.232839 0.121454 0.620983 16.864106
 871.000000 0.235820 0.115341 0.619635 16.290431
 872.000000 0.221645 0.112711 0.617988 16.127979
 873.000000 0.255445 0.106941 0.618049 16.324662
 874.000000 0.265957 0.107379 0.616352 16.521599
 875.000000 0.248548 0.117917 0.618771 16.453282
 876.000000 0.246205 0.118374 0.610677 16.122736
 877.000000 0.280265 0.123057 0.617667 15.435297
 878.000000 0.248007 0.111383 0.618627 16.188353
 879.000000 0.242714 0.111103 0.623817 16.155097
 880.000000 0.295757 0.127817 0.622312 14.753970
 881.000000 0.268498 0.128950 0.619159 15.504503
 882.000000 0.213196 0.115812 0.618526 17.018073
 883.000000 0.236777 0.133995 0.618429 16.467970
 884.000000 0.238535 0.117971 0.626547 16.544352
 885.000000 0.199446 0.126538 0.625888 16.232085
 886.000000 0.245693 0.118069 0.629842 14.712256
 887.000000 0.258317 0.124447 0.637957 15.740916
 888.000000 0.241075 0.109712 0.629718 15.351487
 889.000000 0.234545 0.123067 0.618102 16.166615
 890.000000 0.213962 0.127534 0.619247 16.339022
 891.000000 0.227330 0.119089 0.616549 16.297393
 892.000000 0.216044 0.099372 0.615268 16.535265
 893.000000 0.216062 0.105427 0.610838 17.677344
 894.000000 0.256369 0.123813 0.619299 15.268862
 895.000000 0.211880 0.115237 0.614226 16.283979
 896.000000 0.217436 0.118185 0.612655 16.099944
 897.000000 0.227322 0.114820 0.615001 17.019113
 898.000000 0.198688 0.113954 0.623088 16.952061
 899.000000 0.203473 0.102091 0.623036 16.952434
 900.000000 0.205393 0.100581 0.619102 16.513176
 901.000000 0.213171 0.122021 0.618011 16.740112
 902.000000 0.233893 0.116842 0.622635 16.317795
 903.000000 0.209420 0.137616 0.626948 16.281570
 904.000000 0.228625 0.121965 0.626248 15.933860
 905.000000 0.258367 0.120897 0.623587 15.487364
 906.000000 0.207396 0.129937 0.627105 16.578912
 907.000000 0.227130 0.149508 0.632158 16.314354
 908.000000 0.227289 0.115528 0.617593 16.663503
 909.000000 0.224173 0.126699 0.621675 15.995075
 910.000000 0.216428 0.133472 0.623784 16.160735
 911.000000 0.229830 0.113769 0.621221 16.034984
 912.000000 0.206301 0.126210 0.622337 15.906150
 913.000000 0.207526 0.122445 0.629002 16.004139
 914.000000 0.210768 0.113054 0.619377 16.733090
 915.000000 0.189981 0.111672 0.617170 17.034955
 916.000000 0.224666 0.098531 0.625302 16.081099
 917.000000 0.215196 0.116154 0.627000 16.458907
 918.000000 0.210930 0.109644 0.626492 16.578055
 919.000000 0.224409 0.118198 0.627565 15.829201
 920.000000 0.203166 0.111742 0.621674 16.566486
 921.000000 0.201785 0.128374 0.629515 16.508979
 922.000000 0.234881 0.127143 0.633718 14.952760
 923.000000 0.209717 0.115026 0.622543 16.475856
 924.000000 0.233212 0.123120 0.626662 15.614992
 925.000000 0.194482 0.122798 0.619553 17.456225
 926.000000 0.195494 0.114515 0.624776 16.429666
 927.000000 0.238433 0.111516 0.633338 16.406746
 928.000000 0.266121 0.130372 0.635397 14.866305
 929.000000 0.264933 0.121747 0.618614 14.616869
 930.000000 0.265292 0.129168 0.621827 15.411537
 931.000000 0.257980 0.137526 0.635775 14.614070
 932.000000 0.223479 0.128399 0.630846 15.539044
 933.000000 0.228573 0.125269 0.627192 15.151930
 934.000000 0.238464 0.119964 0.629073 16.346337
 935.000000 0.263461 0.126476 0.629308 14.847049
 936.000000 0.225486 0.085797 0.618653 16.129998
 937.000000 0.276579 0.129598 0.637022 15.055648
 938.000000 0.260993 0.130427 0.629582 14.833474
 939.000000 0.270741 0.136212 0.627426 14.889089
 940.000000 0.208254 0.127505 0.614472 16.818617
 941.000000 0.252947 0.117731 0.612351 15.879551
 942.000000 0.256578 0.119540 0.614964 15.244032
 943.000000 0.234324 0.099965 0.628334 15.796909
 944.000000 0.245031 0.117568 0.628402 15.793482
 945.000000 0.281072 0.113350 0.625393 14.753673
 946.000000 0.254944 0.138630 0.629333 15.127110
 947.000000 0.247456 0.118947 0.620650 15.433614
 948.000000 0.245956 0.116708 0.623399 15.857774
 949.000000 0.244483 0.116598 0.622247 16.354660
 950.000000 0.277880 0.126135 0.621022 15.082644
 951.000000 0.223858 0.118976 0.611406 15.610436
 952.000000 0.225356 0.108305 0.620768 15.828805
 953.000000 0.247955 0.103534 0.619391 15.565138
 954.000000 0.273248 0.116986 0.633279 16.402061
 955.000000 0.249506 0.147128 0.635748 15.002821
 956.000000 0.287962 0.142327 0.635784 14.947393
 957.000000 0.263641 0.136775 0.629039 15.132832
 958.000000 0.234052 0.132966 0.631078 14.980886
 959.000000 0.235961 0.144031 0.629048 15.099807
 960.000000 0.237442 0.130867 0.629368 15.703844
 961.000000 0.252887 0.138582 0.625990 15.869967
 962.000000 0.220086 0.117014 0.614291 15.983116
 963.000000 0.266829 0.136605 0.627917 14.564918
 964.000000 0.246931 0.116679 0.635392 15.649769
 965.000000 0.259765 0.119977 0.633567 15.123529
 966.000000 0.279739 0.107924 0.627554 14.067950
 967.000000 0.249317 0.124439 0.623896 14.899472
 968.000000 0.264602 0.114361 0.620783 14.967390
 969.000000 0.258004 0.118432 0.630167 15.295588
 970.000000 0.291608 0.129320 0.632565 15.458549
 971.000000 0.243997 0.107358 0.625822 15.387358
 972.000000 0.266167 0.114517 0.620655 16.178175
 973.000000 0.239482 0.113711 0.633529 15.484195
 974.000000 0.238798 0.101709 0.614674 15.963995
 975.000000 0.266690 0.123041 0.628500 15.292727
 976.000000 0.258874 0.125067 0.626533 14.659286
 977.000000 0.266188 0.119753 0.626412 15.100005
 978.000000 0.265784 0.092695 0.632590 14.738526
 979.000000 0.267803 0.127736 0.636300 14.259170
 980.000000 0.250406 0.135170 0.627513 15.110054
 981.000000 0.251323 0.117860 0.627621 15.463397
 982.000000 0.258720 0.112412 0.631540 15.515591
 983.000000 0.273206 0.141822 0.638573 15.982454
 984.000000 0.257617 0.140595 0.630045 14.817373
 985.000000 0.258281 0.137323 0.627719 14.918259
 986.000000 0.317948 0.137079 0.649034 14.569228
 987.000000 0.292319 0.152646 0.644890 13.895250
 988.000000 0.248459 0.144158 0.635376 15.928542
 989.000000 0.261896 0.133521 0.631471 13.704139
 990.000000 0.224489 0.108662 0.628913 16.848097
 991.000000 0.238776 0.109418 0.626714 15.835205
 992.000000 0.262625 0.112868 0.622088 15.539826
 993.000000 0.243983 0.120729 0.637053 15.221462
 994.000000 0.249185 0.113290 0.623878 14.961778
 995.000000 0.270655 0.127726 0.626737 15.317436
 996.000000 0.262567 0.108889 0.624020 15.229391
 997.000000 0.300853 0.129665 0.638490 14.126702
 998.000000 0.236153 0.131046 0.639025 15.426608
 999.000000 0.249622 0.123001 0.629191 15.326048
 1000.000000 0.242033 0.113283 0.627528 16.505635
 1001.000000 0.257246 0.116728 0.636452 14.922468
 1002.000000 0.242672 0.110512 0.629391 15.321153
 1003.000000 0.251977 0.096017 0.626587 15.757817
 1004.000000 0.239478 0.110322 0.632460 14.639442
 1005.000000 0.224646 0.121333 0.637395 14.946972
 1006.000000 0.213839 0.118099 0.632999 15.701450
 1007.000000 0.233415 0.115256 0.636281 15.521571
 1008.000000 0.226204 0.111021 0.629384 15.651837
 1009.000000 0.227704 0.095915 0.639756 15.597438
 1010.000000 0.220048 0.111224 0.627877 17.354261
 1011.000000 0.241078 0.117113 0.636897 16.360726
 1012.000000 0.255757 0.108401 0.630799 17.080482
 1013.000000 0.233714 0.102106 0.632943 17.551490
 1014.000000 0.273954 0.100862 0.638700 16.767837
 1015.000000 0.241400 0.104379 0.627264 16.415473
 1016.000000 0.256786 0.117397 0.631549 15.929942
 1017.000000 0.230155 0.104661 0.623801 15.798827
 1018.000000 0.235476 0.101857 0.626247 15.978420
 1019.000000 0.258080 0.108079 0.630874 16.575719
 1020.000000 0.261980 0.121598 0.636142 16.119061
 1021.000000 0.270725 0.119879 0.628634 15.893377
 1022.000000 0.281339 0.135567 0.638582 15.388996
 1023.000000 0.242364 0.113194 0.626740 16.569101
 1024.000000 0.273415 0.105235 0.630631 15.948668
 1025.000000 0.247706 0.124627 0.633922 16.088930
 1026.000000 0.227938 0.112033 0.627249 17.221008
 1027.000000 0.253117 0.132764 0.629817 15.611022
 1028.000000 0.226314 0.136536 0.624341 15.887571
 1029.000000 0.228622 0.124375 0.620599 17.345256
 1030.000000 0.252674 0.116132 0.626524 16.176491
 1031.000000 0.269218 0.116024 0.632501 16.212411
 1032.000000 0.258946 0.116514 0.632672 15.744423
 1033.000000 0.249070 0.105424 0.622417 16.347070
 1034.000000 0.288772 0.103524 0.629186 15.076053
 1035.000000 0.270361 0.114551 0.627316 15.107675
 1036.000000 0.288334 0.134045 0.641945 14.899063
 1037.000000 0.327478 0.126864 0.635923 14.197214
 1038.000000 0.289242 0.137091 0.639969 12.879340
 1039.000000 0.258692 0.150429 0.652738 12.503513
 1040.000000 0.248964 0.150384 0.644916 14.158558
 1041.000000 0.256619 0.151270 0.657775 13.090178
 1042.000000 0.277672 0.137683 0.656131 12.510780
 1043.000000 0.265280 0.124922 0.651040 13.319189
 1044.000000 0.253167 0.137807 0.645270 13.592803
 1045.000000 0.249639 0.110425 0.639900 13.737782
 1046.000000 0.249311 0.112020 0.634181 14.630880
 1047.000000 0.227062 0.125569 0.644326 15.267421
 1048.000000 0.238955 0.120576 0.634840 14.558848
 1049.000000 0.242519 0.098441 0.641072 14.834782
 1050.000000 0.246691 0.090535 0.636899 15.339258
 1051.000000 0.262342 0.107574 0.644303 14.092768
 1052.000000 0.236440 0.111908 0.636723 14.463022
 1053.000000 0.251524 0.131558 0.645306 13.402694
 1054.000000 0.214998 0.142426 0.651315 13.588776
 1055.000000 0.259296 0.121543 0.631708 16.744213
 1056.000000 0.249502 0.105603 0.632273 15.729604
 1057.000000 0.253679 0.109548 0.631184 15.029635
 1058.000000 0.250078 0.109057 0.647163 16.340360
 1059.000000 0.266592 0.138328 0.636209 15.242479
 1060.000000 0.245472 0.154577 0.642126 14.974632
 1061.000000 0.224036 0.116574 0.630377 14.424096
 1062.000000 0.259635 0.142678 0.635534 14.833697
 1063.000000 0.259529 0.138309 0.636900 15.841910
 1064.000000 0.235143 0.148627 0.629308 15.592279
 1065.000000 0.207899 0.160061 0.639601 14.592576
 1066.000000 0.229231 0.153815 0.631884 15.463828
 1067.000000 0.235548 0.158764 0.642001 13.830287
 1068.000000 0.216463 0.139855 0.634779 14.774984
 1069.000000 0.177032 0.145144 0.632027 16.794496
 1070.000000 0.225458 0.141870 0.632057 14.718330
 1071.000000 0.191873 0.139727 0.634965 15.069600
 1072.000000 0.211677 0.127118 0.632321 15.347360
 1073.000000 0.179895 0.148952 0.632575 16.025254
 1074.000000 0.218754 0.151978 0.639860 15.554320
 1075.000000 0.181038 0.136717 0.634486 15.749985
 1076.000000 0.197120 0.152230 0.637821 15.446128
 1077.000000 0.191973 0.136568 0.633121 15.827186
 1078.000000 0.216982 0.133543 0.639387 14.062183
 1079.000000 0.188357 0.142502 0.633151 15.376191
 1080.000000 0.198844 0.131953 0.623419 15.446895
 1081.000000 0.219196 0.151125 0.626086 14.279457
 1082.000000 0.240498 0.134031 0.646778 14.167406
 1083.000000 0.187594 0.149909 0.627740 16.391711
 1084.000000 0.175961 0.133177 0.629333 16.621044
 1085.000000 0.192160 0.127745 0.631632 14.620362
 1086.000000 0.205411 0.142916 0.631239 15.455931
 1087.000000 0.205392 0.114243 0.630813 15.165899
 1088.000000 0.232230 0.134414 0.642334 14.152277
 1089.000000 0.195881 0.131339 0.627234 16.322871
 1090.000000 0.193963 0.146036 0.633271 15.742549
 1091.000000 0.178536 0.135022 0.637583 15.743887
 1092.000000 0.197181 0.149953 0.637645 15.815740
 1093.000000 0.192542 0.145589 0.639931 15.162719
 1094.000000 0.208878 0.125628 0.630744 15.279147
 1095.000000 0.221673 0.147051 0.634987 15.192440
 1096.000000 0.249511 0.140302 0.634123 14.342987
 1097.000000 0.197795 0.132626 0.636156 14.193588
 1098.000000 0.204814 0.143172 0.635392 14.354561
 1099.000000 0.243208 0.147856 0.634551 14.543953
 1100.000000 0.199495 0.148027 0.632345 15.357286
 1101.000000 0.176130 0.127362 0.630754 16.910212
 1102.000000 0.207250 0.131953 0.619901 16.340646
 1103.000000 0.197633 0.144148 0.638088 15.336306
 1104.000000 0.215960 0.144081 0.632173 14.870519
 1105.000000 0.201455 0.132246 0.624379 15.465422
 1106.000000 0.217025 0.142366 0.636746 15.923509
 1107.000000 0.189875 0.144481 0.641529 15.047082
 1108.000000 0.223633 0.157013 0.633606 14.123144
 1109.000000 0.207344 0.143906 0.640805 14.690632
 1110.000000 0.231015 0.141905 0.629317 14.687789
 1111.000000 0.240442 0.119935 0.628348 15.066737
 1112.000000 0.211214 0.132397 0.636235 14.860063
 1113.000000 0.225626 0.134987 0.641724 13.884124
 1114.000000 0.212365 0.127469 0.623291 14.856409
 1115.000000 0.194604 0.127227 0.621662 16.421931
 1116.000000 0.226262 0.120192 0.630000 14.619495
 1117.000000 0.213940 0.122605 0.618357 15.781453
 1118.000000 0.244263 0.129581 0.629043 13.810971
 1119.000000 0.219447 0.118108 0.622630 14.408327
 1120.000000 0.211201 0.137405 0.631406 13.342658
 1121.000000 0.210151 0.113582 0.621423 16.344991
 1122.000000 0.194718 0.124503 0.638685 13.919644
 1123.000000 0.202652 0.112621 0.626424 14.099196
 1124.000000 0.196504 0.107377 0.633701 15.135324
 1125.000000 0.190438 0.151747 0.634363 15.348335
 1126.000000 0.210665 0.120591 0.621898 15.456870
 1127.000000 0.186272 0.109615 0.629658 14.352734
 1128.000000 0.182823 0.127557 0.622302 15.212345
 1129.000000 0.196545 0.134156 0.629819 14.778730
 1130.000000 0.228237 0.127424 0.629715 14.256469
 1131.000000 0.199809 0.120791 0.635945 15.094619
 1132.000000 0.190861 0.141959 0.635593 15.534813
 1133.000000 0.184324 0.144049 0.633960 15.616959
 1134.000000 0.216604 0.114162 0.626765 14.977273
 1135.000000 0.190854 0.130606 0.638222 14.969963
 1136.000000 0.208656 0.128082 0.631141 15.667071
 1137.000000 0.189445 0.131081 0.628411 15.559861
 1138.000000 0.195480 0.116148 0.627354 14.491013
 1139.000000 0.207856 0.127175 0.630979 14.547262
 1140.000000 0.185403 0.120683 0.617564 16.135839
 1141.000000 0.241500 0.147740 0.636258 12.646840
 1142.000000 0.192455 0.114935 0.628946 15.095167
 1143.000000 0.191206 0.134920 0.639472 14.913552
 1144.000000 0.226916 0.136390 0.640429 13.622337
 1145.000000 0.190550 0.130909 0.639262 14.306695
 1146.000000 0.199525 0.140500 0.639120 14.183953
 1147.000000 0.209095 0.120869 0.642191 14.271380
 1148.000000 0.207828 0.143488 0.644734 12.885786
 1149.000000 0.188568 0.140882 0.640399 14.248047
 1150.000000 0.193449 0.135482 0.639221 15.121205
 1151.000000 0.198923 0.143239 0.645696 14.008760
 1152.000000 0.228363 0.138958 0.634397 13.990665
 1153.000000 0.202183 0.148187 0.630392 15.158559
 1154.000000 0.200441 0.117159 0.633508 15.095469
 1155.000000 0.199973 0.141127 0.641455 14.603470
 1156.000000 0.188114 0.148092 0.634806 15.255523
 1157.000000 0.198444 0.127592 0.622645 15.611141
 1158.000000 0.204134 0.134462 0.636824 13.840556
 1159.000000 0.220776 0.141860 0.634263 14.660252
 1160.000000 0.196944 0.144607 0.630777 15.547519
 1161.000000 0.192794 0.138687 0.628581 15.467642
 1162.000000 0.203238 0.129177 0.633642 14.055773
 1163.000000 0.204656 0.137233 0.637095 13.822438
 1164.000000 0.209026 0.138847 0.634336 13.428671
 1165.000000 0.199627 0.119039 0.628896 14.332342
 1166.000000 0.208498 0.142493 0.636902 14.115227
 1167.000000 0.214138 0.129364 0.629793 15.246067
 1168.000000 0.207440 0.130921 0.641028 14.217438
 1169.000000 0.220753 0.149732 0.640818 13.474986
 1170.000000 0.224915 0.134235 0.641090 12.962924
 1171.000000 0.204939 0.131580 0.634194 14.503945
 1172.000000 0.243662 0.121695 0.622618 16.367905
 1173.000000 0.234564 0.120165 0.619800 16.679287
 1174.000000 0.236229 0.100449 0.611045 17.089662
 1175.000000 0.249133 0.129493 0.618808 15.924614
 1176.000000 0.235679 0.129146 0.624496 16.618951
 1177.000000 0.244604 0.128153 0.617566 16.755640
 1178.000000 0.227665 0.124291 0.624205 16.252710
 1179.000000 0.235735 0.130596 0.625916 15.686957
 1180.000000 0.233183 0.120214 0.627010 16.181477
 1181.000000 0.219823 0.135660 0.619916 16.006256
 1182.000000 0.216786 0.150391 0.632341 14.150173
 1183.000000 0.240853 0.127965 0.619654 16.107347
 1184.000000 0.222400 0.134679 0.622823 15.480665
 1185.000000 0.230321 0.132492 0.616314 16.485948
 1186.000000 0.198003 0.129337 0.619641 16.140879
 1187.000000 0.191230 0.115860 0.626444 15.680873
 1188.000000 0.192895 0.138823 0.629213 16.708883
 1189.000000 0.200859 0.147405 0.636411 15.056202
 1190.000000 0.210704 0.122873 0.637530 16.129505
 1191.000000 0.184090 0.131652 0.628260 16.139878
 1192.000000 0.203401 0.158077 0.633400 15.697151
 1193.000000 0.205189 0.125974 0.631646 15.666626
 1194.000000 0.182254 0.131887 0.641043 16.403164
 1195.000000 0.194156 0.128614 0.629302 15.645210
 1196.000000 0.193012 0.120344 0.629910 15.542904
 1197.000000 0.205193 0.117596 0.629093 16.504332
 1198.000000 0.181992 0.122733 0.637627 15.256112
 1199.000000 0.189818 0.127440 0.631073 16.168763
 1200.000000 0.198535 0.146256 0.635096 14.807699
 1201.000000 0.197817 0.125084 0.619226 16.307594
 1202.000000 0.182290 0.117104 0.620677 16.090985
 1203.000000 0.216455 0.134464 0.634700 14.672519
 1204.000000 0.195151 0.124099 0.626828 16.875164
 1205.000000 0.192846 0.145826 0.635224 15.357923
 1206.000000 0.202784 0.137409 0.634099 14.842792
 1207.000000 0.184488 0.123281 0.630451 14.844179
 1208.000000 0.204124 0.140922 0.622219 16.385534
 1209.000000 0.231804 0.112970 0.623373 15.245095
 1210.000000 0.208636 0.127542 0.631043 15.489405
 1211.000000 0.192875 0.125121 0.642356 13.823975
 1212.000000 0.192820 0.146201 0.636976 14.614811
 1213.000000 0.209699 0.130104 0.636021 14.072420
 1214.000000 0.206828 0.130031 0.631828 14.233286
 1215.000000 0.206229 0.132571 0.634754 15.314781
 1216.000000 0.184471 0.136085 0.642088 14.093990
 1217.000000 0.173723 0.119611 0.631147 14.589178
 1218.000000 0.229810 0.137198 0.626588 14.406085
 1219.000000 0.220188 0.148498 0.640279 15.469439
 1220.000000 0.208742 0.145443 0.630931 14.229839
 1221.000000 0.239515 0.145695 0.638065 13.629950
 1222.000000 0.200171 0.113773 0.632543 15.223773
 1223.000000 0.211067 0.132869 0.636496 14.837040
 1224.000000 0.218911 0.136799 0.636942 15.148574
 1225.000000 0.201802 0.120549 0.632642 15.117250
 1226.000000 0.238282 0.135087 0.633962 14.234800
 1227.000000 0.224221 0.134722 0.635897 16.238996
 1228.000000 0.281502 0.129986 0.626389 15.661941
 1229.000000 0.271430 0.124222 0.626781 15.318690
 1230.000000 0.225759 0.137757 0.628883 15.964150
 1231.000000 0.217275 0.141618 0.627993 15.257373
 1232.000000 0.230547 0.121714 0.626869 16.544383
 1233.000000 0.239398 0.127395 0.631472 16.320843
 1234.000000 0.218162 0.152665 0.642382 14.866318
 1235.000000 0.258130 0.146022 0.638166 14.144649
 1236.000000 0.208576 0.159309 0.646529 13.449275
 1237.000000 0.208860 0.144894 0.635160 14.958128
 1238.000000 0.202521 0.149193 0.636517 15.046407
 1239.000000 0.203882 0.162294 0.642917 15.784583
 1240.000000 0.233487 0.142539 0.635997 14.643169
 1241.000000 0.209006 0.127471 0.629801 16.002953
 1242.000000 0.208258 0.147431 0.633226 16.481488
 1243.000000 0.230402 0.140875 0.632619 13.422643
 1244.000000 0.218198 0.126470 0.628798 13.791116
 1245.000000 0.224812 0.151902 0.629148 13.916158
 1246.000000 0.196888 0.128784 0.632480 14.257667
 1247.000000 0.214519 0.143112 0.628167 15.087838
 1248.000000 0.221236 0.154202 0.633565 14.623456
 1249.000000 0.225560 0.148719 0.640507 14.391872
 1250.000000 0.201162 0.136778 0.628171 15.952161
 1251.000000 0.211824 0.131848 0.631086 15.042358
 1252.000000 0.206876 0.117898 0.626479 15.473548
 1253.000000 0.204217 0.131275 0.628373 15.072766
 1254.000000 0.210482 0.142964 0.632792 14.193069
 1255.000000 0.213782 0.144287 0.624606 15.366573
 1256.000000 0.228611 0.142474 0.626234 15.239565
 1257.000000 0.211591 0.129886 0.635405 16.132778
 1258.000000 0.204054 0.114432 0.629158 16.158990
 1259.000000 0.210840 0.112498 0.637483 16.286177
 1260.000000 0.212291 0.114960 0.636055 16.559072
 1261.000000 0.198226 0.137046 0.637509 15.619903
 1262.000000 0.177883 0.109900 0.639423 16.837771
 1263.000000 0.151646 0.121927 0.636790 17.863453
 1264.000000 0.180755 0.105954 0.641125 16.027188
 1265.000000 0.203057 0.115778 0.635216 15.779838
 1266.000000 0.169331 0.120245 0.639405 16.823359
 1267.000000 0.164852 0.103936 0.640540 17.287599
 1268.000000 0.201260 0.121991 0.643158 15.809948
 1269.000000 0.192974 0.108785 0.641967 16.220697
 1270.000000 0.223677 0.132944 0.637035 15.923225
 1271.000000 0.203645 0.133171 0.635704 14.926997
 1272.000000 0.231629 0.142395 0.631871 15.715101
 1273.000000 0.247679 0.166501 0.630951 16.494137
 1274.000000 0.205656 0.141978 0.639432 15.025814
 1275.000000 0.221625 0.137581 0.635621 14.872127
 1276.000000 0.213042 0.143883 0.639127 14.733979
 1277.000000 0.200095 0.148160 0.640586 16.046496
 1278.000000 0.200099 0.134437 0.634278 16.070751
 1279.000000 0.188930 0.137719 0.629457 16.274044
 1280.000000 0.212803 0.132715 0.630099 15.588115
 1281.000000 0.197897 0.110076 0.627662 16.863483
 1282.000000 0.194258 0.139640 0.629234 16.438719
 1283.000000 0.226292 0.138667 0.629093 15.430865
 1284.000000 0.214596 0.121951 0.632396 15.968066
 1285.000000 0.213582 0.131067 0.630901 15.604968
 1286.000000 0.201401 0.128058 0.621297 15.769101
 1287.000000 0.187189 0.122968 0.624438 15.955958
 1288.000000 0.198894 0.116451 0.627972 15.702576
 1289.000000 0.217340 0.143331 0.631926 15.447422
 1290.000000 0.241883 0.139471 0.625104 14.724788
 1291.000000 0.202792 0.136063 0.633958 15.328255
 1292.000000 0.200757 0.103247 0.626415 16.528660
 1293.000000 0.202106 0.127184 0.629733 14.878092
 1294.000000 0.177191 0.125846 0.624067 15.801604
 1295.000000 0.192685 0.112753 0.628521 15.712058
 1296.000000 0.201684 0.136611 0.626529 15.504283
 1297.000000 0.212005 0.131383 0.639149 15.425226
 1298.000000 0.198626 0.117911 0.625235 15.798559
 1299.000000 0.211651 0.134460 0.641501 14.519014
 1300.000000 0.194221 0.139981 0.648389 14.051153
 1301.000000 0.183271 0.149294 0.637204 14.615956
 1302.000000 0.203470 0.139402 0.634423 14.339449
 1303.000000 0.222582 0.141210 0.623660 15.843286
 1304.000000 0.185490 0.130928 0.632800 14.940087
 1305.000000 0.209538 0.126524 0.620914 15.444638
 1306.000000 0.189643 0.135568 0.626687 16.045153
 1307.000000 0.206438 0.127023 0.628761 15.511048
 1308.000000 0.231970 0.129450 0.618269 16.824498
 1309.000000 0.247244 0.150960 0.635162 15.901571
 1310.000000 0.224866 0.116097 0.618248 16.423866
 1311.000000 0.252948 0.133343 0.625909 15.843720
 1312.000000 0.252502 0.136555 0.632000 15.499317
 1313.000000 0.222918 0.124294 0.628386 16.542429
 1314.000000 0.248208 0.126657 0.634656 15.557569
 1315.000000 0.241495 0.126777 0.631462 16.293029
 1316.000000 0.220197 0.137162 0.624736 17.471308
 1317.000000 0.208319 0.118653 0.623058 16.362724
 1318.000000 0.244245 0.106167 0.623934 16.496679
 1319.000000 0.199415 0.129314 0.626145 17.139407
 1320.000000 0.211521 0.105613 0.629717 17.872045
 1321.000000 0.203726 0.112163 0.637625 17.049235
 1322.000000 0.215329 0.134723 0.632996 17.100282
 1323.000000 0.215096 0.141603 0.638480 15.575302
 1324.000000 0.220953 0.096442 0.624717 16.645794
 1325.000000 0.242129 0.111514 0.630713 15.963392
 1326.000000 0.236272 0.112425 0.642272 16.186497
 1327.000000 0.245691 0.131608 0.636237 16.699043
 1328.000000 0.226623 0.127078 0.629338 17.744140
 1329.000000 0.249727 0.120754 0.628848 16.157307
 1330.000000 0.254244 0.117713 0.637238 16.477358
 1331.000000 0.230191 0.105449 0.634654 16.611705
 1332.000000 0.243303 0.102051 0.639441 16.130763
 1333.000000 0.247854 0.110804 0.637980 16.348124
 1334.000000 0.259347 0.116978 0.633318 16.496438
 1335.000000 0.251286 0.123536 0.638084 15.401200
 1336.000000 0.270796 0.116720 0.631289 16.126777
 1337.000000 0.265684 0.110536 0.646592 15.133718
 1338.000000 0.271562 0.118584 0.642755 16.637774
 1339.000000 0.279353 0.121657 0.627145 15.782074
 1340.000000 0.243319 0.121591 0.636199 16.747662
 1341.000000 0.249320 0.119488 0.631219 16.424457
 1342.000000 0.254103 0.125689 0.637004 16.630113
 1343.000000 0.252750 0.110349 0.627543 17.192587
 1344.000000 0.260622 0.112727 0.632170 15.690433
 1345.000000 0.269939 0.135737 0.634316 15.735628
 1346.000000 0.242761 0.129181 0.631932 16.220042
 1347.000000 0.243263 0.120345 0.636808 16.525416
 1348.000000 0.275035 0.103805 0.628325 16.601311
 1349.000000 0.253694 0.108820 0.635475 16.474870
 1350.000000 0.250241 0.098088 0.634560 15.810878
 1351.000000 0.268665 0.128214 0.643406 15.540466
 1352.000000 0.252880 0.133087 0.642261 15.598489
 1353.000000 0.236618 0.113177 0.627697 16.648869
 1354.000000 0.229533 0.134930 0.640579 16.094390
 1355.000000 0.186753 0.106502 0.625691 17.599305
 1356.000000 0.239227 0.121253 0.634685 16.578659
 1357.000000 0.226795 0.106635 0.624265 15.792671
 1358.000000 0.214422 0.115960 0.626303 16.096989
 1359.000000 0.194175 0.113330 0.623185 17.785099
 1360.000000 0.179979 0.112576 0.625065 18.486550
 1361.000000 0.228504 0.103025 0.626871 16.753392
 1362.000000 0.222173 0.121306 0.621060 16.839248
 1363.000000 0.227571 0.107202 0.620495 16.070780
 1364.000000 0.222715 0.123229 0.624496 16.265435
 1365.000000 0.264257 0.122074 0.634395 14.918697
 1366.000000 0.239010 0.117116 0.620154 16.449124
 1367.000000 0.238836 0.120341 0.627846 16.274262
 1368.000000 0.335107 0.123124 0.627754 15.667630
 1369.000000 0.264291 0.141470 0.642767 14.910112
 1370.000000 0.235595 0.124630 0.635780 16.720187
 1371.000000 0.256696 0.121280 0.634546 14.675703
 1372.000000 0.186651 0.133385 0.627860 16.832392
 1373.000000 0.229831 0.135156 0.641563 16.484941
 1374.000000 0.242722 0.127638 0.630018 15.039152
 1375.000000 0.307996 0.140789 0.636381 14.420682
 1376.000000 0.293422 0.155782 0.643381 14.271169
 1377.000000 0.302295 0.161106 0.650835 14.651334
 1378.000000 0.252228 0.159741 0.648580 16.091511
 1379.000000 0.272716 0.170071 0.644408 16.405672
 1380.000000 0.264604 0.168711 0.638384 15.993721
 1381.000000 0.303414 0.178538 0.641652 15.690687
 1382.000000 0.219185 0.169645 0.634606 14.809936
 1383.000000 0.189188 0.141173 0.629481 16.069836
 1384.000000 0.156208 0.138032 0.632207 16.876202
 1385.000000 0.184565 0.132582 0.634780 15.962643
 1386.000000 0.203269 0.130240 0.630255 15.957498
 1387.000000 0.171333 0.139596 0.632933 17.510443
 1388.000000 0.190134 0.130166 0.638828 16.481180
 1389.000000 0.161606 0.148949 0.630332 15.973212
 1390.000000 0.153844 0.143152 0.632719 15.536275
 1391.000000 0.153317 0.121953 0.629388 15.776259
 1392.000000 0.173490 0.120105 0.642045 14.126030
 1393.000000 0.151069 0.149628 0.627089 15.450981
 1394.000000 0.176841 0.125831 0.618184 16.300237
 1395.000000 0.185196 0.125641 0.632390 15.351372
 1396.000000 0.160020 0.120167 0.626054 15.558523
 1397.000000 0.152780 0.141207 0.634194 16.978775
 1398.000000 0.188952 0.129694 0.627996 16.193117
 1399.000000 0.167117 0.146113 0.622768 16.960925
 1400.000000 0.185071 0.146434 0.626988 16.675004
 1401.000000 0.193245 0.160171 0.631554 15.323068
 1402.000000 0.164533 0.137033 0.631936 16.369529
 1403.000000 0.171718 0.139433 0.627760 16.228758
 1404.000000 0.194323 0.139385 0.623570 16.932236
 1405.000000 0.229474 0.120673 0.621397 16.108066
 1406.000000 0.256836 0.124625 0.622997 15.932717
 1407.000000 0.255013 0.133687 0.629157 15.410212
 1408.000000 0.237944 0.146444 0.639532 14.052053
 1409.000000 0.219520 0.131926 0.624036 15.701153
 1410.000000 0.201829 0.124637 0.621963 16.451306
 1411.000000 0.244576 0.156141 0.635513 15.749761
 1412.000000 0.257595 0.122726 0.623905 15.022333
 1413.000000 0.238957 0.128720 0.630526 15.094262
 1414.000000 0.245208 0.121244 0.626800 15.777849
 1415.000000 0.209196 0.133367 0.634048 15.109187
 1416.000000 0.234865 0.140903 0.625137 15.517603
 1417.000000 0.237155 0.124047 0.635830 16.464859
 1418.000000 0.285133 0.130315 0.635395 14.326272
 1419.000000 0.305177 0.184657 0.652553 14.338491
 1420.000000 0.311153 0.165212 0.643825 13.579736
 1421.000000 0.315710 0.179711 0.647930 13.954152
 1422.000000 0.299506 0.170827 0.644189 14.878139
 1423.000000 0.328427 0.198919 0.658865 13.491040
 1424.000000 0.327614 0.192872 0.660272 14.293825
 1425.000000 0.317658 0.184430 0.655162 14.482399
 1426.000000 0.316274 0.160740 0.651321 14.361613
 1427.000000 0.320272 0.169867 0.646830 14.479239
 1428.000000 0.279111 0.179338 0.642122 14.085344
 1429.000000 0.313188 0.155469 0.636874 13.848234
 1430.000000 0.279801 0.160661 0.641192 14.222232
 1431.000000 0.278138 0.165985 0.641358 14.438685
 1432.000000 0.306683 0.170406 0.654306 14.645628
 1433.000000 0.304556 0.166242 0.645155 14.647475
 1434.000000 0.305634 0.168626 0.647340 15.087639
 1435.000000 0.276001 0.144084 0.642545 14.445823
 1436.000000 0.269262 0.158646 0.645987 13.895915
 1437.000000 0.287866 0.166985 0.654670 13.418611
 1438.000000 0.266954 0.151496 0.644880 14.487242
 1439.000000 0.278442 0.154820 0.651805 14.388741
 1440.000000 0.269898 0.155905 0.635814 13.586496
 1441.000000 0.280523 0.177006 0.651103 13.877326
 1442.000000 0.271483 0.163662 0.644405 15.187902
 1443.000000 0.283660 0.177591 0.657316 13.239060
 1444.000000 0.320498 0.178567 0.660192 13.408700
 1445.000000 0.277238 0.201855 0.658086 14.462180
 1446.000000 0.249384 0.149927 0.654162 14.314264
 1447.000000 0.239966 0.136369 0.640051 13.987022
 1448.000000 0.299076 0.164372 0.651243 15.311199
 1449.000000 0.292820 0.176738 0.651571 14.642391
 1450.000000 0.278006 0.166786 0.647294 14.251575
 1451.000000 0.300687 0.197547 0.659056 14.111147
 1452.000000 0.295147 0.177802 0.650256 13.380523
 1453.000000 0.307581 0.184626 0.659794 12.349452
 1454.000000 0.300848 0.193941 0.661543 13.450862
 1455.000000 0.259226 0.162878 0.658205 15.068575
 1456.000000 0.259065 0.180250 0.650735 14.145819
 1457.000000 0.278619 0.181090 0.652319 14.279617
 1458.000000 0.229463 0.167691 0.650457 14.001811
 1459.000000 0.296517 0.189240 0.647922 13.010331
 1460.000000 0.282505 0.174492 0.654552 13.640170
 1461.000000 0.282204 0.167348 0.647339 13.926100
 1462.000000 0.255290 0.163184 0.638339 13.857801
 1463.000000 0.307108 0.166763 0.643938 14.603454
 1464.000000 0.241793 0.165637 0.643544 14.973189
 1465.000000 0.293858 0.143801 0.637296 14.580982
 1466.000000 0.299471 0.151375 0.644629 13.905863
 1467.000000 0.229231 0.152411 0.639567 13.383038
 1468.000000 0.280859 0.182514 0.649653 14.372232
 1469.000000 0.273317 0.159327 0.646220 13.304829
 1470.000000 0.278624 0.174920 0.651272 13.149309
 1471.000000 0.282299 0.188305 0.648236 13.544556
 1472.000000 0.271852 0.172222 0.652857 14.313625
 1473.000000 0.303299 0.195686 0.660297 14.184632
 1474.000000 0.248742 0.159469 0.648178 14.657323
 1475.000000 0.253070 0.168358 0.660044 13.611885
 1476.000000 0.280979 0.184684 0.658474 14.381635
 1477.000000 0.265927 0.179136 0.651283 14.906259
 1478.000000 0.275984 0.175611 0.651901 14.509837
 1479.000000 0.282510 0.166398 0.648606 13.717908
 1480.000000 0.225307 0.170874 0.655002 14.165809
 1481.000000 0.255811 0.164951 0.650602 15.183732
 1482.000000 0.251841 0.170102 0.646721 13.907627
 1483.000000 0.271908 0.174161 0.641209 14.524335
 1484.000000 0.234341 0.166547 0.655232 13.974025
 1485.000000 0.235650 0.182059 0.658478 14.174777
 1486.000000 0.215495 0.169672 0.648666 14.095608
 1487.000000 0.276066 0.165311 0.648180 14.549718
 1488.000000 0.280094 0.178502 0.647404 14.635371
 1489.000000 0.294509 0.164587 0.652269 14.466585
 1490.000000 0.270614 0.183733 0.644320 14.456292
 1491.000000 0.261176 0.171761 0.652533 13.729243
 1492.000000 0.330891 0.188706 0.654645 13.303423
 1493.000000 0.288979 0.178611 0.655013 14.497591
 1494.000000 0.249089 0.139234 0.646510 14.163950
 1495.000000 0.239635 0.158127 0.643326 13.183130
 1496.000000 0.284606 0.149132 0.636986 12.385411
 1497.000000 0.292098 0.171412 0.647482 12.593416
 1498.000000 0.278231 0.168817 0.642318 14.755721
 1499.000000 0.273501 0.182861 0.645726 14.641884
 1500.000000 0.284097 0.177620 0.647981 14.450418
 1501.000000 0.205248 0.134472 0.629176 14.910233
 1502.000000 0.180609 0.143905 0.644136 15.380725
 1503.000000 0.166985 0.143771 0.640070 15.981374
 1504.000000 0.176128 0.148382 0.651504 14.187597
 1505.000000 0.150907 0.153766 0.652001 15.957599
 1506.000000 0.161351 0.139415 0.645294 15.210410
 1507.000000 0.158459 0.153592 0.645060 15.616363
 1508.000000 0.178092 0.117082 0.635173 15.654488
 1509.000000 0.176164 0.142742 0.640870 15.011910
 1510.000000 0.186066 0.151109 0.653489 14.210102
 1511.000000 0.158802 0.153001 0.641554 14.201156
 1512.000000 0.197734 0.142591 0.641252 16.238748
 1513.000000 0.176360 0.133418 0.643643 15.280466
 1514.000000 0.162827 0.122651 0.635372 15.412869
 1515.000000 0.193972 0.132941 0.639547 15.100714
 1516.000000 0.171632 0.126590 0.629071 16.323417
 1517.000000 0.176413 0.126288 0.624572 14.636658
 1518.000000 0.178073 0.140326 0.634354 15.116810
 1519.000000 0.179361 0.141611 0.641861 13.685316
 1520.000000 0.196039 0.117919 0.632453 16.035208
 1521.000000 0.175957 0.135805 0.636690 14.465840
 1522.000000 0.184637 0.126250 0.644045 13.569933
 1523.000000 0.146625 0.122717 0.627251 16.801662
 1524.000000 0.160455 0.115081 0.629602 15.771604
 1525.000000 0.165265 0.131203 0.642972 15.604190
 1526.000000 0.155977 0.127517 0.626787 16.268186
 1527.000000 0.146713 0.129502 0.634719 14.633322
 1528.000000 0.168359 0.120918 0.634213 15.517256
 1529.000000 0.166255 0.141303 0.643643 15.475876
 1530.000000 0.165442 0.120938 0.634961 16.417814
 1531.000000 0.158179 0.118175 0.623899 15.214881
 1532.000000 0.154991 0.123510 0.625904 16.262006
 1533.000000 0.154666 0.116720 0.634475 14.667747
 1534.000000 0.155768 0.126136 0.626048 16.481404
 1535.000000 0.165354 0.145335 0.630461 15.501185
 1536.000000 0.163488 0.136084 0.639808 15.253108
 1537.000000 0.183208 0.158046 0.638798 14.094963
 1538.000000 0.211792 0.146546 0.640498 14.668720
 1539.000000 0.203411 0.147665 0.636970 14.574744
 1540.000000 0.165604 0.135012 0.630657 15.519535
 1541.000000 0.167894 0.130157 0.623348 16.803583
 1542.000000 0.155956 0.131604 0.629742 15.823319
 1543.000000 0.184841 0.129019 0.626440 15.372158
 1544.000000 0.182032 0.140963 0.619958 14.839353
 1545.000000 0.152891 0.113127 0.628625 15.949289
 1546.000000 0.152348 0.109477 0.629547 16.796335
 1547.000000 0.151968 0.120945 0.636400 15.323195
 1548.000000 0.161422 0.132745 0.632136 15.794156
 1549.000000 0.173208 0.131541 0.630495 15.879970
 1550.000000 0.177130 0.149066 0.643002 14.620167
 1551.000000 0.171871 0.122611 0.629501 15.307137
 1552.000000 0.170529 0.138503 0.627268 15.341719
 1553.000000 0.186893 0.136075 0.621615 16.499404
 1554.000000 0.195449 0.132892 0.635926 14.414049
 1555.000000 0.182516 0.124602 0.625104 15.430262
 1556.000000 0.177412 0.131472 0.621204 15.901993
 1557.000000 0.165472 0.141256 0.624259 15.419007
 1558.000000 0.197785 0.127915 0.632139 14.792590
 1559.000000 0.176359 0.150499 0.633868 14.197940
 1560.000000 0.179959 0.132357 0.630025 15.728369
 1561.000000 0.169285 0.129198 0.620799 15.463061
 1562.000000 0.167439 0.128424 0.630271 15.559332
 1563.000000 0.185234 0.118963 0.635829 16.439905
 1564.000000 0.197034 0.132926 0.626142 16.938100
 1565.000000 0.197540 0.140150 0.642258 15.398357
 1566.000000 0.228584 0.123591 0.636232 15.332677
 1567.000000 0.182039 0.132556 0.631431 14.860060
 1568.000000 0.197048 0.138988 0.633072 17.298107
 1569.000000 0.232724 0.126062 0.634057 15.343208
 1570.000000 0.282470 0.150605 0.638592 12.758313
 1571.000000 0.276919 0.153032 0.643697 13.452810
 1572.000000 0.236400 0.162519 0.642622 14.193825
 1573.000000 0.250466 0.139744 0.641771 14.083494
 1574.000000 0.276391 0.148337 0.640143 13.561171
 1575.000000 0.271072 0.159800 0.648655 14.816795
 1576.000000 0.284983 0.140882 0.626208 14.193453
 1577.000000 0.222485 0.141984 0.636069 14.297058
 1578.000000 0.243402 0.144950 0.640745 13.643433
 1579.000000 0.238703 0.149046 0.645357 13.416587
 1580.000000 0.211539 0.133335 0.634297 14.629371
 1581.000000 0.201614 0.121958 0.629705 15.287961
 1582.000000 0.227690 0.132952 0.638677 12.838994
 1583.000000 0.240690 0.134063 0.627586 13.798285
 1584.000000 0.285520 0.160273 0.650717 13.238430
 1585.000000 0.265351 0.155979 0.636950 13.851213
 1586.000000 0.289610 0.149763 0.647021 14.341531
 1587.000000 0.222476 0.174861 0.648280 13.037688
 1588.000000 0.239542 0.163243 0.651756 11.803954
 1589.000000 0.228319 0.135491 0.648412 12.978287
 1590.000000 0.259008 0.167050 0.643506 13.227802
 1591.000000 0.295360 0.166194 0.653169 13.099894
 1592.000000 0.304577 0.178764 0.650176 12.462895
 1593.000000 0.287497 0.187155 0.660986 13.465563
 1594.000000 0.329617 0.179291 0.653812 12.487733
 1595.000000 0.322003 0.189295 0.654824 12.515755
 1596.000000 0.263314 0.189596 0.658693 13.109366
 1597.000000 0.287769 0.175127 0.652657 12.533325
 1598.000000 0.299868 0.176035 0.651756 12.374473
 1599.000000 0.273682 0.175975 0.646725 14.357894
 1600.000000 0.268645 0.165535 0.654828 14.045234
 1601.000000 0.281417 0.178108 0.642445 13.323091
 1602.000000 0.274344 0.175321 0.646554 14.055092
 1603.000000 0.295049 0.186038 0.649056 13.228598
 1604.000000 0.280765 0.185329 0.651884 13.202617
 1605.000000 0.278402 0.184847 0.650804 13.837279
 1606.000000 0.281703 0.176888 0.654774 13.456607
 1607.000000 0.314546 0.176980 0.650282 14.854311
 1608.000000 0.362331 0.183258 0.649632 13.809061
 1609.000000 0.343202 0.187856 0.642105 13.503863
 1610.000000 0.334484 0.195445 0.658241 14.084821
 1611.000000 0.299702 0.188643 0.658789 11.998105
 1612.000000 0.285669 0.196012 0.648745 13.965586
 1613.000000 0.267999 0.161655 0.645787 13.876855
 1614.000000 0.306124 0.188058 0.654314 12.861945
 1615.000000 0.341806 0.182770 0.650649 12.137967
 1616.000000 0.290249 0.175780 0.645974 14.297841
 1617.000000 0.290476 0.152178 0.626367 14.572280
 1618.000000 0.290300 0.166277 0.642344 14.136605
 1619.000000 0.274567 0.161858 0.638317 14.272990
 1620.000000 0.287195 0.177357 0.644294 14.061237
 1621.000000 0.247240 0.169473 0.646845 14.786599
 1622.000000 0.287026 0.173987 0.651715 12.474824
 1623.000000 0.297561 0.170333 0.650683 12.792281
 1624.000000 0.270288 0.158485 0.651129 12.937451
 1625.000000 0.245534 0.183176 0.656688 12.982169
 1626.000000 0.271942 0.185340 0.656575 14.542596
 1627.000000 0.317969 0.198293 0.654377 13.553811
 1628.000000 0.290382 0.172009 0.646127 13.985471
 1629.000000 0.248802 0.163015 0.641392 13.659917
 1630.000000 0.306792 0.197670 0.655916 13.107855
 1631.000000 0.267027 0.179538 0.649915 14.420333
 1632.000000 0.233501 0.161417 0.640671 13.390864
 1633.000000 0.228452 0.155432 0.624740 13.742480
 1634.000000 0.231366 0.165080 0.639186 13.113663
 1635.000000 0.296201 0.163489 0.644630 13.701480
 1636.000000 0.249236 0.168319 0.650253 12.762389
 1637.000000 0.215457 0.156084 0.636089 13.973482
 1638.000000 0.245777 0.169693 0.659999 12.549418
 1639.000000 0.262931 0.163614 0.648781 12.362548
 1640.000000 0.259902 0.162722 0.643411 11.606904
 1641.000000 0.244401 0.178184 0.648220 11.951024
 1642.000000 0.246175 0.172623 0.637097 12.958265
 1643.000000 0.300085 0.191305 0.669225 14.060664
 1644.000000 0.229129 0.171965 0.642234 15.181560
 1645.000000 0.225068 0.181926 0.654673 13.879913
