#! FIELDS time rho rmsd Rg c
 0.000000 1.008520 0.088241 0.635427 1.593471
 1.000000 1.028425 0.092615 0.626237 1.951612
 2.000000 0.954018 0.083429 0.635540 2.414194
 3.000000 1.024212 0.079873 0.635889 2.249977
 4.000000 1.020076 0.086266 0.639242 1.678652
 5.000000 0.919357 0.084775 0.638867 2.367171
 6.000000 0.918764 0.098396 0.636081 2.297606
 7.000000 0.903823 0.102892 0.644297 2.507916
 8.000000 0.960947 0.103755 0.638040 1.554193
 9.000000 0.907825 0.096844 0.635409 2.014302
 10.000000 0.937646 0.083961 0.642270 1.961098
 11.000000 0.958962 0.100820 0.638840 2.147947
 12.000000 0.980478 0.102076 0.641816 1.645656
 13.000000 0.946484 0.086087 0.634920 2.139872
 14.000000 0.902566 0.105501 0.635503 2.037844
 15.000000 0.811925 0.115602 0.639992 2.227814
 16.000000 0.908384 0.082903 0.640488 1.932423
 17.000000 0.892312 0.084019 0.626213 2.448667
 18.000000 0.843955 0.085624 0.632959 1.905196
 19.000000 0.914740 0.101821 0.648014 0.952871
 20.000000 0.882027 0.079704 0.639682 1.745021
 21.000000 0.772418 0.078993 0.639902 2.976777
 22.000000 0.719772 0.081214 0.636256 3.102859
 23.000000 0.705020 0.086181 0.641352 3.240079
 24.000000 0.591435 0.093865 0.643800 5.156260
 25.000000 0.601995 0.083982 0.628245 5.896110
 26.000000 0.794840 0.098841 0.642508 1.903311
 27.000000 0.804666 0.088732 0.637505 2.476576
 28.000000 0.836085 0.082997 0.644059 1.699659
 29.000000 0.669385 0.082124 0.651899 5.307775
 30.000000 0.689616 0.093917 0.637696 5.223661
 31.000000 0.665942 0.088984 0.633067 5.978763
 32.000000 0.717126 0.079196 0.632843 5.071428
 33.000000 0.622120 0.088079 0.635216 5.740816
 34.000000 0.631933 0.089958 0.641618 5.390012
 35.000000 0.715164 0.078552 0.634991 5.003836
 36.000000 0.747112 0.090279 0.638993 4.810257
 37.000000 0.729517 0.095132 0.636364 4.580305
 38.000000 0.694021 0.097472 0.637032 4.839679
 39.000000 0.663215 0.080201 0.633567 4.982268
 40.000000 0.681241 0.082087 0.636623 5.517759
 41.000000 0.672310 0.091522 0.627189 5.472160
 42.000000 0.679989 0.087859 0.633344 5.637620
 43.000000 0.665576 0.097007 0.629537 5.907514
 44.000000 0.674493 0.097279 0.645754 4.790576
 45.000000 0.742656 0.080493 0.633950 4.675597
 46.000000 0.751383 0.094273 0.644452 4.642849
 47.000000 0.747885 0.104807 0.643222 4.473752
 48.000000 0.665254 0.100379 0.634087 5.415536
 49.000000 0.740187 0.090599 0.647680 5.396733
 50.000000 0.883987 0.086473 0.646860 4.401619
 51.000000 0.780782 0.104499 0.647210 4.328840
 52.000000 0.737351 0.094495 0.642842 5.320207
 53.000000 0.734564 0.109701 0.640721 4.365874
 54.000000 0.654340 0.086326 0.639021 4.719972
 55.000000 0.632633 0.093314 0.643954 5.447836
 56.000000 0.559640 0.084357 0.636738 6.495126
 57.000000 0.587883 0.073471 0.637093 5.421994
 58.000000 0.579317 0.096751 0.642059 5.396660
 59.000000 0.599983 0.096950 0.638931 5.936765
 60.000000 0.658379 0.103656 0.648101 5.282040
 61.000000 0.679349 0.101087 0.644434 4.851059
 62.000000 0.716607 0.092461 0.643570 4.340012
 63.000000 0.619318 0.108361 0.647922 5.025715
 64.000000 0.678651 0.085343 0.644573 3.696489
 65.000000 0.724523 0.104837 0.637649 3.657478
 66.000000 0.956606 0.107085 0.638054 1.336295
 67.000000 0.979549 0.113810 0.635993 1.678821
 68.000000 0.898360 0.102297 0.629520 2.128486
 69.000000 0.932156 0.099530 0.638208 2.146327
 70.000000 0.922137 0.089505 0.638067 2.229706
 71.000000 0.824798 0.093707 0.634418 2.959786
 72.000000 0.877843 0.100389 0.627776 1.877018
 73.000000 0.841637 0.108095 0.633762 1.900689
 74.000000 0.954122 0.096930 0.638283 0.758781
 75.000000 0.905597 0.112933 0.634844 1.132481
 76.000000 0.881126 0.104045 0.630836 1.522336
 77.000000 0.768730 0.102457 0.633132 2.387275
 78.000000 0.753540 0.094202 0.624149 2.857619
 79.000000 0.859565 0.100792 0.636783 1.786049
 80.000000 0.950992 0.094112 0.638502 1.734959
 81.000000 0.893776 0.101860 0.645562 1.908939
 82.000000 0.862924 0.113135 0.636702 2.038721
 83.000000 1.004948 0.097979 0.632896 0.826931
 84.000000 0.920786 0.100749 0.637276 1.348319
 85.000000 0.998843 0.096882 0.630618 0.661549
 86.000000 0.834778 0.102341 0.626559 1.913431
 87.000000 0.875332 0.106156 0.634337 1.863331
 88.000000 0.898335 0.100664 0.632199 1.437183
 89.000000 0.913996 0.099198 0.631981 1.481230
 90.000000 0.889303 0.096825 0.628250 1.428222
 91.000000 0.874745 0.108734 0.630836 1.559716
 92.000000 1.004236 0.104135 0.632655 0.639417
 93.000000 0.981885 0.096015 0.621167 0.629473
 94.000000 1.074202 0.114266 0.629859 0.420559
 95.000000 1.036166 0.113032 0.627901 0.570183
 96.000000 1.176483 0.106364 0.629866 0.265368
 97.000000 1.053386 0.102064 0.625789 0.392206
 98.000000 0.979765 0.120270 0.627349 0.599980
 99.000000 1.019584 0.107514 0.640063 0.473417
 100.000000 0.939442 0.092115 0.631132 0.664559
 101.000000 0.986852 0.104281 0.622591 0.590268
 102.000000 0.973026 0.099340 0.631619 0.621821
 103.000000 1.006358 0.095079 0.635968 0.564493
 104.000000 1.158048 0.104926 0.636482 0.202109
 105.000000 1.254237 0.115138 0.631559 0.125681
 106.000000 1.140149 0.106834 0.632296 0.252276
 107.000000 0.962288 0.113782 0.636997 0.653534
 108.000000 1.161780 0.121422 0.633852 0.208015
 109.000000 1.207618 0.121877 0.634389 0.150737
 110.000000 1.255984 0.108934 0.634822 0.109613
 111.000000 1.258733 0.106766 0.633198 0.115689
 112.000000 1.313035 0.108774 0.628083 0.088251
 113.000000 1.413926 0.105195 0.631948 0.064184
 114.000000 1.464993 0.117278 0.636529 0.052849
 115.000000 1.008458 0.112722 0.637839 0.539096
 116.000000 1.002620 0.100331 0.637492 0.789620
 117.000000 0.944096 0.096858 0.627604 0.955179
 118.000000 0.962926 0.122998 0.628118 0.746699
 119.000000 1.036396 0.103781 0.616627 0.677250
 120.000000 1.168360 0.109159 0.629404 0.320846
 121.000000 1.271620 0.109743 0.626698 0.201824
 122.000000 1.388515 0.120973 0.632674 0.249758
 123.000000 1.239558 0.103218 0.626478 0.314200
 124.000000 1.063640 0.102291 0.625619 0.553534
 125.000000 1.142121 0.103658 0.636933 0.427701
 126.000000 1.080429 0.101565 0.641473 0.404609
 127.000000 0.873756 0.088926 0.632533 1.369026
 128.000000 1.016071 0.094242 0.639044 0.791780
 129.000000 1.206482 0.104469 0.634798 0.379699
 130.000000 1.122088 0.104581 0.632604 0.397647
 131.000000 1.054161 0.097897 0.638906 0.558218
 132.000000 1.110649 0.111932 0.634582 0.527538
 133.000000 1.115455 0.088610 0.632245 0.576024
 134.000000 1.309192 0.085991 0.628157 0.241721
 135.000000 1.011386 0.096210 0.631621 0.747277
 136.000000 0.748069 0.096904 0.633258 2.664038
 137.000000 0.750035 0.097528 0.619702 3.502240
 138.000000 0.775733 0.099039 0.628071 2.901771
 139.000000 0.716201 0.108873 0.640870 4.239218
 140.000000 0.755645 0.098629 0.634117 2.857424
 141.000000 0.789240 0.110181 0.636885 2.642507
 142.000000 0.715942 0.114322 0.637873 4.271573
 143.000000 0.698001 0.115092 0.633797 3.388964
 144.000000 0.696650 0.101734 0.631881 3.156704
 145.000000 0.940014 0.091579 0.624566 0.655540
 146.000000 0.876013 0.108709 0.625105 0.870819
 147.000000 0.841543 0.112333 0.631985 1.044454
 148.000000 1.075699 0.095865 0.627289 0.280869
 149.000000 1.162267 0.110256 0.628369 0.209153
 150.000000 0.999374 0.103735 0.629899 0.433166
 151.000000 0.857770 0.107020 0.635394 0.968895
 152.000000 0.949119 0.094471 0.632171 0.518311
 153.000000 1.028081 0.099019 0.636145 0.376784
 154.000000 0.952016 0.109564 0.648652 0.545290
 155.000000 0.818846 0.092308 0.635737 1.152715
 156.000000 0.835231 0.101186 0.625028 1.205887
 157.000000 0.690438 0.099567 0.633073 3.186352
 158.000000 0.684180 0.100364 0.634925 3.405809
 159.000000 0.686213 0.099666 0.635419 3.222757
 160.000000 0.673211 0.103332 0.632362 4.087708
 161.000000 0.706652 0.101912 0.628009 2.272006
 162.000000 0.707053 0.099288 0.634187 2.674336
 163.000000 0.681493 0.119636 0.625571 3.472047
 164.000000 0.694718 0.104807 0.629880 3.729183
 165.000000 0.711674 0.099168 0.637026 3.438346
 166.000000 0.759091 0.096260 0.639220 3.522238
 167.000000 0.804931 0.114815 0.643167 1.759193
 168.000000 0.856983 0.099378 0.638073 1.165481
 169.000000 1.009788 0.093807 0.632981 0.639635
 170.000000 1.046011 0.100804 0.631922 0.440245
 171.000000 1.138135 0.087362 0.629583 0.410072
 172.000000 1.213768 0.090924 0.626694 0.268646
 173.000000 1.217798 0.093442 0.627641 0.152824
 174.000000 1.370402 0.102919 0.634527 0.096962
 175.000000 1.431328 0.087704 0.636369 0.060487
 176.000000 1.568309 0.110528 0.634977 0.036455
 177.000000 1.487757 0.098878 0.634898 0.053927
 178.000000 1.543146 0.099248 0.630490 0.041815
 179.000000 1.309548 0.101323 0.640274 0.162081
 180.000000 1.416732 0.111304 0.635622 0.069979
 181.000000 1.452156 0.110043 0.652297 0.048805
 182.000000 1.188658 0.095848 0.633005 0.187168
 183.000000 0.925047 0.090104 0.635884 0.976956
 184.000000 0.942835 0.099503 0.638324 0.709384
 185.000000 1.000070 0.099319 0.632143 0.614820
 186.000000 0.944339 0.102983 0.632572 0.683033
 187.000000 0.940171 0.092590 0.638210 0.619742
 188.000000 0.874933 0.093414 0.629239 1.139238
 189.000000 0.877989 0.088848 0.629884 1.865456
 190.000000 0.825392 0.097302 0.638821 2.947110
 191.000000 0.893624 0.105441 0.631903 1.675443
 192.000000 1.145953 0.090528 0.634344 0.292161
 193.000000 1.131043 0.079621 0.640808 0.248790
 194.000000 1.143208 0.086561 0.638216 0.225392
 195.000000 1.125906 0.082578 0.631425 0.231901
 196.000000 1.140296 0.087266 0.633164 0.209625
 197.000000 1.046980 0.107058 0.635808 0.317037
 198.000000 1.018893 0.104413 0.635719 0.331767
 199.000000 0.909724 0.090075 0.630054 0.903214
 200.000000 1.249915 0.107532 0.631329 0.180072
 201.000000 1.153172 0.102890 0.627484 0.265272
 202.000000 1.337498 0.100389 0.631125 0.134549
 203.000000 1.217436 0.109605 0.624886 0.150209
 204.000000 1.248727 0.109569 0.632970 0.122965
 205.000000 1.412670 0.103833 0.633939 0.059126
 206.000000 1.606457 0.108165 0.623195 0.043720
 207.000000 1.364178 0.103902 0.631050 0.152904
 208.000000 1.525118 0.090596 0.625166 0.064363
 209.000000 1.569205 0.087579 0.625843 0.089199
 210.000000 1.500755 0.094184 0.628839 0.121655
 211.000000 1.830967 0.099345 0.619442 0.028236
 212.000000 1.680677 0.097048 0.616931 0.050239
 213.000000 2.062930 0.093305 0.613097 0.016086
 214.000000 2.004987 0.100959 0.626457 0.017638
 215.000000 1.867941 0.089412 0.612489 0.030852
 216.000000 1.964824 0.090541 0.631388 0.023062
 217.000000 2.008144 0.093592 0.630128 0.021822
 218.000000 2.028405 0.097786 0.629160 0.019361
 219.000000 2.141937 0.078919 0.619815 0.011272
 220.000000 2.089240 0.098969 0.628691 0.016068
 221.000000 2.329306 0.123910 0.634438 0.008016
 222.000000 2.127001 0.105429 0.636859 0.015607
 223.000000 1.906058 0.093021 0.622829 0.028495
 224.000000 1.942949 0.098090 0.633486 0.022641
 225.000000 2.071363 0.106294 0.625318 0.018012
 226.000000 1.917909 0.087762 0.621970 0.029834
 227.000000 1.864889 0.094627 0.619177 0.028509
 228.000000 2.026102 0.091760 0.618676 0.017656
 229.000000 1.896444 0.084236 0.624144 0.021015
 230.000000 1.698911 0.101924 0.619704 0.048036
 231.000000 1.789775 0.080247 0.616407 0.027141
 232.000000 1.958592 0.100195 0.626482 0.015412
 233.000000 2.105703 0.093236 0.624258 0.009990
 234.000000 2.094874 0.087708 0.618696 0.010080
 235.000000 2.190737 0.099623 0.629683 0.009640
 236.000000 2.271181 0.102864 0.625076 0.010078
 237.000000 2.306625 0.105649 0.631882 0.010209
 238.000000 2.210183 0.091313 0.623414 0.010412
 239.000000 2.359148 0.083848 0.627203 0.007295
 240.000000 2.400168 0.091940 0.627455 0.007464
 241.000000 2.414084 0.101529 0.636746 0.006728
 242.000000 2.356797 0.102988 0.635267 0.008159
 243.000000 2.308826 0.100447 0.625623 0.008703
 244.000000 2.246999 0.094418 0.617539 0.010238
 245.000000 2.259591 0.093046 0.626816 0.009472
 246.000000 2.261761 0.103847 0.623956 0.011357
 247.000000 2.355122 0.104309 0.629663 0.008682
 248.000000 2.336553 0.080834 0.629076 0.009831
 249.000000 2.323564 0.083907 0.626714 0.009444
 250.000000 2.406060 0.088831 0.637030 0.007505
 251.000000 2.329077 0.089556 0.631177 0.008542
 252.000000 2.396473 0.089801 0.634809 0.008336
 253.000000 2.411016 0.102448 0.636774 0.007266
 254.000000 2.355909 0.092921 0.635901 0.008801
 255.000000 2.395422 0.109138 0.637565 0.007570
 256.000000 2.259905 0.100018 0.629523 0.009675
 257.000000 2.523357 0.088294 0.634023 0.003977
 258.000000 2.492051 0.088681 0.633219 0.004488
 259.000000 2.594486 0.113352 0.633623 0.003557
 260.000000 2.500607 0.094995 0.634952 0.005004
 261.000000 2.501756 0.104249 0.632774 0.005110
 262.000000 2.333888 0.093613 0.639669 0.009168
 263.000000 2.370622 0.085925 0.624785 0.007471
 264.000000 2.541176 0.101222 0.630455 0.004506
 265.000000 2.441589 0.101529 0.635640 0.006706
 266.000000 2.318374 0.087891 0.640712 0.008963
 267.000000 2.492544 0.102833 0.630573 0.005537
 268.000000 2.519697 0.106244 0.626488 0.004928
 269.000000 2.518997 0.093349 0.632159 0.005650
 270.000000 2.473356 0.107489 0.630343 0.006068
 271.000000 2.508694 0.096650 0.626397 0.004184
 272.000000 2.567212 0.104042 0.629201 0.004335
 273.000000 2.553861 0.110709 0.632799 0.004026
 274.000000 2.416963 0.111562 0.628170 0.005731
 275.000000 2.285717 0.105405 0.623033 0.008251
 276.000000 2.685545 0.103484 0.633640 0.002173
 277.000000 2.653884 0.106373 0.627381 0.002354
 278.000000 2.799374 0.121588 0.633904 0.001472
 279.000000 2.833817 0.101552 0.628881 0.001684
 280.000000 2.676938 0.107549 0.633718 0.002386
 281.000000 3.005770 0.093281 0.621032 0.000581
 282.000000 2.853938 0.109205 0.622375 0.001201
 283.000000 2.592504 0.091236 0.614659 0.002995
 284.000000 2.875654 0.102077 0.619341 0.001158
 285.000000 2.821752 0.093349 0.619225 0.001507
 286.000000 2.479238 0.089588 0.621271 0.005239
 287.000000 2.582749 0.091792 0.611857 0.004056
 288.000000 2.564304 0.091184 0.619153 0.004441
 289.000000 2.562227 0.079182 0.626793 0.003595
 290.000000 2.704949 0.081017 0.627056 0.001967
 291.000000 2.619479 0.086031 0.619746 0.002901
 292.000000 2.501302 0.088716 0.623233 0.003820
 293.000000 2.471482 0.074845 0.627375 0.003666
 294.000000 2.434842 0.079069 0.619773 0.004631
 295.000000 2.500233 0.082510 0.620991 0.003315
 296.000000 2.391714 0.081140 0.620994 0.004703
 297.000000 2.580607 0.098054 0.627349 0.003061
 298.000000 2.385430 0.098441 0.631184 0.005117
 299.000000 2.344080 0.079404 0.621052 0.005222
 300.000000 2.398234 0.070233 0.624684 0.004484
 301.000000 2.332942 0.086044 0.624866 0.005534
 302.000000 2.290545 0.075746 0.616689 0.006593
 303.000000 2.286297 0.100229 0.626071 0.007433
 304.000000 2.360355 0.085192 0.627680 0.004962
 305.000000 2.215659 0.076042 0.620446 0.008053
 306.000000 2.146321 0.082587 0.620007 0.009342
 307.000000 2.290748 0.080819 0.626132 0.005449
 308.000000 2.193436 0.078297 0.620401 0.010580
 309.000000 2.236526 0.084924 0.614653 0.009575
 310.000000 2.337965 0.071843 0.623162 0.006134
 311.000000 2.221632 0.078702 0.622189 0.008586
 312.000000 2.388674 0.079908 0.634514 0.004889
 313.000000 2.218100 0.083781 0.623948 0.007645
 314.000000 1.994907 0.083089 0.640174 0.015505
 315.000000 1.967650 0.079254 0.629495 0.017100
 316.000000 2.025508 0.080800 0.631263 0.013033
 317.000000 1.848270 0.072027 0.633185 0.023549
 318.000000 1.913676 0.085499 0.624087 0.018624
 319.000000 1.661766 0.069967 0.625709 0.050239
 320.000000 1.853948 0.086482 0.625902 0.025289
 321.000000 1.894222 0.083196 0.625205 0.019724
 322.000000 1.917109 0.083982 0.627487 0.015704
 323.000000 1.672212 0.072141 0.625664 0.041799
 324.000000 1.573171 0.065814 0.625557 0.078526
 325.000000 1.597936 0.078471 0.631525 0.082135
 326.000000 1.643732 0.089776 0.630025 0.059110
 327.000000 1.646315 0.084498 0.616972 0.048073
 328.000000 1.605004 0.075266 0.620642 0.052889
 329.000000 1.514503 0.075597 0.619431 0.075657
 330.000000 1.455672 0.072151 0.622696 0.105753
 331.000000 1.403421 0.084192 0.625957 0.148202
 332.000000 1.298441 0.068449 0.620479 0.251326
 333.000000 1.370226 0.084073 0.634690 0.194945
 334.000000 1.472604 0.078387 0.622756 0.108174
 335.000000 1.475292 0.082768 0.624498 0.115619
 336.000000 1.495271 0.078727 0.619197 0.095552
 337.000000 1.394155 0.072311 0.621723 0.182325
 338.000000 1.392648 0.072655 0.620897 0.168352
 339.000000 1.208904 0.074016 0.613235 0.415350
 340.000000 1.302251 0.074683 0.622446 0.301224
 341.000000 1.194076 0.085153 0.623307 0.493924
 342.000000 1.246688 0.100415 0.642432 0.420410
 343.000000 1.278744 0.080422 0.625754 0.368234
 344.000000 1.301132 0.089349 0.630057 0.307885
 345.000000 1.196738 0.103033 0.633975 0.421234
 346.000000 1.208545 0.076135 0.640038 0.404907
 347.000000 1.323203 0.081783 0.629256 0.485622
 348.000000 1.328142 0.074569 0.635546 0.340515
 349.000000 1.408769 0.089811 0.642290 0.208670
 350.000000 1.248623 0.094266 0.644259 0.458976
 351.000000 1.340259 0.086538 0.650125 0.284546
 352.000000 1.336174 0.089194 0.632017 0.232957
 353.000000 1.521834 0.079319 0.626443 0.109205
 354.000000 1.330885 0.082986 0.617891 0.202834
 355.000000 1.334908 0.086313 0.621929 0.209264
 356.000000 1.287002 0.088674 0.624189 0.261962
 357.000000 1.275284 0.090366 0.628903 0.203164
 358.000000 1.362444 0.077694 0.623756 0.165025
 359.000000 1.463414 0.069897 0.616619 0.111534
 360.000000 1.373784 0.079670 0.623463 0.134723
 361.000000 1.294110 0.081669 0.616494 0.239737
 362.000000 1.498962 0.079887 0.625445 0.077940
 363.000000 1.585429 0.083367 0.615305 0.054840
 364.000000 1.383310 0.075708 0.622013 0.142961
 365.000000 1.474786 0.078556 0.627080 0.122944
 366.000000 1.250194 0.080948 0.628315 0.328841
 367.000000 1.313488 0.077276 0.628443 0.166701
 368.000000 1.444386 0.083199 0.624726 0.079573
 369.000000 1.256692 0.073795 0.625447 0.197500
 370.000000 1.345772 0.072293 0.621919 0.121606
 371.000000 1.204024 0.076383 0.631118 0.305809
 372.000000 1.136188 0.075708 0.628045 0.492909
 373.000000 1.166349 0.087997 0.622581 0.438911
 374.000000 1.348779 0.091598 0.630777 0.156262
 375.000000 1.277163 0.089841 0.627915 0.204021
 376.000000 1.243075 0.079877 0.633050 0.253019
 377.000000 1.317819 0.089923 0.636143 0.182135
 378.000000 1.266669 0.088011 0.629848 0.250773
 379.000000 1.342732 0.083758 0.629226 0.185838
 380.000000 1.174653 0.095566 0.635066 0.457334
 381.000000 1.127059 0.082354 0.637676 0.603487
 382.000000 1.304999 0.090641 0.633545 0.181216
 383.000000 1.610419 0.070523 0.620700 0.056317
 384.000000 1.384565 0.083956 0.630932 0.136380
 385.000000 1.157962 0.071931 0.629942 0.397880
 386.000000 1.198391 0.079559 0.628727 0.435847
 387.000000 1.308161 0.086783 0.630265 0.206608
 388.000000 1.399593 0.086021 0.621425 0.139560
 389.000000 1.199037 0.083020 0.630021 0.490810
 390.000000 1.233138 0.088216 0.631117 0.341674
 391.000000 1.462133 0.074564 0.617959 0.114323
 392.000000 1.481729 0.084733 0.625889 0.099607
 393.000000 1.356259 0.092894 0.626458 0.183511
 394.000000 1.489451 0.078816 0.622670 0.103028
 395.000000 1.628609 0.074105 0.618495 0.060119
 396.000000 1.523556 0.086169 0.618628 0.085887
 397.000000 1.480531 0.080680 0.622575 0.105808
 398.000000 1.451857 0.080012 0.615503 0.117989
 399.000000 1.487665 0.083845 0.616150 0.099693
 400.000000 1.616721 0.075007 0.622472 0.059976
 401.000000 1.666261 0.078707 0.619302 0.049300
 402.000000 1.592517 0.097481 0.620095 0.075515
 403.000000 1.447568 0.072069 0.621553 0.130405
 404.000000 1.619651 0.096712 0.628103 0.065565
 405.000000 1.488116 0.078644 0.620036 0.111709
 406.000000 1.453503 0.077932 0.621052 0.128037
 407.000000 1.483037 0.080251 0.623282 0.107872
 408.000000 1.501699 0.078843 0.619457 0.100428
 409.000000 1.453810 0.091884 0.626870 0.121574
 410.000000 1.418981 0.084055 0.627391 0.143987
 411.000000 1.451249 0.080297 0.624266 0.120378
 412.000000 1.460723 0.077112 0.631568 0.120877
 413.000000 1.462343 0.087397 0.631296 0.113346
 414.000000 1.436834 0.086652 0.634974 0.144564
 415.000000 1.339967 0.078425 0.628401 0.182928
 416.000000 1.396870 0.077538 0.628817 0.168600
 417.000000 1.568786 0.088524 0.629563 0.075714
 418.000000 1.428263 0.081539 0.627120 0.143178
 419.000000 1.408208 0.083162 0.615988 0.134933
 420.000000 1.316113 0.074306 0.621560 0.254014
 421.000000 1.364169 0.086308 0.625189 0.197155
 422.000000 1.365208 0.097381 0.622645 0.183488
 423.000000 1.442992 0.076894 0.614974 0.119423
 424.000000 1.492023 0.090190 0.623297 0.129163
 425.000000 1.385617 0.086099 0.627823 0.166087
 426.000000 1.436855 0.089972 0.630247 0.129126
 427.000000 1.383409 0.087338 0.615197 0.162903
 428.000000 1.402599 0.096195 0.641904 0.171428
 429.000000 1.402006 0.088372 0.631995 0.194183
 430.000000 1.307648 0.084820 0.636919 0.230704
 431.000000 1.379001 0.088924 0.630410 0.177094
 432.000000 1.255940 0.083599 0.625487 0.354063
 433.000000 1.255589 0.078674 0.635738 0.424025
 434.000000 1.305055 0.086764 0.620829 0.333570
 435.000000 1.354882 0.081474 0.626553 0.212753
 436.000000 1.213520 0.071175 0.628462 0.489273
 437.000000 1.156874 0.079923 0.626564 0.699324
 438.000000 1.232919 0.086817 0.632080 0.533934
 439.000000 1.083489 0.091257 0.631755 1.313944
 440.000000 1.220743 0.081295 0.621366 0.564207
 441.000000 1.178927 0.073527 0.623221 0.645513
 442.000000 1.166559 0.085583 0.617374 0.588207
 443.000000 1.224012 0.089978 0.631001 0.309970
 444.000000 1.270304 0.080071 0.625292 0.269873
 445.000000 1.212792 0.088636 0.623225 0.347843
 446.000000 1.353058 0.077427 0.624520 0.166583
 447.000000 1.389603 0.080313 0.621040 0.138088
 448.000000 1.312560 0.084380 0.618612 0.219231
 449.000000 1.359196 0.076393 0.625893 0.185328
 450.000000 1.259573 0.085039 0.619181 0.307446
 451.000000 1.559721 0.087119 0.626708 0.080770
 452.000000 1.548922 0.081976 0.614226 0.084895
 453.000000 1.521393 0.090895 0.623463 0.090720
 454.000000 1.618060 0.083197 0.618435 0.055279
 455.000000 1.543752 0.076094 0.616859 0.079728
 456.000000 1.517281 0.079298 0.622010 0.082180
 457.000000 1.731268 0.090815 0.622458 0.032430
 458.000000 1.802197 0.089174 0.629161 0.026398
 459.000000 1.805573 0.098586 0.638321 0.026933
 460.000000 1.752099 0.074616 0.633973 0.035153
 461.000000 1.834793 0.090318 0.625910 0.025609
 462.000000 1.943312 0.088937 0.630848 0.019524
 463.000000 1.782924 0.086318 0.629444 0.031346
 464.000000 1.900978 0.078235 0.631485 0.020402
 465.000000 1.780532 0.079005 0.631641 0.032265
 466.000000 1.813856 0.076046 0.624532 0.027788
 467.000000 1.918610 0.093098 0.629147 0.019563
 468.000000 1.763226 0.102510 0.626336 0.029329
 469.000000 1.660331 0.078348 0.618091 0.050055
 470.000000 1.584553 0.090586 0.620285 0.068059
 471.000000 1.553163 0.090363 0.625907 0.076522
 472.000000 1.514710 0.099817 0.620342 0.086167
 473.000000 1.428999 0.090744 0.618866 0.123335
 474.000000 1.658088 0.097970 0.624069 0.057247
 475.000000 1.691489 0.098941 0.623391 0.049756
 476.000000 1.726941 0.102239 0.622199 0.036499
 477.000000 1.731401 0.091678 0.625873 0.036209
 478.000000 1.637978 0.089100 0.628250 0.054481
 479.000000 1.424889 0.077611 0.616060 0.123225
 480.000000 1.567016 0.086266 0.617033 0.075770
 481.000000 1.522307 0.090028 0.618552 0.082504
 482.000000 1.541889 0.085477 0.623741 0.085739
 483.000000 1.730490 0.085410 0.618915 0.036252
 484.000000 1.952085 0.092785 0.620117 0.015790
 485.000000 1.685417 0.080106 0.623461 0.043613
 486.000000 1.377643 0.076636 0.621358 0.166497
 487.000000 1.461388 0.075859 0.615482 0.093576
 488.000000 1.309423 0.075696 0.616813 0.212951
 489.000000 1.246723 0.095558 0.618734 0.290790
 490.000000 1.451939 0.079168 0.620226 0.097401
 491.000000 1.534040 0.084795 0.618626 0.073917
 492.000000 1.432923 0.071374 0.621904 0.123292
 493.000000 1.261347 0.079267 0.615905 0.326187
 494.000000 1.245953 0.078909 0.619860 0.326074
 495.000000 1.149019 0.094479 0.623677 0.534320
 496.000000 1.205529 0.094460 0.629186 0.392830
 497.000000 1.251762 0.097749 0.629809 0.363843
 498.000000 1.333988 0.081195 0.618156 0.196917
 499.000000 1.534792 0.078672 0.616991 0.078150
 500.000000 1.296791 0.086992 0.625407 0.228552
 501.000000 1.340823 0.075869 0.618881 0.193093
 502.000000 1.357431 0.084795 0.625545 0.173888
 503.000000 1.518758 0.078799 0.616320 0.096429
 504.000000 1.614660 0.077446 0.615235 0.065071
 505.000000 1.301240 0.077042 0.618375 0.210160
 506.000000 1.210893 0.081473 0.627286 0.339718
 507.000000 1.392860 0.083208 0.631604 0.127066
 508.000000 1.423012 0.085929 0.629152 0.134764
 509.000000 1.323091 0.079873 0.626988 0.197864
 510.000000 1.316553 0.083843 0.626044 0.246986
 511.000000 1.243388 0.089568 0.628778 0.297207
 512.000000 1.394962 0.080638 0.624150 0.159892
 513.000000 1.338800 0.094839 0.631068 0.197304
 514.000000 1.274789 0.081456 0.623690 0.279692
 515.000000 1.290562 0.096314 0.629686 0.300203
 516.000000 1.179713 0.080969 0.631079 0.369193
 517.000000 1.230794 0.080028 0.627168 0.334203
 518.000000 1.123876 0.073193 0.627338 0.593080
 519.000000 1.020198 0.087342 0.633130 1.144749
 520.000000 1.092900 0.092654 0.631572 0.756724
 521.000000 1.072702 0.090713 0.629724 0.803925
 522.000000 1.001904 0.081585 0.621707 1.112188
 523.000000 1.054363 0.093964 0.614541 1.359678
 524.000000 1.125671 0.082042 0.625325 0.980843
 525.000000 0.968728 0.086427 0.626328 2.083347
 526.000000 1.039952 0.084626 0.629168 1.385663
 527.000000 1.082211 0.080440 0.623206 1.040976
 528.000000 0.911562 0.085834 0.627715 3.020171
 529.000000 1.000141 0.074874 0.626688 2.231192
 530.000000 0.953909 0.086859 0.622497 2.176725
 531.000000 0.988769 0.080813 0.636025 2.231258
 532.000000 1.202175 0.076232 0.620044 0.444981
 533.000000 1.300568 0.095037 0.626583 0.276142
 534.000000 1.257285 0.092945 0.618873 0.387002
 535.000000 1.302087 0.077148 0.620602 0.257498
 536.000000 1.298502 0.089485 0.631078 0.329890
 537.000000 1.196621 0.091309 0.636422 0.449404
 538.000000 1.245477 0.079503 0.626297 0.469642
 539.000000 1.265676 0.074155 0.625899 0.377618
 540.000000 1.268479 0.088341 0.623283 0.384890
 541.000000 1.225400 0.077491 0.626678 0.564920
 542.000000 1.359574 0.083956 0.625889 0.245935
 543.000000 1.349683 0.079965 0.623218 0.247058
 544.000000 1.324062 0.080420 0.619937 0.262753
 545.000000 1.203277 0.090824 0.626188 0.499447
 546.000000 1.016213 0.101320 0.633317 1.234051
 547.000000 1.042581 0.079099 0.623997 1.242484
 548.000000 0.929642 0.079014 0.617409 2.554457
 549.000000 0.931039 0.076090 0.619698 2.758700
 550.000000 1.065106 0.099833 0.621138 0.927563
 551.000000 1.122083 0.096978 0.620688 0.784350
 552.000000 1.068619 0.101986 0.622005 1.043717
 553.000000 0.953978 0.095511 0.622568 2.106236
 554.000000 0.846665 0.085777 0.628703 3.214922
 555.000000 0.904104 0.071540 0.623064 2.394164
 556.000000 1.018643 0.092334 0.630013 1.207423
 557.000000 1.178669 0.080951 0.617193 0.449009
 558.000000 1.006734 0.095527 0.639522 1.340670
 559.000000 1.129618 0.116089 0.648652 0.655529
 560.000000 1.107731 0.097738 0.632507 0.704205
 561.000000 1.157011 0.090799 0.630458 0.527695
 562.000000 1.069788 0.090395 0.627925 0.993407
 563.000000 1.089931 0.082294 0.622746 0.618531
 564.000000 1.066892 0.077865 0.625506 0.684095
 565.000000 0.965653 0.079236 0.629493 1.763749
 566.000000 0.937377 0.086837 0.641080 1.526959
 567.000000 0.970793 0.085647 0.629719 1.907163
 568.000000 1.018281 0.081073 0.634805 1.191565
 569.000000 1.007685 0.069698 0.633114 1.548455
 570.000000 0.975039 0.089925 0.637001 1.913202
 571.000000 0.950526 0.074256 0.618121 2.310055
 572.000000 0.937370 0.083550 0.631303 2.325378
 573.000000 0.893350 0.086699 0.625910 2.920759
 574.000000 0.888964 0.089245 0.624764 2.814428
 575.000000 0.985245 0.090714 0.616211 1.618145
 576.000000 0.928072 0.078885 0.629375 2.189612
 577.000000 0.970352 0.083058 0.627433 2.084416
 578.000000 0.918618 0.090177 0.632415 2.992413
 579.000000 0.896674 0.087587 0.621340 3.224829
 580.000000 0.906732 0.078987 0.622850 3.186660
 581.000000 0.956308 0.077118 0.624560 2.017472
 582.000000 1.008051 0.072806 0.632803 1.407755
 583.000000 1.133485 0.066218 0.618224 0.561013
 584.000000 1.270852 0.085083 0.617685 0.261693
 585.000000 1.470830 0.073478 0.616595 0.097880
 586.000000 1.376861 0.078915 0.629916 0.169918
 587.000000 1.394416 0.089205 0.624563 0.168157
 588.000000 1.373988 0.092581 0.635216 0.164574
 589.000000 1.565789 0.087965 0.633239 0.067736
 590.000000 1.611990 0.095376 0.629705 0.049369
 591.000000 1.474902 0.092053 0.639410 0.089939
 592.000000 1.485785 0.096693 0.629635 0.111773
 593.000000 1.640292 0.094035 0.626506 0.057011
 594.000000 1.634550 0.096688 0.624309 0.052869
 595.000000 1.605516 0.087268 0.635240 0.059468
 596.000000 1.647114 0.075890 0.617871 0.052554
 597.000000 1.500826 0.086636 0.627785 0.096884
 598.000000 1.442930 0.113862 0.629272 0.130645
 599.000000 1.284258 0.110279 0.622088 0.323625
 600.000000 1.334027 0.102896 0.629010 0.238710
 601.000000 1.485376 0.099607 0.620034 0.135336
 602.000000 1.608715 0.090850 0.624001 0.072760
 603.000000 1.345646 0.099951 0.626997 0.263478
 604.000000 1.241152 0.092976 0.621380 0.495436
 605.000000 1.110211 0.112260 0.626199 1.460878
 606.000000 1.220620 0.100417 0.625398 0.478542
 607.000000 1.319085 0.096523 0.623729 0.265326
 608.000000 1.123228 0.098699 0.618291 0.998742
 609.000000 1.065273 0.100984 0.632192 1.100899
 610.000000 1.166109 0.099613 0.624791 0.649712
 611.000000 1.020044 0.103044 0.626661 2.176426
 612.000000 1.010456 0.120217 0.622589 2.710323
 613.000000 1.022957 0.096409 0.613132 2.134259
 614.000000 1.015575 0.109327 0.632902 2.196736
 615.000000 1.002571 0.115230 0.627280 2.478799
 616.000000 0.938732 0.114790 0.626041 3.633830
 617.000000 1.067505 0.105332 0.627629 2.510487
 618.000000 1.278042 0.121950 0.627133 0.398850
 619.000000 1.107878 0.095790 0.634165 1.191212
 620.000000 1.235044 0.106001 0.624655 0.548983
 621.000000 1.458790 0.101198 0.622571 0.149010
 622.000000 1.487726 0.110857 0.633213 0.115213
 623.000000 1.390276 0.114883 0.645416 0.284150
 624.000000 1.418066 0.104848 0.633959 0.192290
 625.000000 1.234590 0.092183 0.630805 0.458325
 626.000000 1.347124 0.105176 0.621381 0.292101
 627.000000 1.375689 0.108797 0.628340 0.249939
 628.000000 1.392171 0.111400 0.627326 0.221877
 629.000000 1.296571 0.084654 0.630852 0.325025
 630.000000 1.263621 0.109592 0.627137 0.418137
 631.000000 1.268997 0.091217 0.625258 0.398811
 632.000000 1.347327 0.093881 0.624704 0.202582
 633.000000 1.328222 0.093319 0.623619 0.268925
 634.000000 1.393858 0.104708 0.614882 0.181495
 635.000000 1.388346 0.089758 0.619944 0.167213
 636.000000 1.195439 0.094174 0.635684 0.264193
 637.000000 1.463078 0.101691 0.636673 0.104132
 638.000000 1.510617 0.093291 0.632958 0.095648
 639.000000 1.515871 0.096659 0.627562 0.129022
 640.000000 1.288099 0.101866 0.626824 0.319311
 641.000000 1.285644 0.096682 0.627293 0.264617
 642.000000 1.438524 0.098850 0.620018 0.161492
 643.000000 1.592369 0.120236 0.634037 0.076730
 644.000000 1.458188 0.099876 0.630052 0.144741
 645.000000 1.322622 0.102696 0.626617 0.369811
 646.000000 1.202441 0.108802 0.629239 0.770434
 647.000000 1.338293 0.103800 0.639732 0.301458
 648.000000 1.254276 0.121823 0.640166 0.513588
 649.000000 1.342797 0.102443 0.639040 0.303334
 650.000000 1.268772 0.120695 0.639122 0.335786
 651.000000 1.732074 0.122583 0.645307 0.039433
 652.000000 1.830813 0.113166 0.642336 0.026719
 653.000000 1.575492 0.105796 0.626612 0.082943
 654.000000 1.374207 0.089528 0.618607 0.223083
 655.000000 1.436610 0.105661 0.622360 0.174492
 656.000000 1.395338 0.110370 0.642637 0.168075
 657.000000 1.603125 0.107519 0.631662 0.060069
 658.000000 1.376641 0.110599 0.640795 0.186883
 659.000000 1.502853 0.120140 0.636566 0.113582
 660.000000 1.268071 0.076702 0.627035 0.262300
 661.000000 1.252150 0.082924 0.629834 0.305551
 662.000000 1.266062 0.084558 0.619667 0.250719
 663.000000 1.249105 0.072519 0.623332 0.279079
 664.000000 1.214223 0.081737 0.621902 0.409803
 665.000000 1.328697 0.076187 0.623191 0.180996
 666.000000 1.300601 0.077467 0.614435 0.198475
 667.000000 1.395739 0.079514 0.621028 0.144988
 668.000000 1.364787 0.084848 0.620588 0.172501
 669.000000 1.315446 0.083424 0.629376 0.225966
 670.000000 1.234721 0.085198 0.626000 0.373910
 671.000000 1.414028 0.079696 0.622316 0.128240
 672.000000 1.195928 0.086840 0.627934 0.311048
 673.000000 1.255085 0.077136 0.628005 0.290765
 674.000000 1.495013 0.089389 0.619172 0.086467
 675.000000 2.091384 0.088046 0.619841 0.009660
 676.000000 2.134963 0.110081 0.613457 0.009286
 677.000000 1.784784 0.086972 0.625599 0.025710
 678.000000 1.796902 0.089524 0.615573 0.027967
 679.000000 1.711282 0.099569 0.627104 0.035209
 680.000000 1.777692 0.093382 0.625942 0.030882
 681.000000 1.670137 0.076019 0.628276 0.042482
 682.000000 1.769681 0.080481 0.620851 0.029690
 683.000000 1.894779 0.088670 0.629839 0.020983
 684.000000 1.809889 0.086921 0.626068 0.026631
 685.000000 1.800894 0.084313 0.628049 0.030358
 686.000000 1.580910 0.094575 0.623282 0.069093
 687.000000 1.683487 0.095323 0.634525 0.039486
 688.000000 1.643661 0.093643 0.624771 0.050926
 689.000000 1.589218 0.092795 0.626611 0.058941
 690.000000 1.765525 0.095017 0.638380 0.031777
 691.000000 1.692059 0.102900 0.625742 0.039936
 692.000000 1.563557 0.090653 0.633006 0.070739
 693.000000 1.526330 0.077030 0.628536 0.076141
 694.000000 1.545819 0.080441 0.636595 0.086764
 695.000000 1.680040 0.089008 0.639574 0.048191
 696.000000 1.708670 0.074288 0.632777 0.047046
 697.000000 1.555399 0.076297 0.639685 0.073711
 698.000000 1.492601 0.086939 0.630706 0.153972
 699.000000 1.400841 0.075305 0.629047 0.177288
 700.000000 1.121519 0.076462 0.629359 0.959036
 701.000000 1.391689 0.076742 0.632036 0.167946
 702.000000 1.410499 0.087018 0.629323 0.200913
 703.000000 1.278891 0.080182 0.634027 0.278823
 704.000000 1.440738 0.076190 0.634105 0.129873
 705.000000 1.477630 0.075135 0.627725 0.106352
 706.000000 1.406968 0.082312 0.621977 0.139242
 707.000000 1.218117 0.080672 0.631890 0.285949
 708.000000 1.219165 0.083102 0.630221 0.348988
 709.000000 1.346931 0.082292 0.632422 0.168807
 710.000000 1.201796 0.080846 0.629575 0.387537
 711.000000 1.330885 0.084437 0.630072 0.225439
 712.000000 1.321537 0.080351 0.632455 0.228108
 713.000000 1.388204 0.069361 0.626114 0.161997
 714.000000 1.294349 0.064351 0.627951 0.305761
 715.000000 1.380463 0.048254 0.624422 0.180701
 716.000000 1.250247 0.066124 0.628970 0.465098
 717.000000 1.223757 0.057410 0.620150 0.512287
 718.000000 1.030432 0.066486 0.631135 1.832679
 719.000000 0.971444 0.062430 0.624596 2.674210
 720.000000 0.914384 0.070693 0.620988 2.881540
 721.000000 0.921160 0.093442 0.622461 2.272342
 722.000000 0.988458 0.075088 0.633229 2.261507
 723.000000 1.000589 0.074283 0.627762 1.876287
 724.000000 0.906992 0.081038 0.624273 2.747376
 725.000000 0.922247 0.082651 0.627488 2.211549
 726.000000 1.078601 0.085983 0.624979 1.127058
 727.000000 1.069715 0.075297 0.626109 1.336043
 728.000000 1.123788 0.085361 0.627311 0.902725
 729.000000 1.211520 0.089011 0.635916 0.456067
 730.000000 1.151136 0.088755 0.640739 0.667396
 731.000000 1.177098 0.080613 0.627402 0.690191
 732.000000 1.095986 0.064353 0.624506 1.050024
 733.000000 1.159003 0.069689 0.624435 0.909969
 734.000000 1.083840 0.070324 0.624363 2.000064
 735.000000 1.156373 0.083186 0.628329 1.028869
 736.000000 1.166331 0.089214 0.631522 0.840347
 737.000000 1.086915 0.061472 0.628663 2.165604
 738.000000 1.101228 0.056753 0.618091 1.630411
 739.000000 1.121787 0.044849 0.615698 1.511833
 740.000000 1.082554 0.053680 0.625500 1.776671
 741.000000 1.136874 0.050374 0.622028 1.397851
 742.000000 1.237547 0.053327 0.619077 0.610053
 743.000000 1.279161 0.062762 0.619575 0.524957
 744.000000 1.162071 0.075726 0.624163 1.369740
 745.000000 1.137031 0.069165 0.625592 1.552122
 746.000000 1.073853 0.075911 0.630550 2.484235
 747.000000 1.174800 0.073088 0.625182 1.091961
 748.000000 1.253419 0.096507 0.638093 0.656666
 749.000000 1.368532 0.080116 0.631128 0.256691
 750.000000 1.382700 0.083084 0.636696 0.282466
 751.000000 1.335623 0.091541 0.642091 0.356104
 752.000000 1.317205 0.085376 0.636446 0.334842
 753.000000 1.283252 0.106433 0.638418 0.363801
 754.000000 1.302195 0.097088 0.636083 0.363195
 755.000000 1.356043 0.101885 0.642502 0.272253
 756.000000 1.336808 0.092329 0.632186 0.411980
 757.000000 1.438416 0.100180 0.646829 0.256073
 758.000000 1.480184 0.084634 0.631562 0.240949
 759.000000 1.396611 0.082914 0.637041 0.255764
 760.000000 1.301543 0.089849 0.631893 0.371754
 761.000000 1.380304 0.077784 0.625548 0.297880
 762.000000 1.222457 0.078405 0.615746 0.749966
 763.000000 1.376551 0.078794 0.620563 0.283055
 764.000000 1.348710 0.069417 0.631857 0.267393
 765.000000 1.237025 0.086016 0.616704 0.805960
 766.000000 1.296688 0.096899 0.628016 0.361750
 767.000000 1.364811 0.084758 0.625435 0.320261
 768.000000 1.415306 0.070820 0.627777 0.305910
 769.000000 1.257100 0.102774 0.631264 0.620925
 770.000000 1.310680 0.113619 0.637686 0.348164
 771.000000 1.290303 0.116782 0.640165 0.556085
 772.000000 1.340158 0.096556 0.624502 0.304141
 773.000000 1.214511 0.090227 0.633445 0.574250
 774.000000 1.214122 0.092829 0.639200 0.511920
 775.000000 1.326536 0.070730 0.624154 0.297313
 776.000000 1.259741 0.062591 0.620768 0.412295
 777.000000 1.401945 0.077119 0.626137 0.224787
 778.000000 1.274729 0.051749 0.624336 0.406925
 779.000000 1.206689 0.083233 0.643333 0.526222
 780.000000 1.193173 0.099092 0.638852 0.744307
 781.000000 1.322460 0.074608 0.629531 0.346387
 782.000000 1.293066 0.083116 0.632632 0.368229
 783.000000 1.279660 0.094724 0.631170 0.442283
 784.000000 1.271966 0.074339 0.623224 0.413034
 785.000000 1.299570 0.084169 0.626302 0.449811
 786.000000 1.362605 0.087792 0.631939 0.305747
 787.000000 1.301598 0.075903 0.612121 0.404768
 788.000000 1.232487 0.093303 0.626374 0.596645
 789.000000 1.290207 0.096009 0.624862 0.483011
 790.000000 1.208818 0.098146 0.628023 0.685064
 791.000000 1.200689 0.098557 0.627472 0.867552
 792.000000 1.225152 0.089920 0.620895 0.661554
 793.000000 1.263175 0.078022 0.626784 0.474953
 794.000000 1.288586 0.077190 0.631710 0.498645
 795.000000 1.221845 0.086780 0.629024 0.669231
 796.000000 1.255269 0.095819 0.631541 0.707327
 797.000000 1.313457 0.089581 0.627074 0.390614
 798.000000 1.372234 0.087374 0.636097 0.375062
 799.000000 1.320089 0.106738 0.636704 0.431007
 800.000000 1.318782 0.107920 0.629423 0.415735
 801.000000 1.338186 0.080795 0.624653 0.328858
 802.000000 1.236388 0.098942 0.638649 0.558121
 803.000000 1.212455 0.078232 0.621017 0.708645
 804.000000 1.216374 0.071692 0.624116 0.759579
 805.000000 1.125684 0.084228 0.622972 1.410349
 806.000000 1.378886 0.073016 0.620448 0.287637
 807.000000 1.556981 0.076764 0.622470 0.093558
 808.000000 1.594604 0.087080 0.617856 0.079469
 809.000000 1.743233 0.083120 0.621570 0.051475
 810.000000 1.576410 0.089444 0.626431 0.083837
 811.000000 1.675999 0.086766 0.624042 0.053614
 812.000000 1.608905 0.102217 0.628989 0.084691
 813.000000 1.780768 0.077659 0.629562 0.037443
 814.000000 1.778841 0.080528 0.623764 0.032815
 815.000000 1.945404 0.093504 0.626722 0.019113
 816.000000 1.862965 0.083225 0.623041 0.027506
 817.000000 1.589064 0.074612 0.631720 0.112110
 818.000000 1.690216 0.085246 0.633515 0.054031
 819.000000 1.431218 0.082758 0.625043 0.160969
 820.000000 1.880060 0.076713 0.621085 0.024658
 821.000000 1.967992 0.083836 0.618279 0.020037
 822.000000 2.026301 0.096872 0.621590 0.014837
 823.000000 2.096705 0.083072 0.634649 0.012179
 824.000000 1.913049 0.084597 0.632678 0.023166
 825.000000 1.883381 0.070600 0.623311 0.030586
 826.000000 1.698626 0.094134 0.623273 0.076656
 827.000000 1.399369 0.089573 0.633291 0.269643
 828.000000 1.411923 0.096827 0.625968 0.268894
 829.000000 1.428346 0.089355 0.628083 0.198038
 830.000000 1.512642 0.090789 0.619052 0.133713
 831.000000 1.409722 0.102949 0.628553 0.194048
 832.000000 1.548179 0.087395 0.627706 0.113894
 833.000000 1.539946 0.070890 0.633169 0.116862
 834.000000 1.530559 0.100005 0.625154 0.133288
 835.000000 1.668607 0.085057 0.628307 0.067893
 836.000000 1.644347 0.098371 0.627659 0.074337
 837.000000 1.563676 0.089014 0.621726 0.115143
 838.000000 1.554234 0.095921 0.627473 0.095717
 839.000000 1.687197 0.091259 0.624422 0.059205
 840.000000 1.720055 0.100772 0.622289 0.051127
 841.000000 1.890753 0.094537 0.612589 0.025445
 842.000000 1.869880 0.083189 0.632081 0.024833
 843.000000 1.960996 0.084350 0.625508 0.020694
 844.000000 1.711850 0.076896 0.622511 0.039972
 845.000000 1.795085 0.093713 0.624858 0.039595
 846.000000 1.721633 0.097068 0.614046 0.048459
 847.000000 1.700990 0.089302 0.620559 0.049879
 848.000000 1.772473 0.107099 0.617571 0.039435
 849.000000 1.828948 0.088403 0.623769 0.029977
 850.000000 1.799024 0.099944 0.622493 0.033491
 851.000000 1.700164 0.066744 0.624688 0.047522
 852.000000 1.685863 0.081075 0.618850 0.056851
 853.000000 1.710833 0.102626 0.627665 0.054371
 854.000000 1.607819 0.099277 0.621299 0.077096
 855.000000 1.674382 0.087240 0.632722 0.054884
 856.000000 1.833582 0.101505 0.625819 0.038943
 857.000000 1.731565 0.090384 0.639228 0.052928
 858.000000 1.885361 0.098317 0.647871 0.032582
 859.000000 1.756546 0.097794 0.639796 0.052298
 860.000000 1.791461 0.112474 0.635314 0.051288
 861.000000 1.923416 0.091203 0.631721 0.027683
 862.000000 1.879073 0.085348 0.636751 0.028573
 863.000000 1.834098 0.079954 0.628588 0.035898
 864.000000 1.735830 0.083955 0.626722 0.054757
 865.000000 1.700558 0.086757 0.627106 0.054360
 866.000000 1.547420 0.132158 0.632209 0.117150
 867.000000 1.675655 0.121485 0.642050 0.064883
 868.000000 1.523165 0.137799 0.635489 0.098670
 869.000000 1.529295 0.152815 0.649561 0.142129
 870.000000 1.537174 0.155776 0.648548 0.153571
 871.000000 1.452521 0.107895 0.621377 0.187997
 872.000000 1.636009 0.095554 0.627126 0.070844
 873.000000 1.608560 0.107004 0.634676 0.077961
 874.000000 1.593719 0.086300 0.620691 0.091116
 875.000000 1.528293 0.099373 0.633547 0.123789
 876.000000 1.539798 0.078248 0.627778 0.099160
 877.000000 1.661161 0.097608 0.623183 0.058632
 878.000000 1.546507 0.089722 0.628024 0.087051
 879.000000 1.662534 0.076594 0.623430 0.059811
 880.000000 1.729149 0.085332 0.620437 0.052555
 881.000000 1.607476 0.098609 0.620041 0.077916
 882.000000 1.649899 0.110481 0.629881 0.068618
 883.000000 1.892719 0.082683 0.628049 0.027585
 884.000000 1.740777 0.078141 0.617386 0.054287
 885.000000 1.646510 0.076461 0.623459 0.078708
 886.000000 1.641123 0.071681 0.632640 0.070178
 887.000000 1.798805 0.069369 0.624657 0.037744
 888.000000 1.723237 0.086702 0.628635 0.044556
 889.000000 1.670234 0.091755 0.627542 0.059461
 890.000000 1.678641 0.093659 0.628885 0.059973
 891.000000 1.582586 0.089585 0.625792 0.076936
 892.000000 1.689334 0.099391 0.635314 0.061580
 893.000000 1.664185 0.111302 0.635933 0.060630
 894.000000 1.672199 0.087142 0.635276 0.052706
 895.000000 1.719404 0.094370 0.625814 0.043457
 896.000000 1.800623 0.084227 0.638494 0.030383
 897.000000 1.688404 0.098194 0.633807 0.047790
 898.000000 1.653663 0.089112 0.617019 0.063280
 899.000000 1.678466 0.076980 0.626176 0.056625
 900.000000 1.576928 0.071779 0.622428 0.084147
 901.000000 1.609582 0.062258 0.621949 0.072446
 902.000000 1.643872 0.055130 0.621814 0.068566
 903.000000 1.555385 0.065700 0.626038 0.079233
 904.000000 1.599249 0.058463 0.622502 0.069393
 905.000000 1.700583 0.049403 0.623661 0.046408
 906.000000 1.588992 0.058554 0.626243 0.073264
 907.000000 1.644664 0.067912 0.638242 0.055470
 908.000000 1.629894 0.072031 0.631650 0.056690
 909.000000 1.754893 0.064797 0.632939 0.042420
 910.000000 1.626735 0.071955 0.633510 0.065085
 911.000000 1.612783 0.068704 0.637173 0.060916
 912.000000 1.610893 0.064554 0.617723 0.066908
 913.000000 1.695124 0.087768 0.626946 0.049241
 914.000000 1.552433 0.079436 0.626999 0.082102
 915.000000 1.483899 0.073517 0.636411 0.116223
 916.000000 1.522695 0.076316 0.638523 0.084303
 917.000000 1.580955 0.081022 0.639859 0.075426
 918.000000 1.626778 0.087361 0.630497 0.058854
 919.000000 1.624108 0.082617 0.638492 0.069001
 920.000000 1.641674 0.085258 0.638257 0.063082
 921.000000 1.657014 0.096954 0.635825 0.058812
 922.000000 1.659896 0.105277 0.641218 0.059671
 923.000000 1.651807 0.097328 0.636340 0.052051
 924.000000 1.708720 0.092623 0.634783 0.063116
 925.000000 1.891288 0.076787 0.633332 0.025420
 926.000000 1.796635 0.068130 0.640642 0.034204
 927.000000 1.879184 0.076308 0.637072 0.026298
 928.000000 1.691434 0.088392 0.636359 0.052308
 929.000000 1.708852 0.093940 0.629487 0.053803
 930.000000 1.737538 0.104530 0.629955 0.051045
 931.000000 1.809984 0.114274 0.634174 0.034013
 932.000000 1.768017 0.098578 0.632937 0.043377
 933.000000 1.711965 0.089215 0.628775 0.053671
 934.000000 1.741863 0.113598 0.641713 0.051002
 935.000000 1.693863 0.104528 0.626826 0.061975
 936.000000 1.852136 0.091152 0.632205 0.029360
 937.000000 1.720222 0.111249 0.649489 0.062155
 938.000000 1.763533 0.113110 0.628473 0.056229
 939.000000 1.701412 0.112858 0.635289 0.067392
 940.000000 1.914639 0.069699 0.627183 0.028747
 941.000000 1.849059 0.072416 0.630354 0.031722
 942.000000 1.806972 0.086544 0.625687 0.039148
 943.000000 1.718193 0.106229 0.637097 0.056366
 944.000000 1.778604 0.098048 0.636226 0.046264
 945.000000 1.788970 0.078134 0.626253 0.045413
 946.000000 1.581796 0.101718 0.633050 0.117267
 947.000000 1.663882 0.101278 0.647884 0.094087
 948.000000 1.578876 0.087542 0.630789 0.121729
 949.000000 1.581137 0.086042 0.635442 0.130092
 950.000000 1.673111 0.086495 0.635821 0.066047
 951.000000 1.670566 0.094142 0.630287 0.066910
 952.000000 1.750535 0.089266 0.644711 0.049244
 953.000000 1.658985 0.074981 0.636616 0.060972
 954.000000 1.647107 0.096146 0.638110 0.073931
 955.000000 1.569615 0.100523 0.630466 0.126697
 956.000000 1.639277 0.110145 0.650347 0.094171
 957.000000 1.707550 0.085067 0.634726 0.052579
 958.000000 1.586360 0.095928 0.631928 0.100452
 959.000000 1.677666 0.092487 0.629247 0.064461
 960.000000 1.686648 0.094456 0.627924 0.056461
 961.000000 1.691001 0.100742 0.628434 0.065211
 962.000000 1.674041 0.101449 0.625411 0.060758
 963.000000 1.697567 0.097875 0.638082 0.054908
 964.000000 1.691660 0.132548 0.641241 0.065252
 965.000000 1.715382 0.114095 0.634257 0.069878
 966.000000 1.814108 0.137623 0.641526 0.051700
 967.000000 1.811572 0.132227 0.634699 0.059605
 968.000000 1.686151 0.129674 0.632113 0.080330
 969.000000 1.721339 0.117361 0.637745 0.069372
 970.000000 1.691039 0.121954 0.629224 0.076958
 971.000000 1.650022 0.125168 0.625444 0.101840
 972.000000 1.706356 0.103236 0.642734 0.075386
 973.000000 1.806738 0.094207 0.640250 0.049457
 974.000000 1.687418 0.094216 0.639524 0.080171
 975.000000 1.635620 0.098374 0.637429 0.092954
 976.000000 1.561438 0.101896 0.638633 0.138922
 977.000000 1.709411 0.078022 0.632035 0.067915
 978.000000 1.712033 0.108678 0.643788 0.074829
 979.000000 1.609149 0.090853 0.633318 0.095281
 980.000000 1.678594 0.097634 0.626476 0.068212
 981.000000 1.684745 0.084192 0.632582 0.076272
 982.000000 1.673755 0.076228 0.625139 0.069660
 983.000000 1.572163 0.103097 0.627866 0.110188
 984.000000 1.673636 0.088759 0.627896 0.070034
 985.000000 1.552832 0.086903 0.626720 0.121352
 986.000000 1.574529 0.095925 0.638512 0.098561
 987.000000 1.531729 0.090415 0.635739 0.127409
 988.000000 1.614068 0.097048 0.631034 0.085728
 989.000000 1.641472 0.081724 0.630592 0.085924
 990.000000 1.718392 0.073066 0.641655 0.057103
 991.000000 1.742542 0.088225 0.638413 0.053741
 992.000000 1.745309 0.066874 0.635254 0.049720
 993.000000 1.835897 0.089495 0.629944 0.038946
 994.000000 1.902883 0.100981 0.635200 0.030424
 995.000000 1.812524 0.115712 0.639415 0.039574
 996.000000 1.809812 0.113917 0.641684 0.043210
 997.000000 1.853025 0.070412 0.630078 0.029363
 998.000000 1.661117 0.100380 0.627623 0.051283
 999.000000 1.758558 0.084206 0.639586 0.044415
 1000.000000 1.710397 0.090894 0.639212 0.049138
 1001.000000 1.791408 0.050422 0.630612 0.037742
 1002.000000 1.648620 0.059353 0.641198 0.068475
 1003.000000 1.642691 0.089682 0.645996 0.066441
 1004.000000 1.757739 0.109606 0.652824 0.044145
 1005.000000 1.632625 0.100296 0.641949 0.060726
 1006.000000 1.536487 0.122798 0.646041 0.101389
 1007.000000 1.731962 0.092865 0.629978 0.041946
 1008.000000 1.659880 0.095058 0.627928 0.057638
 1009.000000 1.605704 0.078551 0.621504 0.078755
 1010.000000 1.802866 0.086557 0.623681 0.033498
 1011.000000 1.811547 0.076781 0.630511 0.033630
 1012.000000 1.622290 0.082867 0.633674 0.071759
 1013.000000 1.742683 0.071661 0.626418 0.045957
 1014.000000 1.783609 0.079415 0.626273 0.036377
 1015.000000 1.762598 0.077454 0.626692 0.043482
 1016.000000 1.732343 0.085350 0.622133 0.044659
 1017.000000 1.750139 0.101553 0.620263 0.037176
 1018.000000 1.705032 0.091444 0.638193 0.045101
 1019.000000 1.688944 0.092521 0.640457 0.052523
 1020.000000 1.723862 0.097235 0.640704 0.051952
 1021.000000 1.686389 0.102628 0.642726 0.058379
 1022.000000 1.762617 0.103422 0.644095 0.036265
 1023.000000 1.791998 0.096601 0.638099 0.041774
 1024.000000 1.749588 0.100798 0.641584 0.042465
 1025.000000 1.633174 0.094381 0.639959 0.063740
 1026.000000 1.694451 0.096208 0.632921 0.046686
 1027.000000 1.669497 0.090541 0.634745 0.056407
 1028.000000 1.823707 0.084351 0.642166 0.027935
 1029.000000 1.851108 0.073751 0.629610 0.026156
 1030.000000 1.846137 0.077506 0.635873 0.028577
 1031.000000 1.793072 0.074452 0.640295 0.030501
 1032.000000 1.665394 0.082344 0.633389 0.050575
 1033.000000 1.683401 0.099428 0.640637 0.048035
 1034.000000 1.708699 0.103438 0.644384 0.049935
 1035.000000 1.653777 0.084899 0.632215 0.055064
 1036.000000 1.691726 0.101454 0.643739 0.049063
 1037.000000 1.645446 0.089591 0.634976 0.053924
 1038.000000 1.666387 0.101811 0.640813 0.053623
 1039.000000 1.743289 0.096019 0.633656 0.041994
 1040.000000 1.777485 0.082415 0.624095 0.038162
 1041.000000 1.753577 0.081545 0.623918 0.042824
 1042.000000 1.784479 0.099266 0.635489 0.034847
 1043.000000 1.761830 0.105876 0.636680 0.049875
 1044.000000 1.745134 0.075941 0.625962 0.043808
 1045.000000 1.655836 0.101321 0.629363 0.058550
 1046.000000 1.720076 0.089618 0.634557 0.051921
 1047.000000 1.748767 0.090686 0.635091 0.045244
 1048.000000 1.812523 0.094695 0.640330 0.031079
 1049.000000 1.659381 0.104834 0.640486 0.062188
 1050.000000 1.699646 0.093849 0.630348 0.047146
 1051.000000 1.743438 0.081796 0.627478 0.040247
 1052.000000 1.700196 0.093649 0.636775 0.045200
 1053.000000 1.694838 0.087068 0.629494 0.053075
 1054.000000 1.696143 0.057203 0.614873 0.054727
 1055.000000 1.649427 0.057424 0.629610 0.055903
 1056.000000 1.739668 0.069242 0.636338 0.041231
 1057.000000 1.801975 0.083499 0.633183 0.040923
 1058.000000 1.837227 0.091287 0.634389 0.037949
 1059.000000 1.829318 0.086273 0.629297 0.036115
 1060.000000 1.780461 0.084953 0.625434 0.045045
 1061.000000 1.659949 0.091008 0.631611 0.073598
 1062.000000 1.759637 0.087766 0.627755 0.052413
 1063.000000 1.675046 0.089751 0.630943 0.067260
 1064.000000 1.753173 0.082239 0.625256 0.040763
 1065.000000 1.723152 0.075674 0.630611 0.043905
 1066.000000 1.895137 0.082937 0.630683 0.022606
 1067.000000 1.894936 0.089103 0.635774 0.025859
 1068.000000 1.893651 0.095398 0.636358 0.031637
 1069.000000 1.869823 0.077977 0.638985 0.028224
 1070.000000 1.758224 0.081816 0.627653 0.053449
 1071.000000 1.752759 0.082048 0.629782 0.053104
 1072.000000 1.661139 0.084303 0.631932 0.081939
 1073.000000 1.693316 0.089885 0.630396 0.069933
 1074.000000 1.818124 0.088812 0.630671 0.037822
 1075.000000 1.878632 0.078657 0.636307 0.029523
 1076.000000 1.711557 0.090684 0.639126 0.054085
 1077.000000 1.743790 0.093983 0.633851 0.046880
 1078.000000 1.770274 0.089585 0.636954 0.047369
 1079.000000 1.767831 0.103000 0.638465 0.045901
 1080.000000 1.858590 0.089667 0.639711 0.033101
 1081.000000 1.742259 0.089285 0.639797 0.063556
 1082.000000 1.698639 0.082124 0.624571 0.061182
 1083.000000 1.659974 0.083520 0.644665 0.070886
 1084.000000 1.642739 0.090421 0.635740 0.080524
 1085.000000 1.602238 0.081063 0.638818 0.089936
 1086.000000 1.588341 0.089112 0.635842 0.109762
 1087.000000 1.537811 0.091630 0.647316 0.127156
 1088.000000 1.559599 0.075455 0.642730 0.127549
 1089.000000 1.805937 0.073449 0.628113 0.040652
 1090.000000 1.621174 0.082738 0.634297 0.104719
 1091.000000 1.556432 0.087868 0.629005 0.106357
 1092.000000 1.613471 0.077464 0.631636 0.073518
 1093.000000 1.684915 0.061665 0.632198 0.051277
 1094.000000 1.847904 0.076625 0.625161 0.028577
 1095.000000 1.699784 0.096992 0.619103 0.050790
 1096.000000 1.680762 0.080865 0.625496 0.050344
 1097.000000 1.668644 0.084423 0.616503 0.055646
 1098.000000 1.707472 0.072617 0.623524 0.050674
 1099.000000 1.622432 0.080613 0.630783 0.063981
 1100.000000 1.747546 0.083603 0.622513 0.040232
 1101.000000 1.826266 0.076181 0.614982 0.026981
 1102.000000 1.773489 0.087801 0.618478 0.038648
 1103.000000 1.838108 0.076275 0.625338 0.028930
 1104.000000 1.883134 0.083728 0.622765 0.023841
 1105.000000 1.740872 0.083575 0.621711 0.048485
 1106.000000 1.774116 0.072790 0.618381 0.036826
 1107.000000 1.855644 0.067477 0.620566 0.029342
 1108.000000 1.803030 0.083098 0.612540 0.031566
 1109.000000 1.735907 0.081192 0.617649 0.046506
 1110.000000 1.751038 0.085840 0.628277 0.047517
 1111.000000 1.713895 0.073673 0.617911 0.051724
 1112.000000 1.666889 0.084567 0.621745 0.063114
 1113.000000 1.592433 0.093680 0.623807 0.106654
 1114.000000 1.507322 0.087499 0.625140 0.157615
 1115.000000 1.528813 0.095622 0.637366 0.114383
 1116.000000 1.573112 0.092826 0.627152 0.082783
 1117.000000 1.507541 0.094272 0.637371 0.118866
 1118.000000 1.525223 0.090013 0.635701 0.114884
 1119.000000 1.496509 0.087355 0.624098 0.120831
 1120.000000 1.555727 0.092548 0.631824 0.096687
 1121.000000 1.522589 0.085888 0.634262 0.118537
 1122.000000 1.453438 0.088277 0.621703 0.147655
 1123.000000 1.586935 0.094887 0.635685 0.090553
 1124.000000 1.567126 0.081790 0.623716 0.097692
 1125.000000 1.590669 0.085978 0.628172 0.093816
 1126.000000 1.599332 0.083844 0.623381 0.091611
 1127.000000 1.447144 0.111115 0.634695 0.163812
 1128.000000 1.474717 0.088526 0.624381 0.159783
 1129.000000 1.613501 0.062426 0.624357 0.070984
 1130.000000 1.590605 0.064005 0.635220 0.080797
 1131.000000 1.633954 0.040626 0.619544 0.067066
 1132.000000 1.635821 0.069940 0.620666 0.057566
 1133.000000 1.588206 0.085359 0.637639 0.060785
 1134.000000 1.673928 0.051275 0.626283 0.057959
 1135.000000 1.618069 0.075788 0.629586 0.058563
 1136.000000 1.635282 0.089761 0.628296 0.064505
 1137.000000 1.689527 0.084047 0.634405 0.059145
 1138.000000 1.503475 0.052501 0.627036 0.107201
 1139.000000 1.607124 0.072562 0.631321 0.073891
 1140.000000 1.642286 0.066495 0.629232 0.071001
 1141.000000 1.574854 0.054061 0.622612 0.094998
 1142.000000 1.569594 0.083824 0.624335 0.093652
 1143.000000 1.618798 0.085763 0.617389 0.071095
 1144.000000 1.613841 0.122668 0.632910 0.063107
 1145.000000 1.640515 0.126852 0.635972 0.073284
 1146.000000 1.581068 0.086889 0.631049 0.084338
 1147.000000 1.663379 0.075399 0.629401 0.054866
 1148.000000 1.584269 0.070442 0.629788 0.086583
 1149.000000 1.588964 0.050485 0.634721 0.073186
 1150.000000 1.715987 0.059137 0.634589 0.048459
 1151.000000 1.735023 0.066322 0.631009 0.041005
 1152.000000 1.613288 0.058837 0.627273 0.057782
 1153.000000 1.715481 0.079938 0.628987 0.047767
 1154.000000 1.672489 0.067591 0.621981 0.049518
 1155.000000 1.619867 0.060789 0.626146 0.061564
 1156.000000 1.577385 0.057381 0.624810 0.071857
 1157.000000 1.641396 0.074996 0.635842 0.058789
 1158.000000 1.656932 0.080352 0.620191 0.057203
 1159.000000 1.620850 0.051025 0.623392 0.061096
 1160.000000 1.634002 0.054913 0.622345 0.057715
 1161.000000 1.680501 0.089641 0.646589 0.047107
 1162.000000 1.624868 0.093880 0.649596 0.057337
 1163.000000 1.720022 0.075392 0.640677 0.038883
 1164.000000 1.651606 0.074343 0.638233 0.046303
 1165.000000 1.781723 0.080510 0.634262 0.027589
 1166.000000 1.798592 0.080895 0.643903 0.027723
 1167.000000 1.685755 0.074776 0.643323 0.043812
 1168.000000 1.666304 0.086481 0.635581 0.045072
 1169.000000 1.620469 0.072886 0.638968 0.057163
 1170.000000 1.866876 0.071637 0.636212 0.022816
 1171.000000 1.804952 0.082114 0.636354 0.032652
 1172.000000 1.816397 0.085851 0.635732 0.028443
 1173.000000 1.811380 0.066204 0.635724 0.031734
 1174.000000 1.744188 0.069282 0.638806 0.035351
 1175.000000 1.746716 0.084415 0.642311 0.042444
 1176.000000 1.864534 0.082387 0.636842 0.025465
 1177.000000 1.719090 0.092544 0.650506 0.043880
 1178.000000 1.623477 0.090387 0.639506 0.063064
 1179.000000 1.708508 0.074983 0.638117 0.036858
 1180.000000 1.727604 0.079593 0.649629 0.039474
 1181.000000 1.639667 0.079354 0.640977 0.054983
 1182.000000 1.667087 0.086206 0.629870 0.061078
 1183.000000 1.660486 0.079321 0.638467 0.059503
 1184.000000 1.689559 0.100796 0.640782 0.043042
 1185.000000 1.613119 0.100368 0.638900 0.071135
 1186.000000 1.667738 0.083448 0.641626 0.042695
 1187.000000 1.657365 0.084804 0.643956 0.045796
 1188.000000 1.769573 0.097424 0.650382 0.029513
 1189.000000 1.676046 0.094050 0.646000 0.039600
 1190.000000 1.700146 0.098130 0.655583 0.040898
 1191.000000 1.681364 0.101543 0.652125 0.052383
 1192.000000 1.629647 0.087062 0.646451 0.049289
 1193.000000 1.694297 0.084260 0.650487 0.040280
 1194.000000 1.654927 0.086929 0.650313 0.050259
 1195.000000 1.595174 0.083660 0.639608 0.064636
 1196.000000 1.589652 0.074032 0.640678 0.066972
 1197.000000 1.750115 0.058971 0.630684 0.038262
 1198.000000 1.746110 0.085318 0.643672 0.036746
 1199.000000 1.687377 0.068759 0.642033 0.047648
 1200.000000 1.845524 0.073941 0.638452 0.024966
 1201.000000 1.834322 0.042898 0.629852 0.030141
 1202.000000 1.851062 0.052815 0.635283 0.023188
 1203.000000 1.745371 0.061970 0.635532 0.038273
 1204.000000 1.812496 0.069594 0.640935 0.029109
 1205.000000 1.833983 0.081322 0.641717 0.026769
 1206.000000 1.895251 0.056123 0.638754 0.021520
 1207.000000 1.766018 0.058049 0.635472 0.032789
 1208.000000 1.656664 0.059368 0.636241 0.056143
 1209.000000 1.750117 0.064404 0.627034 0.038608
 1210.000000 1.576157 0.057877 0.633638 0.084130
 1211.000000 1.611959 0.051330 0.631907 0.061427
 1212.000000 1.688182 0.076869 0.637419 0.050826
 1213.000000 1.777020 0.064423 0.634545 0.031982
 1214.000000 1.711601 0.069601 0.643875 0.045997
 1215.000000 1.718700 0.061261 0.634388 0.040947
 1216.000000 1.704392 0.066070 0.640506 0.041887
 1217.000000 1.642966 0.054349 0.639537 0.056043
 1218.000000 1.830478 0.065682 0.633224 0.028225
 1219.000000 1.670514 0.063554 0.634154 0.056747
 1220.000000 1.734238 0.081356 0.639115 0.039332
 1221.000000 1.592073 0.089715 0.643981 0.078807
 1222.000000 1.643284 0.066207 0.632724 0.054311
 1223.000000 1.569057 0.073201 0.644119 0.082745
 1224.000000 1.590950 0.094274 0.641087 0.092771
 1225.000000 1.560425 0.095860 0.629682 0.088560
 1226.000000 1.598245 0.127227 0.634612 0.072413
 1227.000000 1.639495 0.103645 0.630099 0.049421
 1228.000000 1.569636 0.140837 0.644995 0.087790
 1229.000000 1.645530 0.074385 0.638186 0.064831
 1230.000000 1.604354 0.078293 0.639964 0.063664
 1231.000000 1.707398 0.077827 0.638593 0.042503
 1232.000000 1.669377 0.079799 0.635770 0.051186
 1233.000000 1.496338 0.092839 0.626932 0.120966
 1234.000000 1.422385 0.068714 0.623631 0.148912
 1235.000000 1.528563 0.070492 0.632134 0.091012
 1236.000000 1.597978 0.081660 0.631461 0.067466
 1237.000000 1.473135 0.091050 0.633408 0.131505
 1238.000000 1.650455 0.100539 0.630293 0.057015
 1239.000000 1.578795 0.080068 0.624722 0.078018
 1240.000000 1.736922 0.078734 0.630290 0.046379
 1241.000000 1.766480 0.066891 0.626803 0.039742
 1242.000000 1.683330 0.087072 0.641657 0.054811
 1243.000000 1.721410 0.080287 0.636186 0.047718
 1244.000000 1.721277 0.072120 0.637059 0.056224
 1245.000000 1.547358 0.073310 0.624139 0.108213
 1246.000000 1.552973 0.079953 0.632121 0.101490
 1247.000000 1.561983 0.078556 0.637070 0.104588
 1248.000000 1.691857 0.067937 0.625891 0.055724
 1249.000000 1.733785 0.084927 0.638307 0.048419
 1250.000000 1.675732 0.088978 0.634348 0.057702
 1251.000000 1.670922 0.089647 0.623069 0.051398
 1252.000000 1.743027 0.090282 0.626516 0.045989
 1253.000000 1.573298 0.095144 0.626936 0.075517
 1254.000000 1.620802 0.086391 0.615634 0.078252
 1255.000000 1.653944 0.094411 0.637607 0.057817
 1256.000000 1.665801 0.088187 0.634781 0.066845
 1257.000000 1.686393 0.120998 0.638841 0.062538
 1258.000000 1.656831 0.116482 0.645876 0.085968
 1259.000000 1.651610 0.097441 0.642745 0.080644
 1260.000000 1.747555 0.074172 0.622399 0.051996
 1261.000000 1.779986 0.082563 0.630950 0.041298
 1262.000000 1.832817 0.102580 0.626919 0.034456
 1263.000000 1.659222 0.101006 0.640130 0.062735
 1264.000000 1.839148 0.093043 0.634453 0.036663
 1265.000000 1.721756 0.084039 0.635795 0.054328
 1266.000000 1.757210 0.077913 0.626727 0.052071
 1267.000000 1.649469 0.070697 0.633974 0.078043
 1268.000000 1.711884 0.093212 0.632868 0.048027
 1269.000000 1.708417 0.078059 0.642705 0.062542
 1270.000000 1.617012 0.074568 0.630345 0.091482
 1271.000000 1.694267 0.088712 0.632956 0.067466
 1272.000000 1.651490 0.074186 0.630776 0.076405
 1273.000000 1.615278 0.081153 0.633391 0.084853
 1274.000000 1.772828 0.057594 0.632080 0.046603
 1275.000000 1.790090 0.102943 0.648699 0.038425
 1276.000000 1.675123 0.104886 0.647061 0.076931
 1277.000000 1.694061 0.092261 0.648334 0.081597
 1278.000000 1.694209 0.088814 0.640260 0.074856
 1279.000000 1.725655 0.100410 0.644324 0.066528
 1280.000000 1.771598 0.124448 0.642802 0.057795
 1281.000000 1.729260 0.115094 0.638812 0.070995
 1282.000000 1.752579 0.121394 0.642050 0.064000
 1283.000000 1.724783 0.125682 0.639061 0.064112
 1284.000000 1.622555 0.118615 0.633519 0.079670
 1285.000000 1.686217 0.127086 0.634784 0.074584
 1286.000000 1.643112 0.118339 0.630986 0.082509
 1287.000000 1.747402 0.117715 0.637941 0.049913
 1288.000000 1.723758 0.123697 0.632686 0.067348
 1289.000000 1.749341 0.111765 0.635990 0.049465
 1290.000000 1.750410 0.113104 0.634593 0.044311
 1291.000000 1.655826 0.107621 0.644336 0.069143
 1292.000000 1.620610 0.109090 0.641009 0.088780
 1293.000000 1.641236 0.131337 0.633534 0.068491
 1294.000000 1.715414 0.113698 0.635779 0.056500
 1295.000000 1.686122 0.113369 0.644920 0.068349
 1296.000000 1.599772 0.132634 0.644261 0.083066
 1297.000000 1.669239 0.140290 0.638136 0.058740
 1298.000000 1.688754 0.126173 0.640467 0.062027
 1299.000000 1.674215 0.112211 0.637626 0.056676
 1300.000000 1.695647 0.119273 0.637176 0.069685
 1301.000000 1.751883 0.155369 0.651571 0.053140
 1302.000000 1.705989 0.138295 0.643275 0.058875
 1303.000000 1.733477 0.137325 0.637496 0.054396
 1304.000000 1.718759 0.143482 0.630348 0.057634
 1305.000000 1.710806 0.134776 0.639218 0.047536
 1306.000000 1.838564 0.145635 0.636834 0.031027
 1307.000000 1.760457 0.150233 0.641265 0.036838
 1308.000000 1.659386 0.163909 0.647170 0.053248
 1309.000000 1.799307 0.142421 0.654633 0.040086
 1310.000000 1.714571 0.143370 0.644732 0.052911
 1311.000000 1.570929 0.182146 0.648372 0.114350
 1312.000000 1.630990 0.127249 0.636248 0.066850
 1313.000000 1.669031 0.116308 0.634450 0.049495
 1314.000000 1.690388 0.121441 0.634794 0.052124
 1315.000000 1.634496 0.129316 0.643817 0.061292
 1316.000000 1.631375 0.112283 0.649694 0.073884
 1317.000000 1.677963 0.110505 0.645945 0.055782
 1318.000000 1.719851 0.120327 0.640532 0.046943
 1319.000000 1.732207 0.144439 0.638085 0.046305
 1320.000000 1.681087 0.137896 0.638108 0.071804
 1321.000000 1.664260 0.142553 0.644009 0.070774
 1322.000000 1.569544 0.158851 0.646375 0.103866
 1323.000000 1.658645 0.158622 0.646060 0.069031
 1324.000000 1.590302 0.145501 0.654168 0.130163
 1325.000000 1.625391 0.194256 0.660100 0.071956
 1326.000000 1.599380 0.150874 0.642897 0.088123
 1327.000000 1.536360 0.152706 0.636429 0.113791
 1328.000000 1.520178 0.179653 0.640563 0.091231
 1329.000000 1.535820 0.189130 0.655935 0.077157
 1330.000000 1.621866 0.184198 0.655602 0.074533
 1331.000000 1.554385 0.187340 0.649155 0.079702
 1332.000000 1.557615 0.163109 0.649193 0.079088
 1333.000000 1.537455 0.170812 0.641150 0.072296
 1334.000000 1.494893 0.161823 0.646881 0.087982
 1335.000000 1.529880 0.174686 0.650625 0.111840
 1336.000000 1.471851 0.176924 0.649244 0.142515
 1337.000000 1.547283 0.193428 0.660884 0.092292
 1338.000000 1.574458 0.174168 0.646080 0.078263
 1339.000000 1.613975 0.182735 0.636389 0.064850
 1340.000000 1.603902 0.194437 0.652463 0.059794
 1341.000000 1.501595 0.178087 0.652473 0.100029
 1342.000000 1.511189 0.180331 0.657153 0.087126
 1343.000000 1.572688 0.165433 0.640325 0.058934
 1344.000000 1.476305 0.164435 0.637298 0.127082
 1345.000000 1.468831 0.188771 0.631425 0.146765
 1346.000000 1.489844 0.197918 0.646196 0.155369
 1347.000000 1.625341 0.180581 0.637784 0.071995
 1348.000000 1.589463 0.165707 0.632268 0.081421
 1349.000000 1.619793 0.155358 0.632059 0.071513
 1350.000000 1.521388 0.168357 0.637340 0.120866
 1351.000000 1.616829 0.175835 0.633333 0.065139
 1352.000000 1.688114 0.182511 0.632838 0.055162
 1353.000000 1.493352 0.177942 0.643411 0.165013
 1354.000000 1.592546 0.165043 0.639256 0.097775
 1355.000000 1.653164 0.164252 0.639386 0.077150
 1356.000000 1.690863 0.153373 0.645685 0.048800
 1357.000000 1.695700 0.166736 0.640691 0.057325
 1358.000000 1.683272 0.147146 0.641867 0.054142
 1359.000000 1.552591 0.173150 0.650556 0.094185
 1360.000000 1.533808 0.159815 0.649893 0.110202
 1361.000000 1.577718 0.162913 0.646378 0.084214
 1362.000000 1.473368 0.169384 0.649478 0.119804
 1363.000000 1.605217 0.149790 0.634876 0.066404
 1364.000000 1.508787 0.153029 0.648365 0.093094
 1365.000000 1.620919 0.158710 0.648514 0.057818
 1366.000000 1.523301 0.145213 0.643199 0.093997
 1367.000000 1.705821 0.166170 0.643007 0.047082
 1368.000000 1.624428 0.161886 0.645968 0.061073
 1369.000000 1.757522 0.176696 0.660676 0.042806
 1370.000000 1.589484 0.203576 0.655842 0.089850
 1371.000000 1.702243 0.166740 0.654252 0.054040
 1372.000000 1.600886 0.178440 0.649372 0.074749
 1373.000000 1.640060 0.170345 0.644798 0.060834
 1374.000000 1.578266 0.166993 0.646853 0.078088
 1375.000000 1.527913 0.166150 0.659596 0.089760
 1376.000000 1.553656 0.175274 0.656742 0.073704
 1377.000000 1.676748 0.170958 0.641132 0.056762
 1378.000000 1.716523 0.164799 0.632450 0.042254
 1379.000000 1.680560 0.170150 0.632753 0.049372
 1380.000000 1.853009 0.156391 0.646602 0.038639
 1381.000000 1.670662 0.164231 0.652172 0.061772
 1382.000000 1.619483 0.183947 0.651913 0.074124
 1383.000000 1.606349 0.180768 0.658550 0.075059
 1384.000000 1.714557 0.172337 0.649732 0.049966
 1385.000000 1.722513 0.172671 0.657921 0.049324
 1386.000000 1.731842 0.171264 0.644656 0.048649
 1387.000000 1.812900 0.176252 0.653404 0.033857
 1388.000000 1.645489 0.165154 0.649353 0.078349
 1389.000000 1.602314 0.146786 0.638701 0.075336
 1390.000000 1.601412 0.160729 0.647446 0.085331
 1391.000000 1.566938 0.159116 0.639702 0.082252
 1392.000000 1.738232 0.171087 0.645930 0.046954
 1393.000000 1.770205 0.167841 0.645234 0.040267
 1394.000000 1.849967 0.159049 0.654303 0.029124
 1395.000000 1.800322 0.150243 0.652491 0.033989
 1396.000000 1.715074 0.178437 0.654752 0.053010
 1397.000000 1.739436 0.154933 0.650588 0.051322
 1398.000000 1.706364 0.154763 0.651497 0.050701
 1399.000000 1.651194 0.158768 0.656569 0.065114
 1400.000000 1.569473 0.168562 0.658495 0.107712
 1401.000000 1.632221 0.169122 0.653829 0.067559
 1402.000000 1.566833 0.159318 0.657631 0.077967
 1403.000000 1.651286 0.162985 0.657580 0.063028
 1404.000000 1.747292 0.176469 0.662547 0.046265
 1405.000000 1.741959 0.163228 0.647609 0.049285
 1406.000000 1.688072 0.162609 0.645979 0.054945
 1407.000000 1.616341 0.168884 0.640328 0.072835
 1408.000000 1.721791 0.152524 0.641883 0.046898
 1409.000000 1.704614 0.151832 0.643612 0.054125
 1410.000000 1.725503 0.155878 0.644358 0.041292
 1411.000000 1.742069 0.182755 0.646332 0.039548
 1412.000000 1.744448 0.169004 0.649849 0.041316
 1413.000000 1.638544 0.154398 0.649218 0.056330
 1414.000000 1.707211 0.165993 0.667222 0.037916
 1415.000000 1.756543 0.171335 0.661063 0.031880
 1416.000000 1.683704 0.145510 0.639477 0.053457
 1417.000000 1.717400 0.156183 0.642919 0.048861
 1418.000000 1.722707 0.160607 0.647635 0.049913
 1419.000000 1.721018 0.143903 0.639605 0.046341
 1420.000000 1.675113 0.150055 0.653528 0.048429
 1421.000000 1.674877 0.151484 0.646719 0.050888
 1422.000000 1.606056 0.164100 0.659356 0.056398
 1423.000000 1.612022 0.164834 0.654595 0.054124
 1424.000000 1.717042 0.157588 0.644115 0.044783
 1425.000000 1.740556 0.156862 0.649955 0.047412
 1426.000000 1.662352 0.165841 0.647323 0.056458
 1427.000000 1.610823 0.158957 0.642918 0.085461
 1428.000000 1.648683 0.141679 0.637967 0.056608
 1429.000000 1.791672 0.163178 0.638832 0.038760
 1430.000000 1.483917 0.161710 0.637693 0.098720
 1431.000000 1.626118 0.155306 0.654461 0.067484
 1432.000000 1.545336 0.171346 0.658852 0.071689
 1433.000000 1.393397 0.173693 0.653855 0.133573
 1434.000000 1.704215 0.159004 0.634723 0.052659
 1435.000000 1.691683 0.156557 0.631252 0.047407
 1436.000000 1.612634 0.158005 0.652827 0.080579
 1437.000000 1.518673 0.166575 0.648654 0.084026
 1438.000000 1.595640 0.155031 0.646489 0.056459
 1439.000000 1.525995 0.157381 0.639781 0.072100
 1440.000000 1.476879 0.163731 0.651951 0.086594
 1441.000000 1.444795 0.170956 0.656357 0.109938
 1442.000000 1.500533 0.152019 0.649804 0.093405
 1443.000000 1.424613 0.162082 0.651790 0.121964
 1444.000000 1.435960 0.167489 0.649936 0.114859
 1445.000000 1.354495 0.155304 0.653018 0.179181
 1446.000000 1.460712 0.174637 0.656265 0.104721
 1447.000000 1.528935 0.160058 0.648470 0.099917
 1448.000000 1.463520 0.167792 0.650387 0.103759
 1449.000000 1.382397 0.160117 0.638724 0.138000
 1450.000000 1.362829 0.151683 0.655805 0.179941
 1451.000000 1.368519 0.159622 0.653999 0.209323
 1452.000000 1.361913 0.174533 0.650437 0.190968
 1453.000000 1.371935 0.174253 0.659129 0.156592
 1454.000000 1.393536 0.161318 0.653217 0.141522
 1455.000000 1.488885 0.165827 0.654363 0.119422
 1456.000000 1.353664 0.178890 0.654132 0.170984
 1457.000000 1.350766 0.156576 0.646791 0.203478
 1458.000000 1.452586 0.158547 0.652527 0.125173
 1459.000000 1.521413 0.157918 0.639098 0.100011
 1460.000000 1.413857 0.173745 0.653125 0.169313
 1461.000000 1.425146 0.150568 0.636166 0.113864
 1462.000000 1.462174 0.156566 0.651779 0.105364
 1463.000000 1.424358 0.159398 0.645545 0.137872
 1464.000000 1.518589 0.162887 0.646145 0.102779
 1465.000000 1.398914 0.161280 0.644500 0.176029
 1466.000000 1.458175 0.159962 0.644177 0.106943
 1467.000000 1.460237 0.177001 0.649683 0.160498
 1468.000000 1.535786 0.154467 0.646419 0.127008
 1469.000000 1.694824 0.161313 0.645874 0.052856
 1470.000000 1.441267 0.160776 0.652907 0.150760
 1471.000000 1.660169 0.178114 0.657549 0.065324
 1472.000000 1.564731 0.160873 0.646642 0.096360
 1473.000000 1.529401 0.178404 0.665756 0.106932
 1474.000000 1.505859 0.174389 0.664158 0.123888
 1475.000000 1.598747 0.174001 0.666980 0.083406
 1476.000000 1.562248 0.163258 0.649775 0.093340
 1477.000000 1.560735 0.151621 0.651160 0.088020
 1478.000000 1.602017 0.155287 0.644775 0.085313
 1479.000000 1.682099 0.148780 0.643712 0.059585
 1480.000000 1.728100 0.138796 0.627613 0.052222
 1481.000000 1.774417 0.147558 0.645127 0.040185
 1482.000000 1.760876 0.157299 0.644336 0.045969
 1483.000000 1.788601 0.164327 0.647617 0.040968
 1484.000000 1.690437 0.155082 0.656585 0.100677
 1485.000000 1.685870 0.153833 0.656877 0.110310
 1486.000000 1.619791 0.163838 0.649280 0.125892
 1487.000000 1.709956 0.179671 0.637526 0.066564
 1488.000000 1.683608 0.180926 0.647925 0.078715
 1489.000000 1.712910 0.161111 0.639557 0.065350
 1490.000000 1.789976 0.176967 0.653575 0.060297
 1491.000000 1.819400 0.166999 0.636383 0.038396
 1492.000000 1.834791 0.176383 0.642927 0.037987
 1493.000000 1.936637 0.164932 0.621617 0.019262
 1494.000000 1.884703 0.164853 0.638882 0.030065
 1495.000000 1.693402 0.170757 0.634418 0.051524
 1496.000000 1.836275 0.161397 0.643677 0.029716
 1497.000000 1.726705 0.171143 0.652940 0.036355
 1498.000000 1.764889 0.170919 0.655552 0.043128
 1499.000000 1.717781 0.170574 0.656721 0.045994
 1500.000000 1.709645 0.175439 0.644635 0.060996
 1501.000000 1.622656 0.164996 0.638294 0.076983
 1502.000000 1.675696 0.179645 0.653271 0.064142
 1503.000000 1.684177 0.167027 0.647659 0.055860
 1504.000000 1.705760 0.166150 0.648919 0.060749
 1505.000000 1.673145 0.158542 0.643372 0.055391
 1506.000000 1.675260 0.160117 0.653127 0.059518
 1507.000000 1.805686 0.151549 0.649507 0.032647
 1508.000000 1.729419 0.154472 0.652366 0.045021
 1509.000000 1.783754 0.181800 0.645607 0.043012
 1510.000000 1.690616 0.167643 0.650635 0.051623
 1511.000000 1.780402 0.174164 0.648863 0.045587
 1512.000000 1.741841 0.189457 0.657826 0.043449
 1513.000000 1.533678 0.153341 0.649729 0.083621
 1514.000000 1.783522 0.156706 0.666839 0.044303
 1515.000000 1.749830 0.164838 0.662936 0.051749
 1516.000000 1.841409 0.166441 0.660986 0.036062
 1517.000000 1.786952 0.156467 0.652009 0.042062
 1518.000000 1.714234 0.166090 0.661142 0.058037
 1519.000000 1.803471 0.156330 0.652602 0.039811
 1520.000000 1.680323 0.158728 0.645774 0.055633
 1521.000000 1.833977 0.155561 0.658223 0.037359
 1522.000000 1.782392 0.167233 0.668054 0.046074
 1523.000000 1.804750 0.155202 0.660485 0.043462
 1524.000000 1.769755 0.169862 0.656689 0.042734
 1525.000000 1.631814 0.162136 0.656917 0.081637
 1526.000000 1.755098 0.161354 0.658021 0.050977
 1527.000000 1.898648 0.165093 0.649484 0.031801
 1528.000000 1.805762 0.170742 0.655344 0.041221
 1529.000000 1.808903 0.167623 0.654436 0.050240
 1530.000000 1.719017 0.148033 0.645448 0.063041
 1531.000000 1.611743 0.149216 0.648299 0.076651
 1532.000000 1.710522 0.158090 0.655611 0.056613
 1533.000000 1.821125 0.162300 0.660007 0.044807
 1534.000000 1.784843 0.161517 0.664378 0.047585
 1535.000000 1.754310 0.161307 0.663774 0.051393
 1536.000000 1.737695 0.158245 0.657562 0.058699
 1537.000000 1.800946 0.166279 0.659844 0.041208
 1538.000000 1.794051 0.149644 0.652822 0.044879
 1539.000000 1.906254 0.150646 0.659772 0.033827
 1540.000000 1.931225 0.153014 0.663914 0.031311
 1541.000000 1.758750 0.164306 0.659182 0.052724
 1542.000000 1.697690 0.169007 0.649907 0.063001
 1543.000000 1.821167 0.158570 0.657487 0.043774
 1544.000000 1.681520 0.162331 0.650008 0.072289
 1545.000000 1.618846 0.154943 0.651870 0.075857
 1546.000000 1.785592 0.160235 0.652638 0.042195
 1547.000000 1.848872 0.179919 0.649612 0.032724
 1548.000000 2.041322 0.156978 0.646885 0.017361
 1549.000000 1.917006 0.170896 0.659317 0.024415
 1550.000000 1.787089 0.155259 0.643069 0.042135
 1551.000000 1.759023 0.147548 0.642064 0.042056
 1552.000000 1.856220 0.145942 0.644117 0.029849
 1553.000000 1.826056 0.164268 0.655128 0.034866
 1554.000000 1.710675 0.147136 0.658260 0.071700
 1555.000000 1.611773 0.153808 0.654854 0.087054
 1556.000000 1.607040 0.157051 0.649697 0.075899
 1557.000000 1.607604 0.154208 0.645931 0.067007
 1558.000000 1.664428 0.171561 0.655743 0.056106
 1559.000000 1.591001 0.150290 0.641275 0.089189
 1560.000000 1.754448 0.164613 0.646858 0.043049
 1561.000000 1.723261 0.165587 0.648514 0.055092
 1562.000000 1.647846 0.153035 0.651904 0.068428
 1563.000000 1.791873 0.155236 0.641735 0.035512
 1564.000000 1.789637 0.154812 0.650226 0.044217
 1565.000000 1.883017 0.161290 0.641885 0.026306
 1566.000000 1.769191 0.160965 0.648262 0.042163
 1567.000000 1.744524 0.161510 0.648983 0.048631
 1568.000000 1.795070 0.161121 0.647244 0.033795
 1569.000000 1.827623 0.150327 0.642077 0.036716
 1570.000000 1.778859 0.154714 0.644380 0.040264
 1571.000000 1.809555 0.159108 0.647714 0.037521
 1572.000000 1.762040 0.150783 0.638041 0.042649
 1573.000000 1.734135 0.143482 0.640407 0.040724
 1574.000000 1.746918 0.155114 0.638077 0.049102
 1575.000000 1.738144 0.167777 0.646400 0.049798
 1576.000000 1.654656 0.173673 0.639690 0.052201
 1577.000000 1.744643 0.167229 0.642415 0.043251
 1578.000000 1.901250 0.167757 0.639201 0.024075
 1579.000000 1.855606 0.160801 0.639504 0.029029
 1580.000000 1.992263 0.171424 0.653309 0.019235
 1581.000000 1.804177 0.161410 0.634613 0.039840
 1582.000000 1.783242 0.181018 0.647680 0.039472
 1583.000000 1.847055 0.183623 0.644150 0.031683
 1584.000000 1.983389 0.174715 0.641717 0.020283
 1585.000000 1.807268 0.155956 0.643295 0.034780
 1586.000000 1.686138 0.157300 0.638501 0.053446
 1587.000000 1.668088 0.168278 0.637709 0.061621
 1588.000000 1.726705 0.155296 0.644468 0.054684
 1589.000000 1.659501 0.147893 0.630373 0.048948
 1590.000000 1.726938 0.155695 0.644864 0.048633
 1591.000000 1.643314 0.146454 0.639763 0.077220
 1592.000000 1.561744 0.153225 0.640979 0.098830
 1593.000000 1.628739 0.153915 0.642945 0.068625
 1594.000000 1.638006 0.157403 0.646509 0.068781
 1595.000000 1.685857 0.184878 0.648611 0.062379
 1596.000000 1.787184 0.169956 0.651732 0.035109
 1597.000000 1.843104 0.177079 0.646309 0.028450
 1598.000000 1.746991 0.166367 0.664726 0.042478
 1599.000000 2.036424 0.171187 0.653842 0.016307
 1600.000000 1.829050 0.166230 0.647839 0.035643
 1601.000000 1.840073 0.162148 0.649133 0.035803
 1602.000000 1.724786 0.169912 0.651394 0.048317
 1603.000000 1.642625 0.162849 0.645058 0.064555
 1604.000000 1.626546 0.170250 0.641829 0.068395
 1605.000000 1.714640 0.175753 0.664355 0.051942
 1606.000000 1.640989 0.175925 0.665524 0.065608
 1607.000000 1.569126 0.167652 0.659219 0.108538
 1608.000000 1.756591 0.162714 0.651234 0.052090
 1609.000000 1.557113 0.159672 0.648055 0.114072
 1610.000000 1.592123 0.157395 0.640741 0.104238
 1611.000000 1.551624 0.141429 0.641526 0.131589
 1612.000000 1.589471 0.167388 0.646348 0.088297
 1613.000000 1.586073 0.148124 0.641958 0.080783
 1614.000000 1.584520 0.151665 0.651184 0.095602
 1615.000000 1.622148 0.148951 0.648647 0.069678
 1616.000000 1.701241 0.151610 0.649234 0.056077
 1617.000000 1.664221 0.159477 0.641152 0.058047
 1618.000000 1.617157 0.173839 0.657769 0.081102
 1619.000000 1.624418 0.175400 0.660042 0.066501
 1620.000000 1.674114 0.177179 0.654103 0.055809
 1621.000000 1.571911 0.168985 0.648455 0.106475
 1622.000000 1.620817 0.156896 0.651458 0.089490
 1623.000000 1.463269 0.151849 0.640619 0.183687
 1624.000000 1.437270 0.176798 0.652338 0.189248
 1625.000000 1.518602 0.148798 0.656144 0.121787
 1626.000000 1.587544 0.165387 0.654291 0.106899
 1627.000000 1.670183 0.162572 0.652258 0.063904
 1628.000000 1.731274 0.156640 0.654312 0.050542
 1629.000000 1.661691 0.157649 0.663283 0.067660
 1630.000000 1.632699 0.153482 0.648968 0.067397
 1631.000000 1.730864 0.169084 0.646752 0.046501
 1632.000000 1.599264 0.179690 0.660346 0.093333
 1633.000000 1.614770 0.160737 0.651639 0.082473
 1634.000000 1.675533 0.164330 0.649967 0.057639
 1635.000000 1.832782 0.170517 0.654035 0.029869
 1636.000000 1.752724 0.174562 0.644937 0.043473
 1637.000000 1.753268 0.187060 0.648997 0.038027
 1638.000000 1.748555 0.179144 0.657164 0.040160
 1639.000000 1.683280 0.170048 0.649728 0.043916
 1640.000000 1.619531 0.152094 0.644716 0.070633
 1641.000000 1.559565 0.150079 0.651603 0.089327
 1642.000000 1.557809 0.155841 0.655517 0.091733
 1643.000000 1.509380 0.154996 0.650574 0.113080
 1644.000000 1.532961 0.149209 0.651865 0.098464
 1645.000000 1.614753 0.169272 0.647032 0.064130
