#! FIELDS time rho rmsd Rg c
 0.000000 0.159753 0.065124 0.609062 25.709146
 1.000000 0.152728 0.062115 0.605106 25.629696
 2.000000 0.145316 0.052673 0.609111 25.842898
 3.000000 0.140930 0.056559 0.611893 25.592242
 4.000000 0.141421 0.060722 0.605602 26.571673
 5.000000 0.160988 0.054537 0.608915 25.050012
 6.000000 0.142840 0.055167 0.607541 25.937262
 7.000000 0.158705 0.057039 0.598507 26.860646
 8.000000 0.137476 0.053882 0.611791 26.130665
 9.000000 0.054673 0.050937 0.608252 29.224576
 10.000000 0.040926 0.043925 0.600728 30.251011
 11.000000 0.053913 0.059019 0.592231 30.365916
 12.000000 0.029396 0.055088 0.606253 30.803012
 13.000000 0.045795 0.056509 0.597646 30.708982
 14.000000 0.031541 0.048540 0.600927 30.500501
 15.000000 0.028047 0.043310 0.597662 31.192936
 16.000000 0.040672 0.042301 0.605301 29.022698
 17.000000 0.033337 0.048708 0.601349 31.680610
 18.000000 0.027273 0.045462 0.599040 30.849502
 19.000000 0.043934 0.045546 0.596922 29.887425
 20.000000 0.049456 0.047691 0.595487 29.565045
 21.000000 0.031628 0.049468 0.603778 30.457357
 22.000000 0.032615 0.043352 0.598924 30.222811
 23.000000 0.042009 0.037098 0.596905 30.748817
 24.000000 0.046498 0.048800 0.593665 30.565254
 25.000000 0.031245 0.057487 0.607382 29.604329
 26.000000 0.030083 0.042575 0.601856 30.802571
 27.000000 0.046734 0.056511 0.595688 29.763585
 28.000000 0.037590 0.045421 0.598316 30.255905
 29.000000 0.046841 0.044597 0.601066 29.689267
 30.000000 0.045759 0.045145 0.596640 29.558960
 31.000000 0.032098 0.046757 0.598551 30.218957
 32.000000 0.033036 0.051666 0.607174 30.092828
 33.000000 0.035867 0.044766 0.600394 30.547992
 34.000000 0.045005 0.048520 0.598044 30.828370
 35.000000 0.037564 0.047211 0.602206 30.272384
 36.000000 0.047841 0.046256 0.606405 30.508260
 37.000000 0.050257 0.054124 0.600670 30.473921
 38.000000 0.048740 0.048191 0.603544 30.386657
 39.000000 0.039406 0.052864 0.601286 30.495126
 40.000000 0.032059 0.052120 0.596446 30.906360
 41.000000 0.043048 0.053794 0.596007 30.816087
 42.000000 0.045102 0.048391 0.600682 29.822133
 43.000000 0.044466 0.046547 0.600878 29.995140
 44.000000 0.040227 0.054575 0.599580 29.784193
 45.000000 0.037291 0.044210 0.597834 29.969352
 46.000000 0.031139 0.041211 0.600492 30.084417
 47.000000 0.044262 0.045130 0.597208 30.683278
 48.000000 0.044322 0.053465 0.599868 29.991311
 49.000000 0.032396 0.059375 0.608259 29.688630
 50.000000 0.045996 0.048640 0.601448 30.767262
 51.000000 0.032324 0.050022 0.601742 30.624348
 52.000000 0.047355 0.046597 0.597161 30.329836
 53.000000 0.037134 0.039306 0.604983 30.019915
 54.000000 0.037460 0.043350 0.602286 30.086130
 55.000000 0.038763 0.041822 0.602838 29.359114
 56.000000 0.041443 0.045627 0.602251 30.476935
 57.000000 0.037948 0.043534 0.598409 30.735604
 58.000000 0.033747 0.051916 0.597685 31.034176
 59.000000 0.038202 0.057147 0.607753 29.733153
 60.000000 0.046278 0.053876 0.605699 30.514524
 61.000000 0.042182 0.046758 0.598067 30.361750
 62.000000 0.036237 0.053921 0.605825 30.152389
 63.000000 0.031068 0.047148 0.596957 30.836880
 64.000000 0.029817 0.046086 0.597223 30.339136
 65.000000 0.034666 0.045040 0.595956 30.766711
 66.000000 0.043938 0.046599 0.590038 31.310415
 67.000000 0.041548 0.041791 0.602228 29.813515
 68.000000 0.050751 0.042192 0.589891 31.128005
 69.000000 0.048525 0.047556 0.591305 30.462903
 70.000000 0.036916 0.046104 0.601360 29.403435
 71.000000 0.042118 0.037065 0.594119 30.973608
 72.000000 0.045174 0.045577 0.595478 30.448972
 73.000000 0.038022 0.046443 0.591915 31.088563
 74.000000 0.031971 0.043620 0.602606 30.299470
 75.000000 0.041094 0.044665 0.600290 30.682989
 76.000000 0.038056 0.042867 0.593634 30.396564
 77.000000 0.051224 0.040535 0.599455 30.208219
 78.000000 0.038350 0.054461 0.597739 29.900999
 79.000000 0.043907 0.044248 0.595107 30.136072
 80.000000 0.049147 0.049342 0.606273 29.385237
 81.000000 0.039138 0.046081 0.600728 29.427692
 82.000000 0.048097 0.051403 0.595537 29.764863
 83.000000 0.042435 0.045788 0.592726 31.870900
 84.000000 0.036833 0.043648 0.599074 30.171348
 85.000000 0.030666 0.052731 0.599591 30.969307
 86.000000 0.039647 0.038628 0.589563 30.707249
 87.000000 0.051423 0.042587 0.595309 30.669768
 88.000000 0.050643 0.045414 0.602166 29.915410
 89.000000 0.033561 0.034255 0.593549 30.858081
 90.000000 0.040509 0.036366 0.589285 30.846278
 91.000000 0.049531 0.051231 0.592145 29.815180
 92.000000 0.040621 0.041461 0.598374 30.124599
 93.000000 0.048974 0.046195 0.597519 30.256120
 94.000000 0.038386 0.045330 0.606227 29.241189
 95.000000 0.041680 0.042494 0.601355 30.055066
 96.000000 0.040984 0.045518 0.602228 29.578899
 97.000000 0.041623 0.043150 0.605704 29.877452
 98.000000 0.042645 0.033671 0.603353 29.500438
 99.000000 0.046699 0.042417 0.606639 29.320373
 100.000000 0.045809 0.038200 0.601620 29.564130
 101.000000 0.036897 0.045105 0.607185 29.478097
 102.000000 0.032544 0.041648 0.588974 30.550801
 103.000000 0.034633 0.044134 0.597874 31.139638
 104.000000 0.038919 0.036473 0.599126 31.149597
 105.000000 0.042945 0.036899 0.600379 30.600113
 106.000000 0.037417 0.041283 0.604827 29.953151
 107.000000 0.045605 0.035326 0.606250 29.719271
 108.000000 0.030393 0.041143 0.599978 30.636565
 109.000000 0.054579 0.033379 0.600958 30.737300
 110.000000 0.036407 0.039318 0.595982 30.576444
 111.000000 0.042672 0.027986 0.595378 30.172744
 112.000000 0.055086 0.039227 0.601228 30.132935
 113.000000 0.031810 0.046019 0.596015 31.775289
 114.000000 0.035590 0.037719 0.598222 30.155519
 115.000000 0.034898 0.042867 0.599163 31.000099
 116.000000 0.048255 0.043033 0.597288 30.129888
 117.000000 0.039207 0.043381 0.599091 30.907554
 118.000000 0.037540 0.047495 0.606461 30.419581
 119.000000 0.041165 0.038493 0.598878 31.232435
 120.000000 0.036629 0.036181 0.598468 31.225467
 121.000000 0.048774 0.047204 0.598135 30.592131
 122.000000 0.041342 0.039578 0.604907 29.656140
 123.000000 0.053059 0.039631 0.607738 29.926671
 124.000000 0.039508 0.047025 0.599263 30.875512
 125.000000 0.037119 0.037808 0.598434 30.550338
 126.000000 0.036152 0.035400 0.603487 30.665973
 127.000000 0.044468 0.043443 0.598278 29.898172
 128.000000 0.024623 0.044653 0.600664 30.055394
 129.000000 0.036479 0.046787 0.595540 30.162954
 130.000000 0.044075 0.044447 0.600662 30.268054
 131.000000 0.022104 0.047849 0.604461 30.129092
 132.000000 0.036889 0.047126 0.599314 30.466399
 133.000000 0.040085 0.047649 0.597618 31.396618
 134.000000 0.051835 0.049533 0.597457 30.144033
 135.000000 0.049926 0.050092 0.601621 29.311973
 136.000000 0.025700 0.047706 0.597500 30.545027
 137.000000 0.050672 0.043831 0.601388 30.483552
 138.000000 0.048039 0.046390 0.607617 29.133869
 139.000000 0.035785 0.070642 0.601581 30.995642
 140.000000 0.044943 0.054247 0.597849 29.782184
 141.000000 0.037754 0.059887 0.598099 30.433679
 142.000000 0.043648 0.050436 0.603776 29.865930
 143.000000 0.034193 0.051331 0.604874 29.486526
 144.000000 0.051017 0.046781 0.600462 30.876497
 145.000000 0.043981 0.041182 0.601730 29.763170
 146.000000 0.036343 0.041632 0.598912 30.653244
 147.000000 0.039781 0.048140 0.600705 31.189644
 148.000000 0.032911 0.046336 0.598409 30.882608
 149.000000 0.038682 0.035861 0.599513 31.313472
 150.000000 0.041576 0.034663 0.593433 31.302311
 151.000000 0.039144 0.040610 0.597612 31.107955
 152.000000 0.037306 0.042056 0.595922 30.444915
 153.000000 0.023912 0.047985 0.598231 31.477777
 154.000000 0.031938 0.049438 0.603930 29.982791
 155.000000 0.030999 0.048140 0.597847 31.221833
 156.000000 0.055113 0.043583 0.599385 30.563499
 157.000000 0.058180 0.051228 0.597889 30.077296
 158.000000 0.044530 0.039151 0.601936 30.748954
 159.000000 0.044078 0.059111 0.597333 30.425091
 160.000000 0.033764 0.051323 0.598190 31.508295
 161.000000 0.049359 0.041991 0.596385 30.579717
 162.000000 0.042680 0.043507 0.593496 30.721768
 163.000000 0.046034 0.043282 0.599026 30.107908
 164.000000 0.039020 0.044442 0.604904 30.211619
 165.000000 0.048324 0.044022 0.598571 29.877475
 166.000000 0.038888 0.038895 0.608561 30.017404
 167.000000 0.030859 0.044510 0.596191 30.537279
 168.000000 0.033738 0.036101 0.594178 30.642683
 169.000000 0.039636 0.041364 0.604810 30.277799
 170.000000 0.043807 0.040143 0.598848 30.228333
 171.000000 0.033053 0.038412 0.597555 29.926715
 172.000000 0.036542 0.031266 0.592953 30.208374
 173.000000 0.031162 0.033616 0.600166 30.110207
 174.000000 0.051047 0.045618 0.599017 29.800681
 175.000000 0.058160 0.052639 0.601165 29.609792
 176.000000 0.040168 0.046164 0.602122 29.989016
 177.000000 0.044539 0.046815 0.605809 29.040336
 178.000000 0.034027 0.043548 0.599425 30.303998
 179.000000 0.051852 0.049917 0.591829 30.884367
 180.000000 0.041194 0.034491 0.595188 30.675525
 181.000000 0.030410 0.049189 0.591161 31.382257
 182.000000 0.042256 0.039561 0.594966 31.132757
 183.000000 0.030905 0.034895 0.601510 29.527906
 184.000000 0.040811 0.036813 0.603445 29.817652
 185.000000 0.049667 0.045925 0.594642 31.079822
 186.000000 0.041808 0.045236 0.598880 31.008312
 187.000000 0.038402 0.036021 0.602182 29.981635
 188.000000 0.049918 0.042568 0.601571 31.010333
 189.000000 0.040923 0.044843 0.600204 30.773987
 190.000000 0.035489 0.039032 0.599351 30.499483
 191.000000 0.041837 0.041024 0.600225 30.224678
 192.000000 0.032957 0.048037 0.600217 30.691937
 193.000000 0.039382 0.045011 0.596470 30.462457
 194.000000 0.041687 0.051147 0.598429 29.957420
 195.000000 0.042776 0.046877 0.596253 30.477572
 196.000000 0.048298 0.037205 0.598619 31.117643
 197.000000 0.043117 0.038527 0.600684 29.925314
 198.000000 0.045783 0.038758 0.602277 30.236683
 199.000000 0.039549 0.044867 0.600148 30.224691
 200.000000 0.042924 0.038020 0.600186 29.882461
 201.000000 0.042849 0.049094 0.604313 29.824087
 202.000000 0.042470 0.047807 0.598775 30.433149
 203.000000 0.043270 0.033916 0.601425 30.222727
 204.000000 0.030552 0.034180 0.604519 30.271832
 205.000000 0.033204 0.034893 0.602377 30.469649
 206.000000 0.041339 0.046712 0.609956 29.937603
 207.000000 0.034282 0.036181 0.596708 30.972236
 208.000000 0.047986 0.039624 0.598996 30.246520
 209.000000 0.038590 0.041564 0.601856 30.838774
 210.000000 0.042159 0.042116 0.603860 30.165728
 211.000000 0.047145 0.042609 0.604616 30.317158
 212.000000 0.038854 0.044518 0.609588 29.777768
 213.000000 0.036763 0.049625 0.600634 30.639726
 214.000000 0.052682 0.048958 0.601454 29.992927
 215.000000 0.033781 0.040690 0.601238 30.565649
 216.000000 0.040392 0.050275 0.598988 29.839258
 217.000000 0.034653 0.044012 0.597475 30.725516
 218.000000 0.038338 0.043988 0.598574 31.249976
 219.000000 0.056410 0.045662 0.592626 30.596543
 220.000000 0.039532 0.043563 0.597223 31.038901
 221.000000 0.036113 0.050448 0.603302 30.274922
 222.000000 0.047500 0.050034 0.601664 29.958298
 223.000000 0.047012 0.039304 0.597177 30.132178
 224.000000 0.043125 0.037725 0.601559 30.248849
 225.000000 0.050678 0.045941 0.602144 30.165001
 226.000000 0.033608 0.038565 0.597081 31.249507
 227.000000 0.043067 0.046943 0.604708 30.866878
 228.000000 0.043587 0.037609 0.601806 30.082534
 229.000000 0.031908 0.053457 0.606181 30.881236
 230.000000 0.036541 0.050568 0.607276 30.151619
 231.000000 0.035910 0.038189 0.596793 31.267638
 232.000000 0.049183 0.041712 0.595557 30.220394
 233.000000 0.043741 0.050419 0.599360 31.439344
 234.000000 0.034061 0.041564 0.598393 31.136069
 235.000000 0.026416 0.039241 0.605327 30.434229
 236.000000 0.057790 0.043766 0.597040 30.703838
 237.000000 0.047307 0.049373 0.603184 30.094517
 238.000000 0.038670 0.047384 0.605589 29.412624
 239.000000 0.040579 0.043229 0.601582 30.710192
 240.000000 0.034591 0.047740 0.602546 30.639736
 241.000000 0.039466 0.052710 0.604530 29.867062
 242.000000 0.042570 0.049979 0.596833 30.106429
 243.000000 0.043400 0.040612 0.598649 30.786605
 244.000000 0.047972 0.047187 0.601634 30.489259
 245.000000 0.034935 0.042356 0.602495 30.199057
 246.000000 0.038630 0.042721 0.601485 30.034721
 247.000000 0.043464 0.042210 0.606843 29.756495
 248.000000 0.051796 0.047793 0.607814 29.960667
 249.000000 0.024983 0.045481 0.602455 30.207398
 250.000000 0.043563 0.037548 0.592599 31.537578
 251.000000 0.048388 0.045120 0.600180 30.259079
 252.000000 0.050854 0.046479 0.603311 30.396623
 253.000000 0.043370 0.048952 0.609188 30.278603
 254.000000 0.040052 0.049353 0.602790 29.945491
 255.000000 0.042302 0.046861 0.597048 30.176351
 256.000000 0.039790 0.037189 0.596366 29.912067
 257.000000 0.037506 0.036317 0.598185 30.830754
 258.000000 0.039191 0.039665 0.597495 31.016141
 259.000000 0.036946 0.045956 0.604193 30.051203
 260.000000 0.042968 0.041187 0.596979 30.936514
 261.000000 0.032543 0.043676 0.598673 29.901586
 262.000000 0.031518 0.042248 0.601772 30.215988
 263.000000 0.034777 0.037013 0.595589 30.208883
 264.000000 0.046957 0.044177 0.590453 30.803181
 265.000000 0.040840 0.035912 0.597118 30.565520
 266.000000 0.037025 0.054043 0.596085 30.601030
 267.000000 0.037268 0.040376 0.594925 30.234227
 268.000000 0.045549 0.053588 0.603148 29.805233
 269.000000 0.032977 0.048911 0.604297 30.485622
 270.000000 0.038520 0.046479 0.596746 30.738223
 271.000000 0.048381 0.034779 0.599567 30.642290
 272.000000 0.028274 0.045117 0.605245 29.767971
 273.000000 0.050779 0.049376 0.599399 29.630924
 274.000000 0.043970 0.041208 0.603856 29.832752
 275.000000 0.044536 0.037954 0.599884 30.423042
 276.000000 0.051020 0.056698 0.601111 30.549824
 277.000000 0.040482 0.044810 0.603964 30.559985
 278.000000 0.043268 0.039784 0.589092 31.676362
 279.000000 0.048083 0.044046 0.595903 30.608469
 280.000000 0.047677 0.036996 0.597111 30.910510
 281.000000 0.035549 0.035220 0.592633 30.525060
 282.000000 0.050691 0.036210 0.600299 29.373412
 283.000000 0.038495 0.040747 0.603764 30.290916
 284.000000 0.043200 0.055271 0.603743 30.775602
 285.000000 0.048906 0.050782 0.601855 30.420694
 286.000000 0.041015 0.051289 0.596221 30.438907
 287.000000 0.040895 0.049266 0.606019 29.870788
 288.000000 0.035060 0.040682 0.607996 29.956693
 289.000000 0.032536 0.041474 0.603829 29.484337
 290.000000 0.038350 0.042128 0.602212 29.931574
 291.000000 0.038503 0.034329 0.602801 29.407977
 292.000000 0.043532 0.044225 0.597381 30.449870
 293.000000 0.034204 0.036342 0.599099 29.577412
 294.000000 0.056738 0.035558 0.598718 29.873704
 295.000000 0.030914 0.043382 0.603791 30.037005
 296.000000 0.038131 0.039428 0.604959 29.285105
 297.000000 0.043457 0.037595 0.601942 29.617062
 298.000000 0.034179 0.040933 0.600838 30.463830
 299.000000 0.040081 0.044133 0.597412 30.622736
 300.000000 0.043021 0.037608 0.590942 31.065207
 301.000000 0.044085 0.040881 0.597954 30.191381
 302.000000 0.042850 0.045378 0.604547 29.956401
 303.000000 0.035235 0.040784 0.598518 30.724087
 304.000000 0.038889 0.038947 0.597188 30.397266
 305.000000 0.026161 0.046795 0.610690 30.489082
 306.000000 0.050545 0.047727 0.603516 30.229554
 307.000000 0.043020 0.050106 0.609067 29.677027
 308.000000 0.045897 0.052148 0.607454 30.047977
 309.000000 0.033270 0.039067 0.595371 31.088634
 310.000000 0.030774 0.052718 0.604149 30.294305
 311.000000 0.032644 0.035179 0.599448 30.359450
 312.000000 0.048699 0.042390 0.593463 30.785042
 313.000000 0.043684 0.044537 0.596340 31.535910
 314.000000 0.037266 0.049193 0.606104 29.888525
 315.000000 0.048310 0.046940 0.602924 30.710455
 316.000000 0.034321 0.047368 0.603239 31.209794
 317.000000 0.035191 0.043442 0.600327 31.213300
 318.000000 0.043906 0.035677 0.599562 30.713981
 319.000000 0.042207 0.043588 0.603006 30.365108
 320.000000 0.050707 0.039291 0.602048 30.222867
 321.000000 0.044460 0.041754 0.599528 30.257314
 322.000000 0.037387 0.039095 0.607719 29.666612
 323.000000 0.039095 0.038763 0.605039 29.154209
 324.000000 0.038758 0.037479 0.600387 30.948519
 325.000000 0.031953 0.058169 0.608535 30.234050
 326.000000 0.040915 0.038776 0.606432 29.674317
 327.000000 0.045955 0.049697 0.594027 30.451381
 328.000000 0.042377 0.039333 0.601586 29.249188
 329.000000 0.043647 0.040322 0.608438 29.577147
 330.000000 0.045858 0.049433 0.602860 30.547599
 331.000000 0.039337 0.035081 0.594707 31.488095
 332.000000 0.036576 0.037470 0.604353 30.120961
 333.000000 0.026408 0.036695 0.600438 30.513647
 334.000000 0.046961 0.039424 0.597306 31.170188
 335.000000 0.044573 0.039834 0.596303 30.691634
 336.000000 0.041465 0.046334 0.598460 30.874434
 337.000000 0.037664 0.038477 0.599195 30.237687
 338.000000 0.041625 0.036224 0.604445 29.355174
 339.000000 0.054891 0.036600 0.601135 29.912657
 340.000000 0.036676 0.043082 0.597461 29.991623
 341.000000 0.036906 0.046046 0.600502 31.703190
 342.000000 0.053269 0.045789 0.602436 30.443729
 343.000000 0.051979 0.038069 0.597503 30.591086
 344.000000 0.037533 0.038842 0.605467 29.599736
 345.000000 0.054252 0.036906 0.604622 29.090279
 346.000000 0.042691 0.052208 0.591664 29.948515
 347.000000 0.037393 0.041355 0.605467 29.536466
 348.000000 0.034056 0.046425 0.604213 30.075109
 349.000000 0.041415 0.056014 0.607704 29.647229
 350.000000 0.036729 0.042952 0.597601 29.739135
 351.000000 0.039629 0.044004 0.597263 30.171219
 352.000000 0.035225 0.046254 0.607369 29.913009
 353.000000 0.046254 0.038011 0.596614 30.523090
 354.000000 0.044699 0.054532 0.603824 29.737429
 355.000000 0.030479 0.043162 0.600879 30.568054
 356.000000 0.038488 0.040975 0.606030 30.339877
 357.000000 0.027288 0.042919 0.604300 30.215223
 358.000000 0.030730 0.057367 0.607364 30.923669
 359.000000 0.032555 0.048156 0.604589 30.681434
 360.000000 0.027597 0.042414 0.602459 30.354727
 361.000000 0.034426 0.046013 0.604200 30.134994
 362.000000 0.039806 0.040227 0.599771 30.385653
 363.000000 0.042072 0.044353 0.598032 29.412880
 364.000000 0.049223 0.055107 0.602657 29.989473
 365.000000 0.044853 0.046612 0.604014 29.997103
 366.000000 0.035573 0.057543 0.602804 30.607122
 367.000000 0.050742 0.042505 0.598424 30.932811
 368.000000 0.051809 0.042399 0.606347 29.922293
 369.000000 0.025038 0.035424 0.600897 30.421541
 370.000000 0.026972 0.049425 0.608043 30.057898
 371.000000 0.038083 0.035883 0.597920 30.858377
 372.000000 0.035748 0.058027 0.612328 28.894186
 373.000000 0.047122 0.045603 0.593349 31.094140
 374.000000 0.044514 0.040231 0.592146 30.293710
 375.000000 0.036274 0.036584 0.596212 30.278819
 376.000000 0.034749 0.044796 0.603916 29.936569
 377.000000 0.048096 0.052533 0.606313 28.965721
 378.000000 0.031412 0.039173 0.600508 29.958626
 379.000000 0.040998 0.041760 0.597995 30.989699
 380.000000 0.042154 0.047228 0.599718 29.268423
 381.000000 0.043393 0.042370 0.603870 29.227598
 382.000000 0.033277 0.041969 0.606078 29.684551
 383.000000 0.033855 0.042418 0.595308 30.658325
 384.000000 0.039338 0.035276 0.604468 29.287085
 385.000000 0.036436 0.045319 0.599852 29.222144
 386.000000 0.044100 0.041924 0.594371 29.901364
 387.000000 0.041607 0.054770 0.604273 30.281444
 388.000000 0.026493 0.039641 0.598976 31.558086
 389.000000 0.043765 0.040016 0.600028 30.042249
 390.000000 0.035783 0.047635 0.597899 30.441859
 391.000000 0.031741 0.064950 0.612265 29.526202
 392.000000 0.040712 0.044326 0.607060 30.412702
 393.000000 0.035031 0.036956 0.605077 29.696977
 394.000000 0.046106 0.049039 0.609629 30.124001
 395.000000 0.048252 0.038914 0.602017 29.270504
 396.000000 0.033074 0.043982 0.593005 29.428246
 397.000000 0.043618 0.049262 0.607131 29.442553
 398.000000 0.040096 0.047872 0.600863 29.649181
 399.000000 0.049018 0.034837 0.597000 30.732738
 400.000000 0.044568 0.036242 0.590533 30.957987
 401.000000 0.037055 0.040293 0.592443 31.221918
 402.000000 0.035241 0.040065 0.592706 31.157159
 403.000000 0.044057 0.041423 0.597978 29.466328
 404.000000 0.043844 0.036271 0.596348 30.514756
 405.000000 0.030649 0.038642 0.603890 30.351483
 406.000000 0.044956 0.044080 0.594050 30.855372
 407.000000 0.037375 0.048846 0.599876 30.793808
 408.000000 0.046520 0.048675 0.597899 29.459196
 409.000000 0.039122 0.041490 0.597074 30.598096
 410.000000 0.049513 0.042706 0.606831 29.430387
 411.000000 0.042897 0.041502 0.594040 30.130591
 412.000000 0.048582 0.039897 0.603566 30.176417
 413.000000 0.047579 0.053246 0.603248 30.859769
 414.000000 0.035263 0.032643 0.603849 29.092237
 415.000000 0.045713 0.047758 0.600898 29.227045
 416.000000 0.034634 0.047262 0.598307 30.832976
 417.000000 0.041996 0.051770 0.599230 29.736046
 418.000000 0.042990 0.045148 0.599484 30.630604
 419.000000 0.042945 0.048456 0.598411 30.504060
 420.000000 0.029349 0.049111 0.598753 30.009135
 421.000000 0.040512 0.036484 0.594319 30.584026
 422.000000 0.038316 0.046599 0.596915 29.834563
 423.000000 0.041130 0.052366 0.603343 29.554536
 424.000000 0.042287 0.043978 0.592182 31.111208
 425.000000 0.043182 0.050096 0.600041 30.826314
 426.000000 0.054798 0.046755 0.601854 30.117565
 427.000000 0.041065 0.040717 0.607834 30.398237
 428.000000 0.048719 0.047696 0.604120 29.932067
 429.000000 0.034873 0.041067 0.599430 29.585386
 430.000000 0.027855 0.050342 0.596708 30.568830
 431.000000 0.041178 0.044995 0.594398 30.407755
 432.000000 0.034318 0.055419 0.604212 30.870551
 433.000000 0.039102 0.047108 0.598264 31.300677
 434.000000 0.043762 0.042936 0.598342 31.360831
 435.000000 0.037119 0.047228 0.593569 30.969839
 436.000000 0.038774 0.041213 0.605920 30.163057
 437.000000 0.051798 0.045604 0.604375 30.227476
 438.000000 0.044381 0.040865 0.601706 30.431477
 439.000000 0.037294 0.047520 0.599940 30.087659
 440.000000 0.036974 0.042699 0.600148 30.960161
 441.000000 0.042406 0.045973 0.599736 30.562382
 442.000000 0.048520 0.043672 0.593523 30.111511
 443.000000 0.039999 0.035104 0.594038 31.627593
 444.000000 0.043943 0.048108 0.593003 30.933934
 445.000000 0.035711 0.044773 0.591269 31.999909
 446.000000 0.046688 0.044408 0.599461 29.609259
 447.000000 0.044502 0.046980 0.594798 30.245636
 448.000000 0.042363 0.041719 0.601027 29.996401
 449.000000 0.042966 0.043956 0.607863 29.790961
 450.000000 0.041329 0.048417 0.612478 29.990493
 451.000000 0.042600 0.040676 0.602234 30.566105
 452.000000 0.039639 0.045721 0.591737 29.789480
 453.000000 0.034577 0.046375 0.602847 29.994501
 454.000000 0.041823 0.042755 0.606809 29.933823
 455.000000 0.054588 0.040761 0.601299 31.087516
 456.000000 0.037224 0.042778 0.599739 29.581249
 457.000000 0.046544 0.044704 0.596633 30.599887
 458.000000 0.039505 0.038245 0.596805 30.103329
 459.000000 0.040345 0.040710 0.595802 30.893726
 460.000000 0.042135 0.043763 0.597821 30.082462
 461.000000 0.033715 0.046315 0.593753 30.633459
 462.000000 0.030888 0.041617 0.603828 29.694101
 463.000000 0.035509 0.045833 0.600417 29.881680
 464.000000 0.049957 0.039247 0.595440 30.246213
 465.000000 0.031394 0.042916 0.591177 31.078628
 466.000000 0.026428 0.050439 0.597442 30.731216
 467.000000 0.034575 0.061027 0.605561 29.947326
 468.000000 0.037645 0.041603 0.590246 31.303349
 469.000000 0.046198 0.044572 0.594153 31.117714
 470.000000 0.034118 0.047745 0.600818 30.788397
 471.000000 0.028407 0.044591 0.604119 30.340750
 472.000000 0.048912 0.047941 0.595087 29.503856
 473.000000 0.034373 0.044522 0.602691 30.639216
 474.000000 0.052638 0.041190 0.599993 29.935104
 475.000000 0.053974 0.042990 0.602899 29.790218
 476.000000 0.037737 0.039738 0.603794 30.676499
 477.000000 0.043899 0.047240 0.601492 30.533128
 478.000000 0.039469 0.047137 0.596625 31.215176
 479.000000 0.041453 0.046445 0.599368 30.792496
 480.000000 0.040884 0.043204 0.600060 28.952050
 481.000000 0.041520 0.048295 0.601012 30.258114
 482.000000 0.039083 0.042915 0.601743 30.260221
 483.000000 0.038784 0.047823 0.600156 30.077829
 484.000000 0.034421 0.040587 0.609395 29.979382
 485.000000 0.042391 0.047537 0.610624 29.725051
 486.000000 0.038456 0.044980 0.605103 30.038906
 487.000000 0.034643 0.038689 0.602894 30.458634
 488.000000 0.042252 0.039475 0.598278 30.248147
 489.000000 0.036556 0.042887 0.607690 29.946313
 490.000000 0.034532 0.050093 0.610092 29.850236
 491.000000 0.042750 0.037502 0.605684 29.959404
 492.000000 0.048024 0.046969 0.613349 29.825157
 493.000000 0.044588 0.035549 0.604946 30.399055
 494.000000 0.049768 0.047709 0.607703 30.182023
 495.000000 0.030703 0.042828 0.601631 30.804738
 496.000000 0.038711 0.057049 0.605796 30.987147
 497.000000 0.035656 0.037347 0.602518 30.726722
 498.000000 0.041770 0.038195 0.603898 31.000259
 499.000000 0.034414 0.045104 0.611484 30.333883
 500.000000 0.043367 0.045737 0.610970 30.125434
 501.000000 0.043197 0.049314 0.607448 30.689855
 502.000000 0.040997 0.049028 0.617959 29.189251
 503.000000 0.035602 0.046551 0.606171 30.598682
 504.000000 0.039037 0.038497 0.604420 30.103678
 505.000000 0.036251 0.046658 0.609232 30.355354
 506.000000 0.037086 0.038330 0.602349 30.652380
 507.000000 0.033197 0.054637 0.612850 28.924930
 508.000000 0.036753 0.047913 0.606781 29.940811
 509.000000 0.030547 0.037689 0.602068 30.530092
 510.000000 0.041540 0.040776 0.604617 30.449396
 511.000000 0.039779 0.043905 0.598381 30.897978
 512.000000 0.031708 0.047137 0.604934 30.802662
 513.000000 0.034371 0.044602 0.600520 31.290064
 514.000000 0.032125 0.048263 0.607935 31.013363
 515.000000 0.040312 0.041680 0.604506 31.284377
 516.000000 0.031445 0.041499 0.609051 29.972390
 517.000000 0.033387 0.051034 0.608082 30.044451
 518.000000 0.051085 0.038768 0.607765 30.586740
 519.000000 0.027389 0.057055 0.613405 31.142443
 520.000000 0.033960 0.037534 0.604049 30.207559
 521.000000 0.040849 0.043218 0.606723 30.462708
 522.000000 0.034973 0.037601 0.607200 29.978530
 523.000000 0.032544 0.050445 0.606541 30.029859
 524.000000 0.042689 0.049033 0.603390 31.448472
 525.000000 0.041154 0.041254 0.603532 31.131557
 526.000000 0.026030 0.033218 0.609690 30.169478
 527.000000 0.034658 0.039906 0.602442 30.866536
 528.000000 0.047244 0.047076 0.611298 30.123234
 529.000000 0.047383 0.045371 0.610441 30.931137
 530.000000 0.041480 0.043230 0.608663 30.062758
 531.000000 0.036662 0.048923 0.609695 30.758087
 532.000000 0.039791 0.053636 0.621654 30.434074
 533.000000 0.041679 0.036080 0.611743 30.120959
 534.000000 0.035029 0.047572 0.609264 30.919529
 535.000000 0.032250 0.042316 0.605700 31.208922
 536.000000 0.035212 0.039064 0.612056 30.553370
 537.000000 0.020081 0.036924 0.612942 31.021728
 538.000000 0.039052 0.043522 0.612535 30.447976
 539.000000 0.036971 0.043902 0.606646 30.355162
 540.000000 0.041908 0.047744 0.616995 29.489479
 541.000000 0.037424 0.044713 0.607544 30.972433
 542.000000 0.029032 0.038602 0.610736 30.780682
 543.000000 0.044150 0.055751 0.608741 30.990020
 544.000000 0.043686 0.043940 0.607151 31.005597
 545.000000 0.029676 0.033617 0.602549 31.297118
 546.000000 0.039589 0.050496 0.616689 30.266968
 547.000000 0.043569 0.051076 0.612360 30.923016
 548.000000 0.030453 0.040680 0.609860 30.229104
 549.000000 0.044058 0.040774 0.612876 30.661418
 550.000000 0.046366 0.048960 0.616019 29.301486
 551.000000 0.047758 0.047425 0.612147 29.900230
 552.000000 0.041891 0.038556 0.606131 29.582223
 553.000000 0.030121 0.047737 0.612170 30.498788
 554.000000 0.036525 0.050090 0.609032 30.043462
 555.000000 0.037462 0.038333 0.603580 30.220625
 556.000000 0.043913 0.046575 0.605088 29.773802
 557.000000 0.044054 0.043245 0.598403 30.765109
 558.000000 0.027728 0.043250 0.607523 30.637872
 559.000000 0.022912 0.051105 0.608518 29.976708
 560.000000 0.034806 0.047606 0.606104 28.891488
 561.000000 0.041765 0.043601 0.607850 30.086993
 562.000000 0.040065 0.046219 0.605678 29.991903
 563.000000 0.037024 0.054610 0.609977 29.885298
 564.000000 0.037507 0.049497 0.603422 30.636735
 565.000000 0.038161 0.048328 0.615540 30.235345
 566.000000 0.034880 0.042723 0.609256 30.535287
 567.000000 0.037829 0.041983 0.602647 30.777183
 568.000000 0.033804 0.046370 0.600527 30.804478
 569.000000 0.041030 0.055402 0.602309 31.456706
 570.000000 0.049546 0.045689 0.607082 30.573024
 571.000000 0.037614 0.040196 0.614416 29.760158
 572.000000 0.036290 0.046483 0.605325 31.308375
 573.000000 0.038045 0.038340 0.611595 30.481578
 574.000000 0.035532 0.046778 0.619859 30.043209
 575.000000 0.034226 0.045953 0.617513 29.442838
 576.000000 0.042898 0.035799 0.610744 30.769352
 577.000000 0.047608 0.044643 0.613646 30.790675
 578.000000 0.035458 0.038185 0.615862 30.351224
 579.000000 0.026064 0.044365 0.616904 31.063430
 580.000000 0.040401 0.038913 0.622916 28.922041
 581.000000 0.042630 0.040021 0.618857 29.670374
 582.000000 0.041377 0.061190 0.620053 29.348762
 583.000000 0.041218 0.049802 0.620485 29.960524
 584.000000 0.049420 0.052531 0.615973 30.174063
 585.000000 0.038459 0.038960 0.610526 30.404038
 586.000000 0.043219 0.045795 0.605813 29.903768
 587.000000 0.046596 0.042861 0.602005 30.707062
 588.000000 0.033200 0.044991 0.602952 30.624947
 589.000000 0.033568 0.048314 0.598636 30.643852
 590.000000 0.039292 0.048432 0.617441 30.749534
 591.000000 0.036365 0.034270 0.606766 29.678387
 592.000000 0.046697 0.038649 0.610816 30.220693
 593.000000 0.028601 0.037005 0.601721 30.985281
 594.000000 0.050577 0.047910 0.615585 29.280684
 595.000000 0.033038 0.041521 0.598348 30.885000
 596.000000 0.041067 0.046844 0.609835 30.411318
 597.000000 0.032587 0.039584 0.610142 30.225227
 598.000000 0.040043 0.040725 0.611380 29.694173
 599.000000 0.035766 0.043070 0.611783 29.659105
 600.000000 0.045085 0.051582 0.615554 30.390931
 601.000000 0.039940 0.057962 0.613244 29.586504
 602.000000 0.037501 0.039977 0.613199 30.163391
 603.000000 0.040774 0.046264 0.605562 31.103493
 604.000000 0.042702 0.045211 0.607437 31.287606
 605.000000 0.034786 0.043610 0.607857 30.215855
 606.000000 0.031333 0.042853 0.612088 30.283396
 607.000000 0.032815 0.046355 0.613837 29.783371
 608.000000 0.039635 0.047798 0.619443 29.325869
 609.000000 0.036397 0.042625 0.613366 30.418403
 610.000000 0.030270 0.043094 0.619206 29.624575
 611.000000 0.058209 0.041113 0.608343 30.798182
 612.000000 0.025136 0.059853 0.624508 29.450671
 613.000000 0.038789 0.049826 0.617725 29.355365
 614.000000 0.037484 0.051804 0.607883 28.899107
 615.000000 0.043173 0.041860 0.607476 29.516906
 616.000000 0.032636 0.042547 0.602635 30.242564
 617.000000 0.039868 0.047030 0.613618 30.312935
 618.000000 0.034464 0.045550 0.611351 30.347771
 619.000000 0.033716 0.047770 0.612525 29.846079
 620.000000 0.042581 0.051934 0.603955 29.889885
 621.000000 0.053813 0.049094 0.608738 30.362031
 622.000000 0.039489 0.056217 0.610692 30.663842
 623.000000 0.034030 0.035493 0.613247 30.123256
 624.000000 0.044711 0.039347 0.607916 30.988280
 625.000000 0.043839 0.047779 0.607327 31.479494
 626.000000 0.037180 0.051633 0.614085 30.524462
 627.000000 0.044211 0.056259 0.611030 29.667978
 628.000000 0.036568 0.045620 0.608657 29.080669
 629.000000 0.051366 0.050378 0.605456 30.482297
 630.000000 0.036743 0.042546 0.611170 30.300801
 631.000000 0.037092 0.051370 0.620894 29.840390
 632.000000 0.040140 0.042137 0.608369 30.682203
 633.000000 0.047284 0.053698 0.610805 30.611368
 634.000000 0.032355 0.058482 0.624906 30.976385
 635.000000 0.034710 0.050002 0.616633 30.467444
 636.000000 0.034985 0.039392 0.620176 29.005623
 637.000000 0.040843 0.048101 0.618576 30.085658
 638.000000 0.043166 0.047448 0.613592 30.944067
 639.000000 0.036062 0.038457 0.617377 30.090613
 640.000000 0.052973 0.045874 0.607266 31.477276
 641.000000 0.046051 0.040667 0.610645 30.789961
 642.000000 0.036327 0.032908 0.610541 30.374441
 643.000000 0.046729 0.048750 0.610476 29.723127
 644.000000 0.034808 0.038184 0.610678 29.895484
 645.000000 0.050712 0.043831 0.605664 29.332432
 646.000000 0.043846 0.050174 0.614255 29.276692
 647.000000 0.037173 0.036687 0.613059 29.880473
 648.000000 0.041321 0.040636 0.604953 30.394999
 649.000000 0.042848 0.043833 0.609837 30.456911
 650.000000 0.037562 0.047713 0.611181 31.311299
 651.000000 0.046858 0.034485 0.607013 30.006396
 652.000000 0.043360 0.031558 0.610826 30.333809
 653.000000 0.038966 0.044551 0.616216 29.626883
 654.000000 0.038713 0.053556 0.614215 30.964339
 655.000000 0.028198 0.043535 0.609913 30.713015
 656.000000 0.037497 0.034979 0.613518 29.775686
 657.000000 0.033914 0.048416 0.612026 30.672568
 658.000000 0.034455 0.045222 0.610369 30.498405
 659.000000 0.059381 0.035768 0.612038 30.130219
 660.000000 0.052273 0.044626 0.603900 30.528750
 661.000000 0.035601 0.057936 0.617110 30.894214
 662.000000 0.047974 0.043576 0.612803 30.234430
 663.000000 0.045050 0.042128 0.601218 31.175841
 664.000000 0.038818 0.043226 0.609673 30.529708
 665.000000 0.046632 0.045808 0.605795 30.384831
 666.000000 0.036182 0.047365 0.614582 29.222123
 667.000000 0.034568 0.049717 0.620726 30.200419
 668.000000 0.039051 0.045013 0.625519 29.242578
 669.000000 0.042691 0.048638 0.620152 29.808684
 670.000000 0.032051 0.046559 0.608606 31.367488
 671.000000 0.042769 0.039541 0.615385 29.939429
 672.000000 0.045150 0.046819 0.616132 30.309557
 673.000000 0.037297 0.036442 0.612897 30.519073
 674.000000 0.039752 0.042173 0.614881 30.433460
 675.000000 0.038580 0.042885 0.616820 30.133181
 676.000000 0.040670 0.044345 0.610024 30.698138
 677.000000 0.027335 0.046121 0.608372 30.822191
 678.000000 0.049767 0.043051 0.609362 31.172740
 679.000000 0.041492 0.040790 0.620665 29.930179
 680.000000 0.042356 0.047459 0.611017 29.816311
 681.000000 0.027044 0.033049 0.608939 30.026308
 682.000000 0.037285 0.049657 0.608856 30.186575
 683.000000 0.053214 0.040713 0.607982 29.829954
 684.000000 0.043976 0.045699 0.613087 29.996492
 685.000000 0.044966 0.043398 0.613187 29.700584
 686.000000 0.024809 0.042476 0.603731 30.709241
 687.000000 0.037615 0.037446 0.606827 29.914072
 688.000000 0.044303 0.044080 0.609104 30.587738
 689.000000 0.039462 0.043244 0.599864 31.116135
 690.000000 0.035323 0.046292 0.599298 31.303832
 691.000000 0.032339 0.045849 0.607803 29.669717
 692.000000 0.030817 0.040735 0.595402 30.651782
 693.000000 0.041231 0.046413 0.603434 29.904482
 694.000000 0.045655 0.040826 0.604836 30.568576
 695.000000 0.041929 0.041431 0.596480 30.824383
 696.000000 0.037914 0.050138 0.600288 29.813550
 697.000000 0.040255 0.046358 0.599725 30.547820
 698.000000 0.036532 0.036647 0.601790 30.548773
 699.000000 0.034634 0.045132 0.592361 31.463327
 700.000000 0.039725 0.042639 0.610925 29.176429
 701.000000 0.025601 0.039271 0.598932 30.004385
 702.000000 0.034167 0.050914 0.611689 29.748687
 703.000000 0.036767 0.050090 0.611116 29.788907
 704.000000 0.034337 0.044346 0.604606 29.538860
 705.000000 0.033361 0.046932 0.603872 30.336684
 706.000000 0.043104 0.040947 0.597968 31.390667
 707.000000 0.036492 0.049165 0.599316 31.428455
 708.000000 0.031382 0.042756 0.611471 30.516265
 709.000000 0.039818 0.034442 0.590080 31.052310
 710.000000 0.040429 0.042442 0.607913 30.535387
 711.000000 0.043528 0.037484 0.596333 31.225146
 712.000000 0.037179 0.042911 0.592824 30.998814
 713.000000 0.044567 0.043741 0.598382 30.895033
 714.000000 0.040548 0.045873 0.594158 30.501206
 715.000000 0.039237 0.049054 0.601228 30.173318
 716.000000 0.036963 0.044270 0.607863 29.900498
 717.000000 0.037013 0.040823 0.615201 30.354537
 718.000000 0.038791 0.038805 0.602544 30.848259
 719.000000 0.047401 0.033585 0.607110 28.733672
 720.000000 0.037495 0.043995 0.596724 30.909240
 721.000000 0.043259 0.046658 0.605826 31.015465
 722.000000 0.040976 0.037209 0.607929 30.299679
 723.000000 0.045710 0.054860 0.605988 31.085239
 724.000000 0.030010 0.046552 0.606022 30.872237
 725.000000 0.034800 0.057589 0.603444 30.799279
 726.000000 0.045709 0.036766 0.596687 31.444193
 727.000000 0.053215 0.038979 0.593374 31.322817
 728.000000 0.039050 0.041975 0.596601 31.162309
 729.000000 0.042966 0.043271 0.602110 30.815518
 730.000000 0.023936 0.039359 0.599456 30.353295
 731.000000 0.045271 0.031845 0.594480 29.991234
 732.000000 0.028483 0.034551 0.592606 30.832408
 733.000000 0.034972 0.043379 0.598281 31.006651
 734.000000 0.036177 0.038265 0.603894 30.182940
 735.000000 0.047338 0.043691 0.607196 29.198021
 736.000000 0.054595 0.048849 0.604462 30.661218
 737.000000 0.038136 0.049814 0.604430 30.208980
 738.000000 0.042918 0.046538 0.599348 31.103508
 739.000000 0.044406 0.036615 0.596955 30.359193
 740.000000 0.033976 0.035834 0.605257 29.640482
 741.000000 0.032211 0.040729 0.597353 31.044131
 742.000000 0.028729 0.041615 0.595219 30.121200
 743.000000 0.042499 0.048999 0.596871 30.517744
 744.000000 0.038517 0.041594 0.605005 29.596384
 745.000000 0.041503 0.044128 0.609799 29.437700
 746.000000 0.037423 0.040702 0.605863 30.258788
 747.000000 0.044975 0.045125 0.602104 30.543305
 748.000000 0.038441 0.035962 0.597303 30.273046
 749.000000 0.043456 0.037426 0.592666 30.816768
 750.000000 0.032450 0.048043 0.597038 30.155761
 751.000000 0.049827 0.052264 0.598873 29.373922
 752.000000 0.042658 0.043442 0.599034 29.771380
 753.000000 0.035392 0.037596 0.602533 30.289653
 754.000000 0.029549 0.039843 0.597762 30.704924
 755.000000 0.046133 0.042426 0.596062 30.216374
 756.000000 0.040096 0.046386 0.597056 30.232278
 757.000000 0.046233 0.045708 0.602138 29.346309
 758.000000 0.035436 0.042322 0.606061 30.107193
 759.000000 0.039895 0.044242 0.599573 30.201684
 760.000000 0.037356 0.049544 0.599883 29.786459
 761.000000 0.032871 0.045039 0.596857 30.550940
 762.000000 0.039599 0.044734 0.597206 30.434429
 763.000000 0.033989 0.040608 0.602870 30.019234
 764.000000 0.035362 0.044614 0.598551 30.306232
 765.000000 0.040437 0.051560 0.597142 30.440487
 766.000000 0.022678 0.043239 0.594295 31.327328
 767.000000 0.027771 0.040305 0.604112 30.107034
 768.000000 0.041528 0.046835 0.608549 29.552299
 769.000000 0.039436 0.042592 0.596298 30.754240
 770.000000 0.035121 0.037946 0.603003 30.552999
 771.000000 0.045858 0.040888 0.602805 30.581893
 772.000000 0.032645 0.049011 0.603679 30.981428
 773.000000 0.050581 0.044278 0.600952 29.616751
 774.000000 0.042586 0.043154 0.600191 30.412315
 775.000000 0.036794 0.052781 0.604255 30.371955
 776.000000 0.031419 0.045480 0.597824 30.274904
 777.000000 0.044950 0.046732 0.597265 30.181934
 778.000000 0.038572 0.043215 0.602431 30.456527
 779.000000 0.036662 0.040708 0.593796 31.249210
 780.000000 0.034992 0.044451 0.599214 29.861132
 781.000000 0.035689 0.046117 0.596467 32.092779
 782.000000 0.028205 0.040055 0.599559 30.877469
 783.000000 0.043459 0.043167 0.599798 30.133597
 784.000000 0.038893 0.037104 0.601083 30.195483
 785.000000 0.033567 0.033055 0.600995 30.387539
 786.000000 0.035570 0.044875 0.607915 30.490225
 787.000000 0.032901 0.038660 0.600741 30.488334
 788.000000 0.041846 0.038072 0.601328 30.666245
 789.000000 0.039153 0.043619 0.600252 30.105831
 790.000000 0.035098 0.052087 0.593289 31.624252
 791.000000 0.047153 0.044359 0.595184 30.696752
 792.000000 0.040579 0.045796 0.600714 30.963591
 793.000000 0.038236 0.031453 0.596792 30.766679
 794.000000 0.030134 0.041878 0.598538 29.777737
 795.000000 0.043041 0.040890 0.594854 30.614448
 796.000000 0.033311 0.040319 0.592527 30.702773
 797.000000 0.033880 0.036868 0.600442 30.016694
 798.000000 0.049482 0.042677 0.598908 30.522711
 799.000000 0.043845 0.047616 0.597952 30.334104
 800.000000 0.030467 0.043213 0.607225 29.662845
 801.000000 0.042472 0.044824 0.597554 29.888931
 802.000000 0.047407 0.061031 0.604756 29.094166
 803.000000 0.048960 0.044909 0.590914 31.077420
 804.000000 0.058127 0.040276 0.588858 30.585025
 805.000000 0.039688 0.029889 0.598237 30.096142
 806.000000 0.036090 0.038292 0.599071 30.203098
 807.000000 0.037289 0.040878 0.602484 29.882351
 808.000000 0.037014 0.054484 0.598947 29.984042
 809.000000 0.031152 0.042607 0.596662 29.871009
 810.000000 0.044715 0.050208 0.595013 30.383499
 811.000000 0.040959 0.048463 0.598293 30.164257
 812.000000 0.023146 0.047536 0.596439 30.730358
 813.000000 0.043570 0.042839 0.597629 30.036483
 814.000000 0.045288 0.040080 0.597714 29.690228
 815.000000 0.038443 0.046838 0.595013 30.580225
 816.000000 0.040614 0.045013 0.596221 29.984730
 817.000000 0.048799 0.042689 0.601560 29.965958
 818.000000 0.034116 0.041220 0.604591 30.184678
 819.000000 0.032349 0.042795 0.592628 31.291872
 820.000000 0.038354 0.048833 0.593723 30.766592
 821.000000 0.042074 0.046367 0.599803 30.543354
 822.000000 0.045770 0.040043 0.593850 30.626659
 823.000000 0.030124 0.040323 0.594572 30.584073
 824.000000 0.033961 0.046324 0.598701 30.701864
 825.000000 0.046538 0.040181 0.598154 30.294700
 826.000000 0.040500 0.048117 0.595451 30.832655
 827.000000 0.042525 0.046084 0.595851 30.855188
 828.000000 0.029136 0.044683 0.598954 31.108635
 829.000000 0.049027 0.044168 0.591635 30.933347
 830.000000 0.024278 0.047172 0.596925 31.223536
 831.000000 0.043595 0.044486 0.599211 30.787355
 832.000000 0.039520 0.041138 0.598394 30.881798
 833.000000 0.046664 0.049886 0.598763 30.524084
 834.000000 0.037983 0.044368 0.592951 31.835439
 835.000000 0.038256 0.046043 0.591590 31.358764
 836.000000 0.032451 0.038714 0.600096 30.783852
 837.000000 0.029519 0.045511 0.595215 32.123039
 838.000000 0.031511 0.040917 0.595828 31.207908
 839.000000 0.041111 0.038132 0.601855 29.347493
 840.000000 0.028751 0.047940 0.600072 30.012196
 841.000000 0.045959 0.038518 0.603651 29.551994
 842.000000 0.039223 0.038461 0.610208 29.517286
 843.000000 0.074429 0.058647 0.605805 27.848507
 844.000000 0.047256 0.041536 0.591950 30.679230
 845.000000 0.042577 0.051432 0.607994 29.305690
 846.000000 0.035602 0.037883 0.594767 31.197144
 847.000000 0.038082 0.045119 0.600523 30.661365
 848.000000 0.039196 0.029518 0.594888 30.418371
 849.000000 0.046657 0.050509 0.599431 30.258372
 850.000000 0.052606 0.042402 0.596096 29.938066
 851.000000 0.032223 0.042148 0.586928 30.873810
 852.000000 0.041410 0.039535 0.601550 30.291058
 853.000000 0.034504 0.046206 0.597442 30.958411
 854.000000 0.035239 0.045897 0.595125 30.347745
 855.000000 0.028163 0.040740 0.593588 30.526021
 856.000000 0.040695 0.040216 0.592094 30.584707
 857.000000 0.040897 0.043400 0.598805 30.798355
 858.000000 0.050722 0.039428 0.601183 30.612367
 859.000000 0.042303 0.048935 0.609218 29.683774
 860.000000 0.039886 0.039925 0.597117 29.900885
 861.000000 0.034906 0.044949 0.599288 30.610815
 862.000000 0.033399 0.038080 0.603508 30.777331
 863.000000 0.034336 0.042822 0.594857 30.705954
 864.000000 0.038657 0.043072 0.599793 31.076617
 865.000000 0.049084 0.037995 0.598029 29.874138
 866.000000 0.036992 0.043709 0.602316 30.867006
 867.000000 0.036591 0.037446 0.594132 31.493246
 868.000000 0.030356 0.041848 0.608420 30.178253
 869.000000 0.038609 0.041365 0.596429 30.352039
 870.000000 0.040212 0.049735 0.593084 31.430427
 871.000000 0.039286 0.049500 0.600749 29.557851
 872.000000 0.039920 0.045961 0.600386 29.872507
 873.000000 0.048810 0.045317 0.594080 30.039805
 874.000000 0.040109 0.042151 0.596783 30.883585
 875.000000 0.036181 0.041519 0.600875 30.298533
 876.000000 0.037896 0.043230 0.589916 31.032678
 877.000000 0.040684 0.053469 0.599829 29.673868
 878.000000 0.032936 0.042377 0.596313 30.370205
 879.000000 0.045198 0.041391 0.597737 30.078843
 880.000000 0.041119 0.035660 0.595684 29.671560
 881.000000 0.040603 0.046457 0.592216 30.497497
 882.000000 0.040624 0.047597 0.598782 30.024572
 883.000000 0.046643 0.048401 0.591718 30.692371
 884.000000 0.043209 0.049403 0.599632 30.013124
 885.000000 0.037439 0.040969 0.597242 29.880902
 886.000000 0.048477 0.037442 0.598782 30.586393
 887.000000 0.043673 0.046120 0.601844 30.493066
 888.000000 0.038331 0.041957 0.599329 29.535755
 889.000000 0.047030 0.045064 0.595910 30.866575
 890.000000 0.038240 0.043484 0.604995 29.835758
 891.000000 0.041516 0.042915 0.599347 30.028542
 892.000000 0.041476 0.036648 0.604804 29.593462
 893.000000 0.051608 0.048306 0.602134 30.450549
 894.000000 0.029174 0.047224 0.601112 30.865829
 895.000000 0.048997 0.038029 0.599184 29.930150
 896.000000 0.038075 0.037501 0.602637 29.822555
 897.000000 0.035750 0.043900 0.599565 30.185791
 898.000000 0.036631 0.049012 0.596863 30.813539
 899.000000 0.046059 0.037342 0.598437 30.204379
 900.000000 0.038588 0.040121 0.605040 29.809536
 901.000000 0.053198 0.045776 0.584830 31.407844
 902.000000 0.030403 0.045462 0.593046 30.948703
 903.000000 0.036854 0.032320 0.597703 30.833155
 904.000000 0.046417 0.040403 0.593577 29.854297
 905.000000 0.041373 0.033086 0.598244 30.151190
 906.000000 0.046339 0.044614 0.601872 30.299983
 907.000000 0.045027 0.031066 0.590332 31.495375
 908.000000 0.043238 0.041291 0.599336 30.629963
 909.000000 0.056393 0.045428 0.593248 30.607826
 910.000000 0.037098 0.038279 0.601969 30.202361
 911.000000 0.028687 0.040805 0.605508 29.425730
 912.000000 0.053426 0.052804 0.613198 28.598090
 913.000000 0.036185 0.037164 0.599586 31.292916
 914.000000 0.036006 0.048408 0.602004 30.745096
 915.000000 0.043320 0.048091 0.595632 30.113637
 916.000000 0.048213 0.042683 0.601229 29.956966
 917.000000 0.030446 0.051667 0.596867 30.303850
 918.000000 0.033410 0.040256 0.600608 30.427290
 919.000000 0.041716 0.041800 0.594340 31.840087
 920.000000 0.029222 0.049655 0.604449 30.420566
 921.000000 0.037614 0.044875 0.601086 30.377816
 922.000000 0.037018 0.041565 0.600336 30.513268
 923.000000 0.045205 0.036631 0.601015 30.280610
 924.000000 0.038329 0.043364 0.606023 29.771576
 925.000000 0.050757 0.047650 0.601650 30.429510
 926.000000 0.033334 0.043068 0.602190 30.806507
 927.000000 0.035218 0.041380 0.606501 29.967431
 928.000000 0.051091 0.048643 0.604935 30.037723
 929.000000 0.041036 0.043568 0.606397 28.989064
 930.000000 0.030448 0.043570 0.601952 30.872471
 931.000000 0.035497 0.042359 0.600763 31.062074
 932.000000 0.036505 0.042056 0.606478 30.233782
 933.000000 0.047448 0.040759 0.604080 29.640317
 934.000000 0.037925 0.043214 0.605831 29.933907
 935.000000 0.035349 0.043080 0.598947 31.058105
 936.000000 0.029805 0.050466 0.607938 29.783259
 937.000000 0.035694 0.045528 0.603409 30.625068
 938.000000 0.033585 0.049026 0.598674 31.117276
 939.000000 0.043109 0.036493 0.602169 29.667571
 940.000000 0.038905 0.035830 0.601510 30.233309
 941.000000 0.046933 0.040707 0.602328 29.317948
 942.000000 0.054861 0.060355 0.603769 29.992227
 943.000000 0.045005 0.039857 0.600184 29.618002
 944.000000 0.038531 0.051481 0.599375 31.049502
 945.000000 0.040601 0.043043 0.599677 30.415337
 946.000000 0.036657 0.043369 0.600506 30.486659
 947.000000 0.042094 0.039204 0.603923 30.182095
 948.000000 0.035594 0.040180 0.591300 31.399843
 949.000000 0.040428 0.047945 0.599282 31.573750
 950.000000 0.034703 0.050848 0.598512 30.476404
 951.000000 0.033319 0.044899 0.595678 31.243128
 952.000000 0.040312 0.047086 0.595397 30.717746
 953.000000 0.035680 0.054845 0.605694 29.093716
 954.000000 0.040896 0.052425 0.599900 30.611024
 955.000000 0.039441 0.041919 0.598046 30.596583
 956.000000 0.037396 0.044304 0.601241 29.722521
 957.000000 0.039240 0.046535 0.601227 30.282327
 958.000000 0.045092 0.041213 0.603901 29.334199
 959.000000 0.033434 0.043106 0.597286 30.673890
 960.000000 0.041762 0.042236 0.597218 31.060132
 961.000000 0.038043 0.043016 0.595786 30.784645
 962.000000 0.034706 0.048104 0.595829 30.000648
 963.000000 0.032223 0.051282 0.601699 30.271683
 964.000000 0.036760 0.038842 0.601208 30.755785
 965.000000 0.038216 0.043477 0.606724 30.809886
 966.000000 0.043671 0.048448 0.606330 29.776503
 967.000000 0.042826 0.057442 0.604968 30.337691
 968.000000 0.042512 0.040594 0.603562 29.461191
 969.000000 0.043424 0.041873 0.605506 29.990058
 970.000000 0.023917 0.047060 0.594931 30.874707
 971.000000 0.023332 0.048296 0.601859 30.165605
 972.000000 0.032421 0.052569 0.606452 29.378037
 973.000000 0.026473 0.053271 0.594902 31.275015
 974.000000 0.041303 0.044254 0.602664 29.864318
 975.000000 0.037595 0.046491 0.597332 29.869706
 976.000000 0.044847 0.046368 0.588589 30.407669
 977.000000 0.033743 0.033535 0.595470 30.991931
 978.000000 0.037648 0.050052 0.604705 29.221752
 979.000000 0.043587 0.050136 0.603101 29.728440
 980.000000 0.046295 0.045071 0.598250 29.530499
 981.000000 0.038645 0.046486 0.601856 29.513524
 982.000000 0.040090 0.058362 0.602841 29.567661
 983.000000 0.049980 0.043206 0.598847 29.689941
 984.000000 0.029521 0.045255 0.603790 29.980375
 985.000000 0.051065 0.047181 0.594831 30.884639
 986.000000 0.044801 0.051839 0.598142 30.809638
 987.000000 0.041340 0.040644 0.594880 30.972823
 988.000000 0.043819 0.040349 0.594946 30.725380
 989.000000 0.050443 0.047993 0.592288 31.193572
 990.000000 0.045074 0.047925 0.596417 30.323071
 991.000000 0.039024 0.047531 0.594899 30.310176
 992.000000 0.027262 0.045688 0.601398 30.438444
 993.000000 0.040113 0.044110 0.597077 30.212695
 994.000000 0.042146 0.043820 0.596804 30.472691
 995.000000 0.045843 0.052734 0.596487 30.043898
 996.000000 0.045756 0.051870 0.606265 29.375566
 997.000000 0.044135 0.040713 0.594700 30.942485
 998.000000 0.036394 0.044171 0.597812 29.799854
 999.000000 0.043558 0.051916 0.596003 29.878742
 1000.000000 0.036840 0.042316 0.597714 30.367389
 1001.000000 0.035660 0.036515 0.604265 29.437493
 1002.000000 0.031748 0.045639 0.604851 29.569243
 1003.000000 0.040189 0.046535 0.600321 30.607454
 1004.000000 0.041750 0.051970 0.603866 30.419328
 1005.000000 0.050353 0.052534 0.601105 29.265304
 1006.000000 0.045856 0.042707 0.598771 30.473613
 1007.000000 0.026863 0.041448 0.604092 30.278835
 1008.000000 0.045034 0.035656 0.602740 29.767539
 1009.000000 0.036912 0.042758 0.596075 30.949008
 1010.000000 0.042635 0.041613 0.603228 29.668735
 1011.000000 0.053312 0.043942 0.598647 29.636560
 1012.000000 0.042949 0.039292 0.596801 29.581465
 1013.000000 0.029995 0.046734 0.595967 30.798142
 1014.000000 0.035277 0.042542 0.596813 30.495254
 1015.000000 0.047929 0.043966 0.597197 30.739725
 1016.000000 0.028145 0.043083 0.604096 29.907610
 1017.000000 0.028730 0.044867 0.599505 30.602438
 1018.000000 0.041937 0.043919 0.606502 29.444642
 1019.000000 0.043346 0.037375 0.602432 29.681986
 1020.000000 0.036935 0.040722 0.606907 29.754937
 1021.000000 0.040643 0.051217 0.616003 29.828813
 1022.000000 0.040248 0.042693 0.598068 31.142180
 1023.000000 0.034921 0.046648 0.613736 29.511511
 1024.000000 0.047617 0.050798 0.600497 30.615049
 1025.000000 0.022936 0.046289 0.601645 31.459873
 1026.000000 0.044379 0.052353 0.617544 29.133931
 1027.000000 0.049615 0.038007 0.609767 29.280950
 1028.000000 0.035301 0.047327 0.605149 30.340087
 1029.000000 0.027146 0.046518 0.600462 30.329596
 1030.000000 0.048557 0.046524 0.603657 29.552384
 1031.000000 0.047856 0.047885 0.597656 29.654106
 1032.000000 0.054651 0.047762 0.589908 30.859429
 1033.000000 0.037960 0.042362 0.598364 31.412739
 1034.000000 0.034861 0.055041 0.600652 30.397823
 1035.000000 0.031004 0.059638 0.609757 30.082317
 1036.000000 0.028608 0.047432 0.605550 30.157258
 1037.000000 0.032037 0.053576 0.601988 30.208164
 1038.000000 0.048287 0.035106 0.604556 30.452597
 1039.000000 0.041918 0.056292 0.606886 29.977544
 1040.000000 0.040752 0.039637 0.599032 29.714157
 1041.000000 0.042495 0.047178 0.604879 30.327440
 1042.000000 0.047664 0.042208 0.601328 30.500962
 1043.000000 0.046372 0.037902 0.602420 30.319447
 1044.000000 0.036227 0.046814 0.605071 30.256782
 1045.000000 0.031083 0.042242 0.604673 30.219390
 1046.000000 0.027947 0.048421 0.599380 31.300644
 1047.000000 0.038165 0.048307 0.602688 30.505905
 1048.000000 0.035425 0.038296 0.599750 30.559713
 1049.000000 0.039529 0.047885 0.601371 30.073444
 1050.000000 0.045484 0.045628 0.602147 30.599691
 1051.000000 0.039799 0.037103 0.600638 30.163612
 1052.000000 0.035859 0.040991 0.603571 30.148271
 1053.000000 0.035489 0.043429 0.597812 30.369645
 1054.000000 0.032556 0.037718 0.601135 31.869256
 1055.000000 0.031189 0.036927 0.603579 30.653792
 1056.000000 0.029782 0.044363 0.603705 31.248065
 1057.000000 0.040829 0.038246 0.595693 32.315389
 1058.000000 0.032545 0.043185 0.600139 30.829016
 1059.000000 0.036585 0.056086 0.597161 31.859920
 1060.000000 0.039745 0.049320 0.600149 30.853613
 1061.000000 0.033686 0.046056 0.600645 31.462674
 1062.000000 0.034848 0.042623 0.599772 30.875100
 1063.000000 0.045694 0.049089 0.599921 30.559620
 1064.000000 0.040328 0.049275 0.599851 31.040533
 1065.000000 0.043567 0.043890 0.597273 31.665007
 1066.000000 0.035596 0.035899 0.600680 31.612978
 1067.000000 0.043250 0.047736 0.603834 30.652398
 1068.000000 0.047871 0.040297 0.594223 31.794093
 1069.000000 0.035652 0.034782 0.600398 30.689209
 1070.000000 0.041431 0.042060 0.598802 31.047164
 1071.000000 0.041233 0.036817 0.597791 31.385695
 1072.000000 0.028975 0.038439 0.599089 30.652673
 1073.000000 0.037047 0.038504 0.606367 30.451491
 1074.000000 0.035700 0.044625 0.600430 30.848886
 1075.000000 0.040525 0.043072 0.601416 30.921072
 1076.000000 0.036735 0.047753 0.602028 32.152218
 1077.000000 0.045873 0.043104 0.606066 30.329197
 1078.000000 0.035748 0.040096 0.607562 29.989986
 1079.000000 0.035077 0.045121 0.603568 30.661989
 1080.000000 0.036723 0.046463 0.603145 30.271571
 1081.000000 0.033857 0.043801 0.607212 30.632339
 1082.000000 0.033537 0.041545 0.600025 31.328599
 1083.000000 0.043797 0.042145 0.603565 30.709951
 1084.000000 0.043099 0.052060 0.600949 30.616433
 1085.000000 0.039556 0.052732 0.589601 31.865397
 1086.000000 0.038235 0.036866 0.600613 30.619567
 1087.000000 0.034648 0.036849 0.590459 31.244121
 1088.000000 0.043846 0.032690 0.596754 30.241898
 1089.000000 0.035156 0.041420 0.593109 31.352478
 1090.000000 0.041695 0.039823 0.599145 30.826236
 1091.000000 0.030149 0.039287 0.598325 31.151446
 1092.000000 0.039169 0.046067 0.592712 31.702546
 1093.000000 0.038399 0.042172 0.593578 30.807282
 1094.000000 0.053094 0.042802 0.592904 31.184743
 1095.000000 0.037017 0.049620 0.605824 29.402549
 1096.000000 0.034084 0.044314 0.600105 30.465002
 1097.000000 0.029071 0.045399 0.601552 30.308575
 1098.000000 0.041614 0.043784 0.602083 29.855185
 1099.000000 0.047723 0.043150 0.600413 29.907185
 1100.000000 0.033006 0.047145 0.600658 29.963235
 1101.000000 0.035670 0.047784 0.611608 28.824912
 1102.000000 0.038809 0.050719 0.595366 31.134100
 1103.000000 0.042533 0.040807 0.601962 30.414668
 1104.000000 0.040335 0.041809 0.602762 30.882975
 1105.000000 0.033846 0.052426 0.607732 30.755596
 1106.000000 0.044741 0.040973 0.600307 31.028804
 1107.000000 0.054161 0.037624 0.597407 30.283925
 1108.000000 0.036442 0.034958 0.598358 30.210463
 1109.000000 0.046478 0.041751 0.605303 29.304823
 1110.000000 0.028270 0.044051 0.603463 29.995537
 1111.000000 0.050014 0.036130 0.598685 29.644329
 1112.000000 0.040503 0.039229 0.597842 30.987771
 1113.000000 0.046916 0.041939 0.602687 30.431131
 1114.000000 0.042906 0.043061 0.602867 30.448227
 1115.000000 0.033079 0.039119 0.602966 30.248730
 1116.000000 0.042277 0.036742 0.595017 30.715052
 1117.000000 0.047765 0.043016 0.586405 30.955387
 1118.000000 0.057157 0.047634 0.598787 30.524474
 1119.000000 0.035619 0.045307 0.595830 30.781910
 1120.000000 0.034063 0.052648 0.601889 29.994547
 1121.000000 0.044152 0.045154 0.597060 29.349478
 1122.000000 0.047211 0.041995 0.598938 30.514854
 1123.000000 0.045645 0.042320 0.596505 30.362890
 1124.000000 0.034079 0.037817 0.596261 30.864570
 1125.000000 0.035246 0.038957 0.598442 31.628746
 1126.000000 0.045770 0.051365 0.607129 30.369961
 1127.000000 0.026590 0.044281 0.614223 29.533079
 1128.000000 0.025732 0.050508 0.605640 29.908330
 1129.000000 0.030376 0.042441 0.595686 31.083916
 1130.000000 0.035366 0.042643 0.599545 30.653769
 1131.000000 0.050991 0.036255 0.600797 30.971771
 1132.000000 0.038558 0.041443 0.597786 30.683485
 1133.000000 0.038178 0.035428 0.608058 29.937216
 1134.000000 0.035973 0.044626 0.606091 30.240274
 1135.000000 0.036918 0.045292 0.612532 29.721856
 1136.000000 0.038222 0.046056 0.599593 29.906434
 1137.000000 0.040284 0.045542 0.601436 30.360636
 1138.000000 0.038561 0.045461 0.601871 30.299765
 1139.000000 0.047181 0.058462 0.593892 31.185326
 1140.000000 0.032652 0.049934 0.597004 31.024666
 1141.000000 0.036803 0.047902 0.600419 30.516245
 1142.000000 0.041024 0.040154 0.599915 30.096453
 1143.000000 0.038019 0.044697 0.600242 31.008149
 1144.000000 0.038462 0.046527 0.599436 30.298260
 1145.000000 0.049370 0.044934 0.606157 30.012983
 1146.000000 0.048356 0.041179 0.594387 30.421935
 1147.000000 0.039544 0.039914 0.604524 30.614421
 1148.000000 0.036159 0.041574 0.605522 30.654274
 1149.000000 0.045428 0.041433 0.602256 30.018576
 1150.000000 0.046607 0.041499 0.602795 29.682845
 1151.000000 0.035552 0.039714 0.604471 30.616831
 1152.000000 0.032050 0.050355 0.607698 29.822320
 1153.000000 0.034181 0.044752 0.602003 30.298697
 1154.000000 0.050808 0.036752 0.597793 30.593633
 1155.000000 0.042962 0.042751 0.599072 31.119741
 1156.000000 0.029722 0.044378 0.600800 30.387237
 1157.000000 0.036215 0.041627 0.602711 30.847459
 1158.000000 0.040345 0.040997 0.600726 30.607972
 1159.000000 0.039962 0.042288 0.595478 31.072080
 1160.000000 0.033280 0.040626 0.599429 31.274599
 1161.000000 0.040653 0.045487 0.599744 31.306840
 1162.000000 0.028448 0.038067 0.594704 30.886779
 1163.000000 0.053147 0.042919 0.594722 30.214838
 1164.000000 0.033028 0.045473 0.593350 30.815550
 1165.000000 0.041464 0.041588 0.594341 31.121698
 1166.000000 0.044094 0.036476 0.596908 31.041057
 1167.000000 0.048738 0.042952 0.598231 30.272389
 1168.000000 0.031813 0.058693 0.589225 31.872944
 1169.000000 0.042991 0.047630 0.594638 30.968531
 1170.000000 0.044776 0.041961 0.601063 30.256559
 1171.000000 0.037530 0.046472 0.595169 31.659278
 1172.000000 0.037125 0.050448 0.599975 31.544156
 1173.000000 0.030600 0.044567 0.603463 31.533061
 1174.000000 0.019340 0.046063 0.601352 30.932729
 1175.000000 0.042660 0.042489 0.600076 30.649827
 1176.000000 0.028406 0.054103 0.601804 31.591213
 1177.000000 0.047194 0.052302 0.600439 30.057872
 1178.000000 0.044755 0.041362 0.592341 30.897931
 1179.000000 0.036919 0.040078 0.602969 30.693500
 1180.000000 0.049089 0.041017 0.600085 30.209467
 1181.000000 0.041304 0.047328 0.602539 30.190321
 1182.000000 0.038144 0.043220 0.599240 31.575235
 1183.000000 0.042053 0.042684 0.607722 29.739885
 1184.000000 0.042499 0.043247 0.606705 30.053529
 1185.000000 0.044355 0.048690 0.604456 30.146454
 1186.000000 0.040745 0.045952 0.599200 30.321965
 1187.000000 0.043990 0.052194 0.598699 30.580914
 1188.000000 0.058351 0.044153 0.599638 30.443915
 1189.000000 0.040428 0.036443 0.602981 30.520700
 1190.000000 0.045814 0.046369 0.604563 31.323571
 1191.000000 0.052187 0.039554 0.602146 30.620911
 1192.000000 0.041045 0.040243 0.601682 30.500703
 1193.000000 0.034541 0.054863 0.609062 30.590051
 1194.000000 0.039745 0.040718 0.600181 31.669561
 1195.000000 0.043329 0.040879 0.593860 32.004521
 1196.000000 0.043214 0.040309 0.591155 31.513086
 1197.000000 0.037650 0.035524 0.605878 30.680958
 1198.000000 0.043780 0.042973 0.605287 29.959192
 1199.000000 0.041228 0.050108 0.599861 31.730118
 1200.000000 0.032377 0.050772 0.605848 30.681209
 1201.000000 0.023408 0.040999 0.598596 31.623126
 1202.000000 0.028112 0.041688 0.606283 30.892764
 1203.000000 0.043478 0.038302 0.598420 31.370015
 1204.000000 0.046417 0.043437 0.603369 29.865924
 1205.000000 0.038519 0.039678 0.599681 30.695710
 1206.000000 0.052275 0.047073 0.599714 31.369294
 1207.000000 0.040003 0.040847 0.596767 30.438551
 1208.000000 0.049485 0.043104 0.600281 31.114768
 1209.000000 0.040827 0.037839 0.599662 30.518591
 1210.000000 0.037824 0.027810 0.604137 30.295342
 1211.000000 0.041703 0.034975 0.607308 30.051022
 1212.000000 0.026391 0.042755 0.600054 30.615718
 1213.000000 0.037135 0.039465 0.604722 30.184067
 1214.000000 0.034453 0.031098 0.602964 30.851601
 1215.000000 0.034589 0.041587 0.604317 31.363534
 1216.000000 0.044498 0.035594 0.607952 29.828684
 1217.000000 0.037276 0.044646 0.606858 30.532636
 1218.000000 0.040109 0.037691 0.603766 30.907768
 1219.000000 0.032941 0.035610 0.592756 30.941273
 1220.000000 0.052103 0.040830 0.604811 29.802366
 1221.000000 0.031530 0.048388 0.596886 30.345303
 1222.000000 0.050398 0.045632 0.606180 30.406058
 1223.000000 0.040820 0.034618 0.600657 29.944783
 1224.000000 0.028348 0.042097 0.600605 29.693317
 1225.000000 0.044389 0.036797 0.603133 29.917994
 1226.000000 0.028662 0.044835 0.598930 31.170867
 1227.000000 0.037806 0.047602 0.599594 31.746617
 1228.000000 0.049892 0.047621 0.603870 29.240933
 1229.000000 0.038887 0.037450 0.599589 30.743921
 1230.000000 0.042272 0.048402 0.596929 30.392254
 1231.000000 0.034802 0.041946 0.601073 29.319155
 1232.000000 0.047650 0.043181 0.604667 28.602476
 1233.000000 0.048928 0.040263 0.603970 29.826866
 1234.000000 0.031311 0.041430 0.598744 30.357477
 1235.000000 0.047946 0.050750 0.598356 30.934591
 1236.000000 0.052022 0.042472 0.600058 29.360223
 1237.000000 0.032231 0.049775 0.598172 30.709043
 1238.000000 0.048145 0.042023 0.607980 30.075810
 1239.000000 0.045966 0.047808 0.594595 29.253620
 1240.000000 0.050117 0.035412 0.605835 29.033790
 1241.000000 0.035780 0.043061 0.604533 29.593014
 1242.000000 0.049517 0.042969 0.599028 30.775188
 1243.000000 0.036783 0.042193 0.598112 29.873295
 1244.000000 0.047114 0.045635 0.605291 29.031795
 1245.000000 0.047589 0.050830 0.606159 30.569814
 1246.000000 0.047299 0.057409 0.597830 29.850037
 1247.000000 0.033838 0.042997 0.599809 30.104288
 1248.000000 0.038519 0.042967 0.607992 30.731571
 1249.000000 0.036457 0.042436 0.606895 30.544006
 1250.000000 0.038111 0.043988 0.597822 31.073234
 1251.000000 0.048708 0.047755 0.600386 29.521900
 1252.000000 0.041063 0.034419 0.600518 30.065449
 1253.000000 0.032368 0.041005 0.602756 30.642201
 1254.000000 0.037855 0.041720 0.602880 31.116161
 1255.000000 0.034659 0.049662 0.611757 29.696123
 1256.000000 0.029365 0.044182 0.598778 30.987493
 1257.000000 0.037870 0.045111 0.606846 30.503564
 1258.000000 0.042640 0.046220 0.607754 30.099020
 1259.000000 0.032929 0.047772 0.601857 30.243627
 1260.000000 0.049871 0.049929 0.597304 31.199681
 1261.000000 0.036980 0.041210 0.602315 30.533251
 1262.000000 0.032226 0.040147 0.602464 30.826831
 1263.000000 0.045708 0.039655 0.603524 29.976077
 1264.000000 0.051634 0.044100 0.598858 29.946173
 1265.000000 0.033567 0.033303 0.602754 30.048247
 1266.000000 0.050096 0.038196 0.602386 30.213781
 1267.000000 0.041851 0.043650 0.604085 30.467322
 1268.000000 0.039245 0.038460 0.603973 30.084775
 1269.000000 0.034982 0.036829 0.604529 29.846602
 1270.000000 0.029789 0.039031 0.603513 30.465144
 1271.000000 0.036681 0.042171 0.598468 30.907895
 1272.000000 0.031201 0.036405 0.601431 30.783935
 1273.000000 0.040205 0.043346 0.600297 30.571263
 1274.000000 0.044304 0.038294 0.605559 29.586040
 1275.000000 0.034251 0.040423 0.599063 31.099114
 1276.000000 0.033305 0.045088 0.607031 30.811427
 1277.000000 0.034360 0.041510 0.599595 30.045104
 1278.000000 0.046167 0.036288 0.594233 30.046312
 1279.000000 0.039312 0.048849 0.608191 30.372770
 1280.000000 0.036033 0.043382 0.602164 29.767300
 1281.000000 0.036508 0.046401 0.591906 31.475609
 1282.000000 0.042151 0.041603 0.604143 31.022591
 1283.000000 0.028156 0.048764 0.611962 30.210944
 1284.000000 0.047804 0.052506 0.607788 30.359517
 1285.000000 0.035696 0.048537 0.605428 30.966607
 1286.000000 0.037505 0.048631 0.599369 31.118876
 1287.000000 0.035395 0.049425 0.602361 31.201635
 1288.000000 0.041413 0.032900 0.598026 31.256072
 1289.000000 0.043094 0.036209 0.607521 29.522439
 1290.000000 0.032499 0.038704 0.594888 31.010502
 1291.000000 0.036098 0.046823 0.600040 30.933982
 1292.000000 0.043108 0.040566 0.599960 29.900929
 1293.000000 0.044941 0.036456 0.595270 30.898805
 1294.000000 0.046110 0.036163 0.599956 29.868615
 1295.000000 0.037383 0.043739 0.602176 31.048912
 1296.000000 0.044248 0.043417 0.600873 30.387702
 1297.000000 0.047773 0.037049 0.597451 31.209622
 1298.000000 0.053689 0.041239 0.595869 30.354076
 1299.000000 0.037830 0.035705 0.607680 30.294267
 1300.000000 0.037858 0.041871 0.599583 31.228816
 1301.000000 0.031039 0.039312 0.598092 30.218469
 1302.000000 0.037984 0.038353 0.604486 30.301152
 1303.000000 0.035820 0.036285 0.594523 31.364121
 1304.000000 0.034032 0.042958 0.607636 29.959794
 1305.000000 0.030360 0.035758 0.604261 30.106134
 1306.000000 0.047445 0.054303 0.596401 31.121647
 1307.000000 0.036207 0.042600 0.615380 29.916220
 1308.000000 0.043321 0.040371 0.605813 30.525831
 1309.000000 0.036270 0.036988 0.607171 29.754783
 1310.000000 0.046448 0.038967 0.606240 29.870889
 1311.000000 0.036002 0.039824 0.611671 30.052834
 1312.000000 0.032149 0.038618 0.603045 30.133800
 1313.000000 0.034423 0.033071 0.599248 30.472764
 1314.000000 0.042093 0.036252 0.603614 29.834199
 1315.000000 0.044476 0.033008 0.599810 30.277758
 1316.000000 0.046931 0.034279 0.604055 29.564808
 1317.000000 0.040555 0.041569 0.599113 30.328683
 1318.000000 0.035631 0.037170 0.603886 30.170111
 1319.000000 0.043801 0.048129 0.589718 30.384093
 1320.000000 0.034167 0.041425 0.599800 29.881874
 1321.000000 0.039227 0.041885 0.601242 29.999794
 1322.000000 0.034599 0.043658 0.607299 30.053736
 1323.000000 0.039354 0.040457 0.610582 29.967160
 1324.000000 0.042887 0.041385 0.608159 29.202681
 1325.000000 0.041225 0.035370 0.601111 29.762439
 1326.000000 0.038543 0.045647 0.597176 30.952105
 1327.000000 0.046056 0.044159 0.602129 31.131569
 1328.000000 0.040320 0.039752 0.606956 30.339732
 1329.000000 0.044693 0.041850 0.597425 30.636226
 1330.000000 0.041355 0.042270 0.606037 30.346498
 1331.000000 0.046979 0.050227 0.609671 29.840690
 1332.000000 0.026800 0.049972 0.594228 31.225124
 1333.000000 0.051658 0.045878 0.603372 29.717282
 1334.000000 0.037953 0.042586 0.607855 29.649059
 1335.000000 0.036150 0.032554 0.594404 30.741596
 1336.000000 0.049652 0.055932 0.597994 30.359384
 1337.000000 0.031182 0.034701 0.607533 29.793090
 1338.000000 0.037200 0.053474 0.594873 31.127151
 1339.000000 0.044378 0.045388 0.595054 30.883266
 1340.000000 0.049133 0.040027 0.595825 30.182091
 1341.000000 0.037678 0.042219 0.598515 30.665763
 1342.000000 0.036105 0.037276 0.599176 30.361362
 1343.000000 0.032888 0.036034 0.599057 31.203085
 1344.000000 0.039670 0.039992 0.593659 31.241196
 1345.000000 0.045741 0.040103 0.602613 30.985696
 1346.000000 0.027837 0.036816 0.594075 30.842899
 1347.000000 0.034471 0.057199 0.593544 30.845188
 1348.000000 0.033224 0.038504 0.593800 31.767241
 1349.000000 0.041373 0.045109 0.604867 30.188666
 1350.000000 0.037716 0.046995 0.603193 30.700703
 1351.000000 0.045682 0.033622 0.594296 30.734153
 1352.000000 0.045005 0.047885 0.595664 30.336127
 1353.000000 0.049857 0.042190 0.601834 31.017109
 1354.000000 0.048896 0.039331 0.606400 29.926254
 1355.000000 0.036410 0.043388 0.607636 30.145691
 1356.000000 0.038473 0.042982 0.602102 31.301655
 1357.000000 0.044921 0.049585 0.595825 30.870953
 1358.000000 0.041769 0.035286 0.600960 29.574362
 1359.000000 0.049954 0.040405 0.597559 30.672323
 1360.000000 0.039385 0.053959 0.595320 30.025575
 1361.000000 0.037613 0.036158 0.600866 30.946093
 1362.000000 0.026047 0.046830 0.610339 30.459053
 1363.000000 0.042793 0.038963 0.595380 30.544477
 1364.000000 0.038750 0.040278 0.594976 29.849645
 1365.000000 0.034129 0.032779 0.603802 29.739753
 1366.000000 0.041792 0.038711 0.596826 29.517121
 1367.000000 0.052210 0.056028 0.603214 29.516697
 1368.000000 0.035532 0.048489 0.603392 29.554550
 1369.000000 0.038876 0.043276 0.606991 29.387314
 1370.000000 0.049246 0.040229 0.588394 30.823964
 1371.000000 0.039938 0.040174 0.594957 30.414529
 1372.000000 0.048421 0.044403 0.596719 30.039176
 1373.000000 0.037807 0.045143 0.602096 30.330392
 1374.000000 0.043116 0.056509 0.604651 30.918315
 1375.000000 0.048506 0.038832 0.597388 30.723541
 1376.000000 0.045793 0.032908 0.591735 31.762307
 1377.000000 0.046240 0.045996 0.593280 29.830509
 1378.000000 0.028606 0.042298 0.600697 30.459167
 1379.000000 0.035969 0.042045 0.596951 29.649984
 1380.000000 0.046416 0.035788 0.600172 30.047426
 1381.000000 0.039670 0.032108 0.602668 29.881065
 1382.000000 0.042529 0.036752 0.603188 30.149831
 1383.000000 0.050189 0.041554 0.599007 30.511323
 1384.000000 0.038153 0.044469 0.601597 30.327745
 1385.000000 0.045053 0.037359 0.591266 29.710392
 1386.000000 0.034569 0.042596 0.598953 29.367379
 1387.000000 0.037023 0.038014 0.592739 30.800986
 1388.000000 0.040227 0.038316 0.593392 30.705327
 1389.000000 0.041427 0.034393 0.598924 29.926647
 1390.000000 0.038346 0.032582 0.595954 30.118107
 1391.000000 0.047229 0.039565 0.592932 30.622818
 1392.000000 0.042954 0.043753 0.600701 31.015577
 1393.000000 0.036388 0.036961 0.598432 30.460417
 1394.000000 0.039747 0.040249 0.599647 30.681843
 1395.000000 0.031636 0.033880 0.599202 30.855023
 1396.000000 0.027358 0.036234 0.604971 29.968029
 1397.000000 0.032360 0.038576 0.594253 30.658181
 1398.000000 0.038696 0.036923 0.591390 30.736488
 1399.000000 0.037793 0.037444 0.597240 30.550382
 1400.000000 0.046395 0.043518 0.608063 29.298773
 1401.000000 0.042428 0.035415 0.597163 30.139885
 1402.000000 0.052318 0.042360 0.588664 30.636799
 1403.000000 0.023097 0.053825 0.604126 30.167984
 1404.000000 0.030700 0.037350 0.604766 30.272216
 1405.000000 0.042984 0.045476 0.594569 30.463207
 1406.000000 0.023632 0.045879 0.593558 30.824582
 1407.000000 0.030160 0.037484 0.587933 31.242883
 1408.000000 0.048151 0.036455 0.589178 30.257141
 1409.000000 0.046008 0.037547 0.594499 29.419123
 1410.000000 0.031309 0.036401 0.593351 31.238532
 1411.000000 0.045075 0.033914 0.594897 29.934762
 1412.000000 0.045875 0.036132 0.592658 31.026542
 1413.000000 0.034555 0.044743 0.596566 30.522599
 1414.000000 0.038630 0.036849 0.597192 30.734828
 1415.000000 0.041945 0.043399 0.604146 30.176928
 1416.000000 0.041896 0.036966 0.600885 30.436788
 1417.000000 0.052835 0.040933 0.606472 29.989434
 1418.000000 0.036453 0.039758 0.610682 29.395629
 1419.000000 0.050751 0.036570 0.600939 30.152602
 1420.000000 0.051152 0.041044 0.596464 30.969759
 1421.000000 0.044321 0.039882 0.598719 30.811638
 1422.000000 0.044463 0.038445 0.593574 31.328489
 1423.000000 0.042391 0.038988 0.606814 30.152139
 1424.000000 0.052914 0.044912 0.603976 28.731296
 1425.000000 0.034781 0.041861 0.602680 29.816083
 1426.000000 0.029139 0.040565 0.596339 30.531530
 1427.000000 0.035906 0.036566 0.600761 30.377378
 1428.000000 0.035427 0.035430 0.597331 29.438433
 1429.000000 0.045836 0.042891 0.600038 29.363066
 1430.000000 0.038800 0.039812 0.608408 29.321237
 1431.000000 0.045603 0.048945 0.591228 30.716537
 1432.000000 0.034853 0.033323 0.594197 30.719829
 1433.000000 0.034940 0.051027 0.595790 30.683624
 1434.000000 0.037767 0.044248 0.601887 30.018269
 1435.000000 0.037560 0.044034 0.604603 29.510968
 1436.000000 0.036236 0.035408 0.602451 30.059156
 1437.000000 0.032820 0.051889 0.608108 29.085199
 1438.000000 0.039857 0.036189 0.599433 29.922116
 1439.000000 0.050755 0.046173 0.591743 30.744545
 1440.000000 0.047508 0.039459 0.598852 29.214802
 1441.000000 0.038512 0.035595 0.600870 29.741354
 1442.000000 0.030367 0.037987 0.603052 29.803633
 1443.000000 0.039573 0.045418 0.600178 30.216066
 1444.000000 0.037950 0.043748 0.601009 30.418172
 1445.000000 0.045324 0.037656 0.599494 29.163727
 1446.000000 0.038445 0.040036 0.601017 29.608306
 1447.000000 0.036314 0.043728 0.601736 29.579194
 1448.000000 0.053385 0.047184 0.601793 29.956359
 1449.000000 0.047168 0.045773 0.609275 29.155082
 1450.000000 0.038662 0.038967 0.603354 30.267798
 1451.000000 0.031354 0.044267 0.600212 29.925662
 1452.000000 0.037342 0.054704 0.595094 30.018674
 1453.000000 0.045295 0.035617 0.595433 30.479955
 1454.000000 0.042247 0.041937 0.592085 29.868770
 1455.000000 0.031653 0.033648 0.594099 31.200471
 1456.000000 0.031376 0.049389 0.590159 31.009752
 1457.000000 0.052028 0.033914 0.601222 29.287000
 1458.000000 0.053345 0.036856 0.600421 28.717553
 1459.000000 0.041168 0.037550 0.598017 30.202466
 1460.000000 0.038286 0.041230 0.599781 29.622785
 1461.000000 0.042134 0.037173 0.594358 30.597680
 1462.000000 0.036039 0.031707 0.599700 30.153453
 1463.000000 0.042916 0.052431 0.602436 29.536375
 1464.000000 0.038442 0.036856 0.601153 29.699870
 1465.000000 0.052038 0.047151 0.605905 29.560203
 1466.000000 0.033169 0.047853 0.604325 29.779141
 1467.000000 0.041408 0.046515 0.608380 29.646349
 1468.000000 0.044820 0.050467 0.594562 30.031719
 1469.000000 0.043280 0.053450 0.603840 29.304268
 1470.000000 0.038419 0.047311 0.598097 30.810005
 1471.000000 0.044037 0.054741 0.597791 31.014338
 1472.000000 0.050779 0.035367 0.599720 30.365932
 1473.000000 0.024559 0.039170 0.599091 31.022202
 1474.000000 0.043874 0.048783 0.597764 29.978989
 1475.000000 0.036999 0.047114 0.600029 30.471262
 1476.000000 0.039362 0.047175 0.601062 30.490804
 1477.000000 0.032285 0.044553 0.599306 30.170351
 1478.000000 0.033453 0.042747 0.595559 30.299790
 1479.000000 0.031503 0.046726 0.598180 30.701722
 1480.000000 0.051437 0.039744 0.598214 29.845830
 1481.000000 0.037278 0.041287 0.595083 30.023427
 1482.000000 0.037186 0.049007 0.598874 29.926296
 1483.000000 0.033017 0.041193 0.608322 29.988350
 1484.000000 0.036857 0.044540 0.592638 30.623634
 1485.000000 0.037897 0.041801 0.602678 29.969718
 1486.000000 0.045630 0.036774 0.601489 30.164306
 1487.000000 0.043586 0.043642 0.601324 29.732096
 1488.000000 0.039534 0.045076 0.597641 30.737038
 1489.000000 0.037436 0.053870 0.593781 30.585955
 1490.000000 0.047547 0.043631 0.590978 31.283824
 1491.000000 0.035203 0.038611 0.600893 30.476549
 1492.000000 0.034977 0.041192 0.591594 31.383803
 1493.000000 0.052568 0.040923 0.594930 30.455543
 1494.000000 0.047171 0.042547 0.593588 31.095324
 1495.000000 0.050695 0.045740 0.599032 29.769798
 1496.000000 0.048529 0.050723 0.591010 31.567136
 1497.000000 0.036346 0.047675 0.600235 31.120926
 1498.000000 0.042753 0.050199 0.598090 30.043690
 1499.000000 0.037239 0.039696 0.593763 30.000234
 1500.000000 0.045943 0.047222 0.596488 30.569521
 1501.000000 0.040463 0.035863 0.596056 30.322686
 1502.000000 0.038682 0.040412 0.596310 30.377454
 1503.000000 0.033367 0.027376 0.594647 30.167528
 1504.000000 0.030487 0.048935 0.594015 30.626855
 1505.000000 0.044992 0.050793 0.589084 31.322850
 1506.000000 0.048840 0.043457 0.594180 30.092355
 1507.000000 0.042974 0.044970 0.593642 30.355546
 1508.000000 0.034667 0.044992 0.590332 31.096544
 1509.000000 0.039923 0.043559 0.602441 30.215158
 1510.000000 0.032645 0.042208 0.594265 31.244812
 1511.000000 0.044066 0.040320 0.600437 29.823393
 1512.000000 0.027360 0.043180 0.601877 30.228306
 1513.000000 0.035249 0.043899 0.605198 29.434020
 1514.000000 0.027823 0.042674 0.604708 29.820923
 1515.000000 0.039893 0.045034 0.605588 29.885998
 1516.000000 0.040250 0.040681 0.591831 30.266418
 1517.000000 0.039364 0.041096 0.593411 29.862460
 1518.000000 0.049508 0.051057 0.596370 29.838377
 1519.000000 0.049897 0.037940 0.595510 30.744881
 1520.000000 0.039669 0.039986 0.602864 29.898335
 1521.000000 0.031299 0.030674 0.591549 30.798916
 1522.000000 0.043588 0.035565 0.596171 30.181636
 1523.000000 0.031292 0.037864 0.591705 30.813438
 1524.000000 0.043539 0.048424 0.593276 29.858376
 1525.000000 0.040477 0.039763 0.601129 30.079659
 1526.000000 0.036449 0.037217 0.587695 30.712389
 1527.000000 0.043882 0.038482 0.602054 29.569146
 1528.000000 0.041634 0.042319 0.600174 29.498767
 1529.000000 0.039398 0.040536 0.595738 29.444764
 1530.000000 0.034822 0.052215 0.598014 31.186982
 1531.000000 0.039471 0.034145 0.602354 29.439601
 1532.000000 0.044817 0.046801 0.601855 30.364699
 1533.000000 0.044124 0.032364 0.607833 29.244540
 1534.000000 0.044435 0.033183 0.594748 30.805377
 1535.000000 0.035931 0.035322 0.593756 30.855786
 1536.000000 0.043222 0.040039 0.600188 29.386463
 1537.000000 0.036953 0.034497 0.595055 30.620872
 1538.000000 0.043058 0.046372 0.599151 31.415129
 1539.000000 0.033278 0.036972 0.594278 30.375782
 1540.000000 0.044886 0.044235 0.606756 29.150809
 1541.000000 0.033113 0.043027 0.593445 30.478121
 1542.000000 0.055901 0.055525 0.606970 28.921308
 1543.000000 0.037400 0.041520 0.598273 30.278204
 1544.000000 0.032969 0.038351 0.608676 29.415572
 1545.000000 0.055224 0.037464 0.606247 29.369977
 1546.000000 0.045248 0.038091 0.599939 29.292834
 1547.000000 0.038308 0.050939 0.603519 29.941701
 1548.000000 0.038164 0.042359 0.591624 30.133332
 1549.000000 0.035391 0.043135 0.595085 30.773999
 1550.000000 0.041879 0.044566 0.585345 31.250528
 1551.000000 0.048845 0.046764 0.598951 30.723141
 1552.000000 0.034787 0.042738 0.595371 30.602457
 1553.000000 0.038316 0.049143 0.598593 29.970970
 1554.000000 0.046129 0.041590 0.600012 29.456961
 1555.000000 0.032838 0.042271 0.602550 29.392188
 1556.000000 0.032299 0.037641 0.595256 30.186437
 1557.000000 0.044657 0.044267 0.597459 30.772351
 1558.000000 0.040679 0.040715 0.598086 29.374699
 1559.000000 0.032305 0.037722 0.598483 29.972418
 1560.000000 0.046313 0.047539 0.597939 30.505936
 1561.000000 0.045247 0.038697 0.595470 30.642108
 1562.000000 0.036770 0.047032 0.592021 31.220089
 1563.000000 0.040552 0.043188 0.600203 30.277012
 1564.000000 0.030169 0.037053 0.597418 30.294665
 1565.000000 0.038354 0.033175 0.598729 29.895572
 1566.000000 0.048112 0.036495 0.600127 30.007344
 1567.000000 0.040477 0.037262 0.597336 30.954235
 1568.000000 0.029965 0.039070 0.592431 31.240099
 1569.000000 0.037623 0.034598 0.600172 30.798226
 1570.000000 0.043836 0.042995 0.597301 30.054272
 1571.000000 0.034996 0.044982 0.597276 30.959277
 1572.000000 0.038306 0.037633 0.597096 29.827560
 1573.000000 0.033755 0.040244 0.594810 30.396956
 1574.000000 0.042742 0.052088 0.590456 30.544254
 1575.000000 0.046496 0.036862 0.598953 29.514324
 1576.000000 0.038282 0.050246 0.593942 30.855082
 1577.000000 0.027156 0.048749 0.596895 30.506809
 1578.000000 0.045729 0.037645 0.598481 30.618986
 1579.000000 0.036710 0.037362 0.599000 30.499968
 1580.000000 0.031894 0.044176 0.602374 30.064155
 1581.000000 0.039729 0.043788 0.603065 30.242387
 1582.000000 0.041568 0.048168 0.592981 30.740795
 1583.000000 0.041527 0.037987 0.592703 30.565474
 1584.000000 0.031658 0.041097 0.591374 31.353767
 1585.000000 0.054832 0.039230 0.594505 30.152595
 1586.000000 0.045885 0.036927 0.599238 30.172919
 1587.000000 0.037540 0.042646 0.601574 29.935715
 1588.000000 0.040190 0.062593 0.609823 28.587701
 1589.000000 0.043509 0.044825 0.600442 30.230305
 1590.000000 0.035007 0.045208 0.608229 29.746005
 1591.000000 0.038656 0.040809 0.605919 29.540824
 1592.000000 0.043653 0.036620 0.604907 29.376640
 1593.000000 0.041856 0.042655 0.599201 30.111550
 1594.000000 0.043007 0.052100 0.593487 30.504014
 1595.000000 0.034707 0.042355 0.605533 29.759328
 1596.000000 0.050813 0.051038 0.604816 28.770167
 1597.000000 0.034040 0.049991 0.594808 30.725090
 1598.000000 0.043827 0.040117 0.600675 29.918605
 1599.000000 0.035874 0.039997 0.600560 30.518895
 1600.000000 0.040170 0.046512 0.594347 30.927919
 1601.000000 0.038885 0.037523 0.596704 30.084617
 1602.000000 0.035112 0.035495 0.599864 29.739783
 1603.000000 0.043928 0.052905 0.603729 29.533820
 1604.000000 0.045329 0.037409 0.598631 30.075854
 1605.000000 0.038231 0.046601 0.600437 29.702545
 1606.000000 0.040720 0.040688 0.598482 30.564772
 1607.000000 0.038113 0.037772 0.604217 30.105727
 1608.000000 0.055224 0.044470 0.593820 30.785462
 1609.000000 0.039534 0.038373 0.600425 29.765749
 1610.000000 0.037905 0.037132 0.594908 30.497729
 1611.000000 0.032756 0.045863 0.597237 30.768732
 1612.000000 0.038817 0.044982 0.596946 30.950794
 1613.000000 0.050598 0.045659 0.597743 30.601133
 1614.000000 0.034329 0.043119 0.595868 30.441055
 1615.000000 0.041343 0.049511 0.597381 29.714278
 1616.000000 0.035681 0.039804 0.598062 30.505698
 1617.000000 0.036997 0.035827 0.599600 30.655472
 1618.000000 0.050187 0.041198 0.603605 30.821047
 1619.000000 0.053244 0.043536 0.605460 30.529254
 1620.000000 0.038939 0.038123 0.595155 30.472944
 1621.000000 0.032919 0.041145 0.600129 30.396389
 1622.000000 0.034001 0.035370 0.598540 31.137919
 1623.000000 0.051489 0.037715 0.596750 29.701033
 1624.000000 0.034561 0.045069 0.600098 30.995725
 1625.000000 0.048164 0.041090 0.603445 29.484092
 1626.000000 0.031821 0.045624 0.600824 29.867554
 1627.000000 0.036031 0.041991 0.605568 29.770391
 1628.000000 0.042102 0.037314 0.601855 29.943714
 1629.000000 0.047827 0.045232 0.605303 29.126957
 1630.000000 0.030966 0.038158 0.596085 30.422556
 1631.000000 0.032669 0.043602 0.592191 31.230795
 1632.000000 0.040734 0.040762 0.595069 30.876115
 1633.000000 0.042470 0.043691 0.604019 29.447536
 1634.000000 0.044404 0.033532 0.600486 30.099343
 1635.000000 0.036492 0.038861 0.597570 30.172012
 1636.000000 0.030708 0.035582 0.600936 29.855062
 1637.000000 0.034674 0.034838 0.597805 30.741192
 1638.000000 0.043936 0.035417 0.599263 29.647860
 1639.000000 0.034620 0.040532 0.595858 29.988419
 1640.000000 0.051189 0.041413 0.598090 30.700083
 1641.000000 0.029752 0.036599 0.600838 30.782691
 1642.000000 0.029159 0.036032 0.597770 30.572206
 1643.000000 0.032684 0.041282 0.603220 30.682775
 1644.000000 0.050940 0.051276 0.596789 30.365551
 1645.000000 0.029547 0.052070 0.603249 30.418985
