#! FIELDS time rho rmsd Rg c
 0.000000 0.077701 0.052443 0.606311 29.001552
 1.000000 0.069123 0.048533 0.606366 28.722771
 2.000000 0.050650 0.060840 0.602303 30.260041
 3.000000 0.045948 0.049448 0.605773 29.782911
 4.000000 0.038996 0.052672 0.600403 31.068651
 5.000000 0.026203 0.049486 0.604510 30.500872
 6.000000 0.027726 0.054577 0.598979 31.112315
 7.000000 0.033759 0.041838 0.598105 29.894041
 8.000000 0.041065 0.038463 0.592690 31.595919
 9.000000 0.031952 0.052324 0.599977 30.589559
 10.000000 0.043420 0.042638 0.599228 28.748681
 11.000000 0.047111 0.052037 0.596085 30.499614
 12.000000 0.035059 0.047929 0.601010 29.642051
 13.000000 0.040861 0.052665 0.594653 30.203218
 14.000000 0.048629 0.041585 0.600579 29.657188
 15.000000 0.037698 0.048809 0.590506 30.502075
 16.000000 0.030207 0.046306 0.598562 30.165592
 17.000000 0.046365 0.057782 0.596480 29.970925
 18.000000 0.035356 0.044928 0.595174 30.369935
 19.000000 0.043160 0.049656 0.596916 29.566031
 20.000000 0.031479 0.053057 0.599026 29.930804
 21.000000 0.038036 0.048634 0.598014 30.125889
 22.000000 0.038170 0.042448 0.595141 29.923518
 23.000000 0.030908 0.056247 0.595641 30.864652
 24.000000 0.046165 0.050022 0.593564 30.713016
 25.000000 0.042819 0.046079 0.592936 31.096480
 26.000000 0.053922 0.045997 0.597568 29.450612
 27.000000 0.043843 0.032434 0.598669 29.589470
 28.000000 0.044847 0.042131 0.600619 30.464753
 29.000000 0.043323 0.048430 0.604678 29.527466
 30.000000 0.034136 0.040566 0.599696 29.937568
 31.000000 0.045242 0.053104 0.594480 30.291554
 32.000000 0.048064 0.046284 0.600293 29.912062
 33.000000 0.030120 0.048883 0.599579 30.160668
 34.000000 0.045129 0.038144 0.601259 29.876360
 35.000000 0.046979 0.047058 0.595036 30.005378
 36.000000 0.040200 0.033931 0.599822 29.529715
 37.000000 0.045170 0.044276 0.602531 29.849136
 38.000000 0.038314 0.043979 0.600297 30.438821
 39.000000 0.052474 0.059214 0.596778 30.231637
 40.000000 0.036909 0.056257 0.593486 31.216543
 41.000000 0.045122 0.055323 0.608584 29.286507
 42.000000 0.053203 0.054661 0.595490 30.163811
 43.000000 0.042834 0.045128 0.599329 29.829333
 44.000000 0.037690 0.055256 0.604111 30.349359
 45.000000 0.035397 0.044738 0.597547 30.403801
 46.000000 0.028278 0.041851 0.599413 30.702213
 47.000000 0.038296 0.044425 0.597826 30.660013
 48.000000 0.046016 0.043286 0.596435 31.090260
 49.000000 0.023525 0.041761 0.594001 31.340020
 50.000000 0.042272 0.043640 0.592476 29.635744
 51.000000 0.052036 0.038388 0.598188 30.807822
 52.000000 0.040532 0.045303 0.598958 31.116784
 53.000000 0.048047 0.044254 0.596664 31.060180
 54.000000 0.040886 0.036107 0.592056 31.537540
 55.000000 0.035919 0.038038 0.596059 31.094829
 56.000000 0.032313 0.041117 0.600523 30.803069
 57.000000 0.040344 0.043693 0.597211 29.923085
 58.000000 0.045108 0.046862 0.593478 31.137708
 59.000000 0.047311 0.037663 0.600349 30.712065
 60.000000 0.043673 0.037836 0.602612 30.475440
 61.000000 0.028487 0.048381 0.596213 31.552122
 62.000000 0.032847 0.040308 0.595131 31.495398
 63.000000 0.035840 0.039109 0.604337 29.888114
 64.000000 0.048971 0.044731 0.598254 30.651957
 65.000000 0.043868 0.036645 0.602092 30.217523
 66.000000 0.040420 0.042607 0.599633 30.684309
 67.000000 0.033371 0.045173 0.596390 30.978240
 68.000000 0.032958 0.040080 0.602408 30.425253
 69.000000 0.043756 0.047516 0.601606 31.519439
 70.000000 0.038964 0.035854 0.600898 30.782704
 71.000000 0.033294 0.039144 0.599981 31.107910
 72.000000 0.042098 0.033584 0.607863 29.723879
 73.000000 0.048609 0.039133 0.597349 30.531575
 74.000000 0.028973 0.046259 0.602130 31.063001
 75.000000 0.045944 0.044497 0.599248 29.874099
 76.000000 0.038461 0.036703 0.597098 30.701196
 77.000000 0.041885 0.044735 0.587562 30.832556
 78.000000 0.042160 0.040708 0.596123 31.024022
 79.000000 0.035556 0.039297 0.597076 31.052556
 80.000000 0.029536 0.048738 0.603989 30.576288
 81.000000 0.039009 0.038499 0.600497 31.122610
 82.000000 0.026500 0.035230 0.600781 30.976702
 83.000000 0.037631 0.039303 0.602537 29.665490
 84.000000 0.042920 0.042837 0.602335 29.983607
 85.000000 0.037874 0.040071 0.597776 31.318555
 86.000000 0.040199 0.036499 0.595783 30.144384
 87.000000 0.051549 0.042824 0.595710 31.197069
 88.000000 0.029701 0.039239 0.598270 29.976502
 89.000000 0.044992 0.033300 0.596298 30.670683
 90.000000 0.042710 0.042295 0.595065 30.543823
 91.000000 0.037862 0.046999 0.594053 31.140842
 92.000000 0.043237 0.044068 0.595843 30.674405
 93.000000 0.036954 0.038941 0.593117 30.626256
 94.000000 0.043222 0.044291 0.595112 31.156429
 95.000000 0.049035 0.040070 0.590092 30.421050
 96.000000 0.038683 0.031591 0.594828 30.228434
 97.000000 0.050993 0.027368 0.592619 30.545805
 98.000000 0.048265 0.041727 0.597397 30.648770
 99.000000 0.037408 0.033486 0.593916 30.193574
 100.000000 0.030778 0.040879 0.593559 30.266501
 101.000000 0.036315 0.048306 0.599096 29.657106
 102.000000 0.044197 0.044934 0.586695 31.299226
 103.000000 0.044458 0.037373 0.596309 29.788309
 104.000000 0.029375 0.032399 0.592471 31.375706
 105.000000 0.029962 0.042640 0.595613 30.649327
 106.000000 0.038613 0.049700 0.602245 30.451320
 107.000000 0.024452 0.040101 0.599136 31.283118
 108.000000 0.038694 0.055592 0.592563 31.406108
 109.000000 0.043914 0.043457 0.593295 30.927575
 110.000000 0.045660 0.034247 0.594490 29.511508
 111.000000 0.043780 0.041895 0.593664 30.479270
 112.000000 0.039379 0.046553 0.592565 31.280797
 113.000000 0.056318 0.040051 0.591043 31.205914
 114.000000 0.039112 0.039931 0.592467 30.476221
 115.000000 0.039534 0.040370 0.592186 31.137486
 116.000000 0.036227 0.041021 0.594305 29.895257
 117.000000 0.040253 0.042772 0.588674 31.561301
 118.000000 0.045998 0.038314 0.594390 29.876205
 119.000000 0.039097 0.040177 0.599414 29.455045
 120.000000 0.047327 0.037521 0.595722 30.044578
 121.000000 0.054350 0.038677 0.590833 30.778926
 122.000000 0.031704 0.047468 0.597945 30.215964
 123.000000 0.036517 0.040789 0.589806 30.351565
 124.000000 0.037179 0.037504 0.592472 30.711179
 125.000000 0.040088 0.046953 0.600008 29.804955
 126.000000 0.028442 0.040529 0.597294 30.821950
 127.000000 0.033997 0.055844 0.592947 29.975523
 128.000000 0.044448 0.042927 0.590637 30.535052
 129.000000 0.036365 0.039852 0.594943 30.513096
 130.000000 0.063030 0.050848 0.598076 30.296349
 131.000000 0.054383 0.049822 0.595346 30.611466
 132.000000 0.037595 0.042632 0.595664 30.038040
 133.000000 0.040934 0.044138 0.594160 30.954358
 134.000000 0.035257 0.040648 0.596329 30.702193
 135.000000 0.040700 0.053448 0.584217 31.020573
 136.000000 0.040746 0.045168 0.588930 30.592199
 137.000000 0.035509 0.053462 0.596171 31.158512
 138.000000 0.033828 0.048045 0.593611 30.425560
 139.000000 0.040492 0.040222 0.590339 31.360414
 140.000000 0.032168 0.037983 0.598733 30.417012
 141.000000 0.042556 0.048433 0.595310 31.010464
 142.000000 0.035040 0.039298 0.591495 31.518145
 143.000000 0.035170 0.051615 0.599598 30.486920
 144.000000 0.035246 0.053663 0.602336 30.603797
 145.000000 0.036549 0.033657 0.593736 31.187256
 146.000000 0.043237 0.042926 0.597554 29.916480
 147.000000 0.042235 0.044463 0.592507 30.606822
 148.000000 0.032291 0.042372 0.587894 30.709913
 149.000000 0.035267 0.036674 0.592049 30.305552
 150.000000 0.036982 0.037530 0.591108 31.286803
 151.000000 0.034420 0.045446 0.592202 31.635610
 152.000000 0.052891 0.045624 0.588352 31.273804
 153.000000 0.036325 0.041673 0.597870 29.963282
 154.000000 0.036912 0.038726 0.591910 30.994093
 155.000000 0.047103 0.044300 0.591072 30.656854
 156.000000 0.049927 0.041241 0.592156 30.623464
 157.000000 0.045375 0.039833 0.591390 31.391155
 158.000000 0.045057 0.035974 0.590808 30.449267
 159.000000 0.042302 0.046463 0.596653 30.298679
 160.000000 0.047356 0.048566 0.596824 30.144381
 161.000000 0.030369 0.036178 0.599932 30.209135
 162.000000 0.037980 0.057796 0.589872 31.574190
 163.000000 0.037107 0.044844 0.602621 30.692100
 164.000000 0.043541 0.040320 0.592953 30.389762
 165.000000 0.043114 0.039652 0.592316 30.893431
 166.000000 0.034962 0.045359 0.590339 30.611142
 167.000000 0.049442 0.039718 0.587310 32.024847
 168.000000 0.053520 0.059161 0.591145 31.584289
 169.000000 0.036150 0.035457 0.590494 30.238419
 170.000000 0.043293 0.041367 0.592263 29.829924
 171.000000 0.053004 0.050100 0.592864 29.717630
 172.000000 0.044614 0.040762 0.596678 30.573023
 173.000000 0.052482 0.049398 0.599819 30.639989
 174.000000 0.032127 0.037682 0.594669 30.863232
 175.000000 0.031620 0.040633 0.595871 31.118804
 176.000000 0.039975 0.039709 0.595309 30.412311
 177.000000 0.041847 0.042123 0.595608 30.766325
 178.000000 0.046695 0.041648 0.590732 30.121596
 179.000000 0.043510 0.044097 0.594634 30.279424
 180.000000 0.040447 0.040843 0.591775 30.992204
 181.000000 0.051102 0.042840 0.594230 29.853480
 182.000000 0.047515 0.043307 0.586691 31.269440
 183.000000 0.040200 0.047205 0.595202 29.878003
 184.000000 0.045135 0.049715 0.590112 30.734646
 185.000000 0.038486 0.038721 0.591740 30.419905
 186.000000 0.028957 0.049318 0.588640 30.842383
 187.000000 0.034947 0.047427 0.595135 30.146524
 188.000000 0.040734 0.048924 0.595034 30.481007
 189.000000 0.038472 0.051843 0.595076 31.039735
 190.000000 0.047933 0.035938 0.593966 30.405642
 191.000000 0.026005 0.049154 0.598919 30.347211
 192.000000 0.041493 0.034884 0.598025 30.718284
 193.000000 0.035632 0.029665 0.596924 30.343167
 194.000000 0.038909 0.044164 0.591655 31.203555
 195.000000 0.037239 0.048462 0.586308 31.180460
 196.000000 0.048816 0.043514 0.589898 31.455505
 197.000000 0.030213 0.041622 0.601374 30.051022
 198.000000 0.050341 0.049353 0.599477 30.563543
 199.000000 0.030446 0.038539 0.603192 31.186532
 200.000000 0.049733 0.047546 0.593679 31.658319
 201.000000 0.044191 0.050042 0.590316 31.138644
 202.000000 0.041421 0.037341 0.592137 30.814888
 203.000000 0.035543 0.038475 0.588849 31.811032
 204.000000 0.031022 0.046086 0.595515 30.998064
 205.000000 0.045725 0.041265 0.593461 30.636282
 206.000000 0.038475 0.036667 0.601069 30.850325
 207.000000 0.035152 0.039605 0.594766 30.719343
 208.000000 0.040280 0.058044 0.603181 30.541287
 209.000000 0.036992 0.037711 0.596503 30.283030
 210.000000 0.044450 0.045607 0.601624 30.044424
 211.000000 0.049653 0.041795 0.595917 30.321336
 212.000000 0.040340 0.050193 0.598444 31.052228
 213.000000 0.029064 0.043258 0.597045 30.941728
 214.000000 0.032165 0.041952 0.592907 31.306831
 215.000000 0.033169 0.036926 0.591396 30.777540
 216.000000 0.048113 0.047286 0.605324 29.941233
 217.000000 0.042744 0.042574 0.599507 30.867967
 218.000000 0.039845 0.031760 0.598901 30.486472
 219.000000 0.043144 0.039504 0.595255 30.320898
 220.000000 0.040268 0.046632 0.590920 31.667047
 221.000000 0.036939 0.038464 0.597942 30.282684
 222.000000 0.048136 0.041464 0.598051 30.626566
 223.000000 0.047245 0.050046 0.590139 31.460082
 224.000000 0.049068 0.042891 0.597015 31.118312
 225.000000 0.044609 0.045719 0.594488 30.632453
 226.000000 0.033314 0.040146 0.597046 30.079102
 227.000000 0.036112 0.039155 0.598802 30.203489
 228.000000 0.040125 0.048056 0.590881 31.201787
 229.000000 0.036853 0.043252 0.597278 30.120109
 230.000000 0.041391 0.039509 0.601135 30.141910
 231.000000 0.034690 0.047296 0.598745 30.927198
 232.000000 0.040481 0.041274 0.599660 30.230039
 233.000000 0.051232 0.038341 0.596318 30.493779
 234.000000 0.037624 0.047843 0.592126 31.396458
 235.000000 0.039515 0.042801 0.593099 31.423195
 236.000000 0.039010 0.047037 0.605464 30.677593
 237.000000 0.039007 0.046345 0.605129 30.245858
 238.000000 0.025619 0.036063 0.604037 30.381256
 239.000000 0.033241 0.042956 0.603361 30.506136
 240.000000 0.039736 0.045416 0.595253 30.224074
 241.000000 0.047588 0.035742 0.597303 29.877446
 242.000000 0.032895 0.044609 0.600325 29.934598
 243.000000 0.028591 0.038816 0.599845 30.478580
 244.000000 0.046094 0.041955 0.600194 30.155110
 245.000000 0.028006 0.039634 0.609711 30.385253
 246.000000 0.035635 0.037123 0.608013 30.160259
 247.000000 0.034178 0.047113 0.611090 30.572083
 248.000000 0.052332 0.039034 0.608868 30.060388
 249.000000 0.033595 0.041818 0.599371 30.475423
 250.000000 0.035532 0.050606 0.606915 30.300800
 251.000000 0.039842 0.044398 0.602008 29.839573
 252.000000 0.043840 0.044723 0.592810 31.639413
 253.000000 0.037266 0.042255 0.598899 30.027801
 254.000000 0.039597 0.049814 0.604439 30.315988
 255.000000 0.047350 0.033313 0.609493 29.236165
 256.000000 0.050025 0.038247 0.600538 30.936650
 257.000000 0.040648 0.038058 0.599878 30.497646
 258.000000 0.038151 0.042361 0.603893 30.543087
 259.000000 0.043588 0.044050 0.599868 30.577450
 260.000000 0.044041 0.040804 0.593065 30.884691
 261.000000 0.034968 0.041096 0.600200 29.953442
 262.000000 0.044041 0.041497 0.597728 30.190713
 263.000000 0.037704 0.038501 0.594380 30.707468
 264.000000 0.045706 0.048280 0.598664 30.463497
 265.000000 0.043047 0.042064 0.601884 29.897291
 266.000000 0.033609 0.039627 0.591358 30.829743
 267.000000 0.042109 0.040762 0.600411 30.327685
 268.000000 0.041713 0.040520 0.595813 30.948007
 269.000000 0.040686 0.041065 0.605002 30.362525
 270.000000 0.028893 0.038054 0.596930 30.368383
 271.000000 0.039151 0.044949 0.594628 30.896751
 272.000000 0.038496 0.047631 0.603398 30.802900
 273.000000 0.045755 0.044679 0.597107 30.957327
 274.000000 0.037809 0.039420 0.600254 30.188014
 275.000000 0.041114 0.050559 0.597911 29.962132
 276.000000 0.037767 0.039256 0.601183 30.052378
 277.000000 0.049307 0.047941 0.598866 30.812142
 278.000000 0.038281 0.043352 0.606513 30.497634
 279.000000 0.046563 0.039497 0.608513 29.820811
 280.000000 0.052998 0.032197 0.605241 29.815463
 281.000000 0.049268 0.043937 0.604753 30.007502
 282.000000 0.045970 0.041091 0.606003 30.386295
 283.000000 0.040311 0.042733 0.604195 30.239954
 284.000000 0.043789 0.046271 0.614208 29.619644
 285.000000 0.031696 0.047856 0.610652 30.887694
 286.000000 0.038731 0.042760 0.610332 30.192901
 287.000000 0.046474 0.033883 0.614658 29.923553
 288.000000 0.048213 0.033925 0.617315 29.369319
 289.000000 0.040841 0.052089 0.602960 29.923068
 290.000000 0.035319 0.053435 0.601483 29.788220
 291.000000 0.040314 0.043912 0.599546 30.631745
 292.000000 0.034213 0.048978 0.600740 29.844732
 293.000000 0.031163 0.039189 0.597311 30.711023
 294.000000 0.047945 0.042721 0.601448 29.265843
 295.000000 0.044695 0.046542 0.602024 30.394788
 296.000000 0.035608 0.042099 0.605266 30.226090
 297.000000 0.032737 0.049272 0.598336 31.055381
 298.000000 0.036287 0.036557 0.597167 30.110697
 299.000000 0.041750 0.054986 0.600801 30.208891
 300.000000 0.041616 0.045073 0.597891 30.471248
 301.000000 0.038741 0.049439 0.600216 30.604896
 302.000000 0.037945 0.041209 0.599034 30.371541
 303.000000 0.042981 0.042938 0.599965 30.339804
 304.000000 0.031293 0.040896 0.606825 30.179824
 305.000000 0.032446 0.045139 0.600413 30.973591
 306.000000 0.026999 0.054455 0.605416 30.847275
 307.000000 0.044838 0.044759 0.597996 31.552214
 308.000000 0.059622 0.041211 0.593723 31.315420
 309.000000 0.023553 0.039419 0.590201 31.498658
 310.000000 0.043365 0.039055 0.597429 30.093199
 311.000000 0.048192 0.039222 0.598981 31.117109
 312.000000 0.034533 0.038459 0.598022 30.618340
 313.000000 0.046293 0.033668 0.601214 30.306783
 314.000000 0.024176 0.037379 0.598263 30.403317
 315.000000 0.041686 0.043771 0.598267 31.053549
 316.000000 0.029523 0.041818 0.601189 30.505717
 317.000000 0.033987 0.042701 0.595716 30.423911
 318.000000 0.046067 0.041038 0.605314 29.706976
 319.000000 0.034136 0.043517 0.600215 30.037792
 320.000000 0.029120 0.046667 0.609065 30.364488
 321.000000 0.048286 0.041654 0.612244 28.698292
 322.000000 0.037630 0.038459 0.609786 30.187346
 323.000000 0.044348 0.043646 0.592307 31.000685
 324.000000 0.038920 0.044196 0.609585 29.510399
 325.000000 0.032687 0.048823 0.598661 31.262458
 326.000000 0.030722 0.047445 0.598292 30.694639
 327.000000 0.047909 0.038445 0.603309 29.835281
 328.000000 0.035176 0.041285 0.605838 30.961659
 329.000000 0.025852 0.052700 0.600265 30.900995
 330.000000 0.040715 0.046913 0.606934 30.090651
 331.000000 0.046660 0.055489 0.608027 30.493388
 332.000000 0.044647 0.043922 0.611403 28.936426
 333.000000 0.040674 0.047702 0.600167 30.023020
 334.000000 0.044453 0.041033 0.607727 29.192770
 335.000000 0.035759 0.037151 0.603234 30.559632
 336.000000 0.045544 0.033335 0.590523 30.897204
 337.000000 0.051075 0.034247 0.604425 29.697693
 338.000000 0.044082 0.048292 0.596464 30.620477
 339.000000 0.044543 0.043474 0.598220 30.060206
 340.000000 0.042118 0.041862 0.607398 29.950637
 341.000000 0.047089 0.044920 0.597104 30.587479
 342.000000 0.042498 0.037343 0.606022 30.542801
 343.000000 0.043936 0.050926 0.596185 30.270718
 344.000000 0.028075 0.051492 0.610618 29.826948
 345.000000 0.037569 0.045292 0.602823 30.122788
 346.000000 0.032967 0.032226 0.601956 30.180314
 347.000000 0.031396 0.043140 0.596496 31.200119
 348.000000 0.039712 0.040476 0.592654 30.958942
 349.000000 0.041782 0.051476 0.601343 31.367789
 350.000000 0.024875 0.043219 0.601602 30.585644
 351.000000 0.041183 0.048725 0.595781 30.576587
 352.000000 0.033842 0.042964 0.599639 30.906067
 353.000000 0.021609 0.038383 0.607653 29.704613
 354.000000 0.040434 0.037675 0.591389 31.400949
 355.000000 0.039421 0.053795 0.604769 29.872814
 356.000000 0.042464 0.046718 0.600343 30.075993
 357.000000 0.039765 0.046108 0.592277 31.457517
 358.000000 0.043682 0.044945 0.601642 30.162038
 359.000000 0.039533 0.046820 0.600201 29.802342
 360.000000 0.041340 0.043485 0.598180 30.195921
 361.000000 0.048907 0.048237 0.592973 30.671407
 362.000000 0.042929 0.042350 0.601392 30.056504
 363.000000 0.033614 0.048374 0.597863 30.099073
 364.000000 0.029586 0.046286 0.603278 29.457132
 365.000000 0.039535 0.039053 0.599369 30.114664
 366.000000 0.029462 0.047793 0.611630 29.491170
 367.000000 0.048127 0.043279 0.606709 29.289445
 368.000000 0.049583 0.044009 0.598630 30.144422
 369.000000 0.046371 0.045570 0.606393 29.610371
 370.000000 0.036426 0.052334 0.603260 30.593673
 371.000000 0.041945 0.051832 0.604427 30.081119
 372.000000 0.050452 0.046294 0.600618 29.360658
 373.000000 0.062102 0.053594 0.597872 30.597220
 374.000000 0.040574 0.038312 0.600314 29.775478
 375.000000 0.032075 0.045772 0.599517 30.658035
 376.000000 0.036800 0.043141 0.598149 30.720125
 377.000000 0.034281 0.043485 0.603379 31.072535
 378.000000 0.025288 0.042305 0.593539 31.338832
 379.000000 0.033786 0.045045 0.606852 29.999998
 380.000000 0.039214 0.046507 0.600262 30.064215
 381.000000 0.031664 0.043558 0.607065 29.513781
 382.000000 0.032130 0.044543 0.603776 30.581385
 383.000000 0.034113 0.042348 0.600784 31.151124
 384.000000 0.024323 0.041765 0.605799 30.161833
 385.000000 0.037525 0.039132 0.599314 31.165802
 386.000000 0.040929 0.044366 0.597534 31.344205
 387.000000 0.056045 0.046293 0.602688 30.450864
 388.000000 0.048738 0.053641 0.604132 31.229068
 389.000000 0.039705 0.048363 0.600493 30.774325
 390.000000 0.037714 0.039944 0.602536 29.592674
 391.000000 0.037966 0.044980 0.600747 29.891712
 392.000000 0.039710 0.049858 0.608591 29.747573
 393.000000 0.043873 0.034177 0.603540 28.945969
 394.000000 0.041819 0.050199 0.602562 30.457154
 395.000000 0.027901 0.035971 0.601460 30.237945
 396.000000 0.036280 0.043002 0.600472 30.011646
 397.000000 0.035349 0.051516 0.600986 30.769823
 398.000000 0.045897 0.059295 0.597171 31.303768
 399.000000 0.030858 0.051460 0.597760 30.624486
 400.000000 0.038405 0.045347 0.603736 30.293469
 401.000000 0.033992 0.039884 0.607888 29.674104
 402.000000 0.047254 0.045304 0.600347 30.453345
 403.000000 0.050009 0.044474 0.602913 30.035030
 404.000000 0.036828 0.040910 0.600598 30.318310
 405.000000 0.044062 0.051350 0.601788 30.681111
 406.000000 0.048964 0.039688 0.597448 29.659085
 407.000000 0.034516 0.047040 0.603477 30.175969
 408.000000 0.032555 0.048566 0.603594 29.898348
 409.000000 0.037967 0.045610 0.605623 29.596636
 410.000000 0.040166 0.048159 0.600790 31.133664
 411.000000 0.049994 0.039840 0.597566 31.347618
 412.000000 0.050149 0.041228 0.598460 30.642992
 413.000000 0.040180 0.053203 0.596504 31.001584
 414.000000 0.043080 0.043217 0.599601 30.071133
 415.000000 0.040640 0.040512 0.597048 30.025777
 416.000000 0.049505 0.045040 0.604013 30.388672
 417.000000 0.049070 0.041798 0.593276 31.216276
 418.000000 0.041208 0.043397 0.599246 30.322340
 419.000000 0.044248 0.043817 0.604901 30.405775
 420.000000 0.039086 0.047712 0.601106 30.120821
 421.000000 0.035955 0.040001 0.607112 30.119563
 422.000000 0.037015 0.040706 0.600987 30.078321
 423.000000 0.044440 0.053032 0.606949 30.319267
 424.000000 0.037048 0.049962 0.606023 29.656476
 425.000000 0.045219 0.033574 0.591380 30.904816
 426.000000 0.050694 0.037727 0.596270 29.539470
 427.000000 0.046962 0.038867 0.596372 30.201373
 428.000000 0.038427 0.051243 0.599365 30.073969
 429.000000 0.038622 0.046099 0.599768 30.627789
 430.000000 0.044515 0.044564 0.589215 31.917992
 431.000000 0.027163 0.045412 0.596095 31.002134
 432.000000 0.038206 0.045625 0.595446 30.254354
 433.000000 0.043447 0.049686 0.608248 29.129034
 434.000000 0.049319 0.039557 0.593042 30.702288
 435.000000 0.030016 0.039864 0.605358 30.791669
 436.000000 0.042671 0.045920 0.604517 30.393639
 437.000000 0.040051 0.043387 0.604200 29.542106
 438.000000 0.041341 0.040357 0.610969 28.609371
 439.000000 0.041767 0.044451 0.601797 30.291193
 440.000000 0.033533 0.038834 0.605037 30.465195
 441.000000 0.046001 0.045845 0.594862 30.588859
 442.000000 0.038740 0.044603 0.599994 30.708851
 443.000000 0.050448 0.050916 0.601287 31.060557
 444.000000 0.035031 0.051576 0.600111 30.966407
 445.000000 0.036459 0.036676 0.607460 30.173633
 446.000000 0.047360 0.043122 0.608609 28.915713
 447.000000 0.031135 0.046150 0.607532 31.152590
 448.000000 0.039195 0.043915 0.602788 30.608686
 449.000000 0.046529 0.046272 0.603960 31.005132
 450.000000 0.040757 0.049674 0.596742 30.730494
 451.000000 0.037775 0.043577 0.602114 30.029333
 452.000000 0.053496 0.046997 0.595774 30.546678
 453.000000 0.029187 0.038205 0.604609 30.640810
 454.000000 0.031732 0.045603 0.607061 30.362739
 455.000000 0.037628 0.052154 0.612059 29.557176
 456.000000 0.050486 0.038832 0.607996 29.953887
 457.000000 0.047408 0.037442 0.608208 29.942596
 458.000000 0.039498 0.043590 0.601886 29.837664
 459.000000 0.045157 0.033958 0.603883 29.814497
 460.000000 0.038869 0.048817 0.600302 31.207350
 461.000000 0.033663 0.042167 0.599246 30.294329
 462.000000 0.037920 0.039951 0.604989 30.593199
 463.000000 0.031629 0.050825 0.606505 29.679126
 464.000000 0.036840 0.044328 0.602947 30.433292
 465.000000 0.029494 0.055332 0.597046 30.646709
 466.000000 0.044197 0.045840 0.602452 30.568508
 467.000000 0.054299 0.038847 0.600827 30.056843
 468.000000 0.036604 0.049822 0.594661 30.851054
 469.000000 0.050350 0.040351 0.597994 30.621054
 470.000000 0.041544 0.041187 0.603159 30.163775
 471.000000 0.045378 0.041550 0.598143 30.473010
 472.000000 0.033403 0.040757 0.600463 30.067572
 473.000000 0.028051 0.046234 0.602647 31.007360
 474.000000 0.044346 0.048839 0.603938 30.263134
 475.000000 0.042218 0.047137 0.604756 31.031500
 476.000000 0.049113 0.051554 0.602201 30.178529
 477.000000 0.039642 0.048295 0.609074 29.517527
 478.000000 0.020266 0.038889 0.613375 30.160287
 479.000000 0.038835 0.044772 0.602306 30.494203
 480.000000 0.036710 0.037918 0.603535 30.046522
 481.000000 0.047492 0.046321 0.606705 30.364934
 482.000000 0.028708 0.040325 0.598625 31.222087
 483.000000 0.035438 0.048180 0.596410 30.994854
 484.000000 0.037210 0.047472 0.594933 31.027789
 485.000000 0.042230 0.044485 0.601951 30.396037
 486.000000 0.046646 0.050949 0.604738 29.489327
 487.000000 0.033308 0.047967 0.605922 29.693385
 488.000000 0.052951 0.040969 0.597238 30.829054
 489.000000 0.058479 0.047978 0.599542 29.353796
 490.000000 0.040110 0.042788 0.604717 29.597913
 491.000000 0.041765 0.038419 0.599778 29.671837
 492.000000 0.048989 0.041765 0.605093 29.879201
 493.000000 0.046215 0.043164 0.602659 30.234519
 494.000000 0.034661 0.052865 0.608180 29.822313
 495.000000 0.047614 0.048014 0.606469 30.345076
 496.000000 0.033344 0.040150 0.603354 30.412139
 497.000000 0.020673 0.048539 0.594984 30.365480
 498.000000 0.041914 0.063803 0.599990 30.400303
 499.000000 0.046152 0.044199 0.597463 30.417507
 500.000000 0.048981 0.053538 0.597375 31.173924
 501.000000 0.044930 0.053812 0.601335 30.917201
 502.000000 0.034576 0.058897 0.594930 31.893726
 503.000000 0.043556 0.044233 0.597018 30.099350
 504.000000 0.039549 0.041278 0.596093 30.297959
 505.000000 0.030092 0.040290 0.597073 31.105669
 506.000000 0.044678 0.043301 0.600793 30.791932
 507.000000 0.045374 0.039931 0.599903 30.731788
 508.000000 0.034835 0.029854 0.597815 30.455011
 509.000000 0.039308 0.042135 0.604478 30.595309
 510.000000 0.045044 0.050226 0.592693 30.661415
 511.000000 0.038072 0.052134 0.593962 30.668036
 512.000000 0.042860 0.050787 0.604776 29.972456
 513.000000 0.043679 0.040196 0.601108 29.801255
 514.000000 0.045622 0.045148 0.599507 30.162454
 515.000000 0.037577 0.043418 0.610109 29.163589
 516.000000 0.029110 0.038279 0.595265 31.020254
 517.000000 0.049694 0.036013 0.605525 29.688205
 518.000000 0.033516 0.040184 0.605690 30.025260
 519.000000 0.027716 0.044039 0.600709 30.677220
 520.000000 0.034596 0.040442 0.598470 29.640478
 521.000000 0.046818 0.031461 0.600926 29.890226
 522.000000 0.036790 0.050684 0.597343 30.984738
 523.000000 0.052784 0.043150 0.594019 30.729062
 524.000000 0.039193 0.044163 0.595291 31.138961
 525.000000 0.040461 0.040230 0.601603 30.794106
 526.000000 0.037134 0.039625 0.601035 29.924513
 527.000000 0.039835 0.036023 0.599844 30.694263
 528.000000 0.041164 0.041390 0.597400 30.687745
 529.000000 0.040332 0.042776 0.598278 31.422898
 530.000000 0.047341 0.041283 0.604329 30.185701
 531.000000 0.036121 0.044968 0.607052 30.693884
 532.000000 0.040853 0.046738 0.608246 29.676779
 533.000000 0.030775 0.048151 0.607151 30.038297
 534.000000 0.039660 0.047041 0.602451 30.006202
 535.000000 0.042245 0.037908 0.597083 30.429239
 536.000000 0.043477 0.046913 0.594725 31.118423
 537.000000 0.051296 0.045793 0.601415 30.537930
 538.000000 0.036763 0.053803 0.596483 30.794048
 539.000000 0.025262 0.050116 0.603323 29.818299
 540.000000 0.040024 0.033530 0.602307 30.648582
 541.000000 0.035460 0.041859 0.604960 30.026747
 542.000000 0.027917 0.042176 0.605921 30.708100
 543.000000 0.032484 0.046977 0.613061 29.804192
 544.000000 0.045677 0.049372 0.609781 29.072887
 545.000000 0.015452 0.043072 0.604283 30.805333
 546.000000 0.044453 0.033058 0.608673 29.070210
 547.000000 0.044193 0.033810 0.597164 30.887939
 548.000000 0.034776 0.039508 0.599388 30.652772
 549.000000 0.045979 0.040478 0.598565 30.755957
 550.000000 0.029388 0.046699 0.597023 30.556405
 551.000000 0.042793 0.043718 0.598436 30.511706
 552.000000 0.025560 0.043873 0.604507 29.997507
 553.000000 0.042702 0.040726 0.598618 31.406353
 554.000000 0.036834 0.043934 0.606481 30.195286
 555.000000 0.041667 0.053508 0.607683 29.485950
 556.000000 0.050674 0.046575 0.604105 29.912571
 557.000000 0.017697 0.042151 0.596002 32.087774
 558.000000 0.043840 0.048748 0.598869 30.882824
 559.000000 0.041284 0.041931 0.607583 30.760131
 560.000000 0.023174 0.046504 0.607430 29.626507
 561.000000 0.031585 0.045608 0.601804 30.762868
 562.000000 0.047778 0.036603 0.603299 30.018426
 563.000000 0.042486 0.048765 0.608931 31.308096
 564.000000 0.040595 0.045514 0.602473 30.524451
 565.000000 0.033793 0.037440 0.599382 30.991677
 566.000000 0.039545 0.044185 0.600352 31.019618
 567.000000 0.034280 0.039998 0.606053 30.056943
 568.000000 0.046677 0.049498 0.604278 29.751693
 569.000000 0.026589 0.030936 0.599509 31.518269
 570.000000 0.043172 0.037850 0.598257 30.566793
 571.000000 0.046358 0.035319 0.595733 30.639596
 572.000000 0.038228 0.039784 0.597351 31.650380
 573.000000 0.034155 0.030177 0.604265 30.559900
 574.000000 0.041140 0.047938 0.599991 29.981670
 575.000000 0.035908 0.040115 0.604477 30.480919
 576.000000 0.037886 0.034330 0.592677 31.281311
 577.000000 0.032642 0.058602 0.606966 30.412423
 578.000000 0.031373 0.036624 0.605756 30.332416
 579.000000 0.051782 0.043710 0.609338 29.700027
 580.000000 0.043221 0.044251 0.607441 29.303439
 581.000000 0.033335 0.048922 0.605886 30.589498
 582.000000 0.030314 0.048722 0.612044 29.325607
 583.000000 0.035492 0.042973 0.610657 29.481226
 584.000000 0.037457 0.049350 0.602788 29.892883
 585.000000 0.041940 0.050987 0.601658 29.623533
 586.000000 0.035638 0.044177 0.607264 30.434443
 587.000000 0.036244 0.042963 0.599338 30.330853
 588.000000 0.042573 0.047265 0.605665 29.718777
 589.000000 0.036861 0.053096 0.608007 30.145392
 590.000000 0.042791 0.042174 0.600542 31.013048
 591.000000 0.027407 0.041022 0.601655 30.541596
 592.000000 0.022887 0.049408 0.605527 30.056246
 593.000000 0.029847 0.031688 0.603995 30.008950
 594.000000 0.050279 0.043308 0.600920 30.884135
 595.000000 0.032909 0.051119 0.614250 29.372154
 596.000000 0.036126 0.050844 0.606244 30.042528
 597.000000 0.030303 0.038828 0.597016 30.348254
 598.000000 0.034531 0.051418 0.597795 30.920754
 599.000000 0.049456 0.053451 0.600006 31.282442
 600.000000 0.034868 0.053640 0.598642 31.055016
 601.000000 0.053309 0.047348 0.595159 29.829021
 602.000000 0.041448 0.054086 0.604678 30.432306
 603.000000 0.036723 0.033720 0.605372 30.227116
 604.000000 0.048713 0.045806 0.600954 30.817158
 605.000000 0.026715 0.040844 0.606803 30.169430
 606.000000 0.040339 0.041552 0.599745 30.506936
 607.000000 0.041140 0.036615 0.600450 30.222121
 608.000000 0.035754 0.038252 0.597272 30.670217
 609.000000 0.039188 0.038764 0.601975 30.895195
 610.000000 0.024463 0.044674 0.600949 30.057285
 611.000000 0.028834 0.039266 0.602401 29.617265
 612.000000 0.048264 0.040765 0.598858 30.295596
 613.000000 0.044812 0.037267 0.608061 28.504930
 614.000000 0.041489 0.038359 0.601013 29.307494
 615.000000 0.041488 0.035299 0.596432 29.876799
 616.000000 0.035198 0.046620 0.599980 30.661840
 617.000000 0.044709 0.043852 0.596645 30.266694
 618.000000 0.031418 0.033781 0.596964 30.903903
 619.000000 0.027914 0.060081 0.602655 30.069536
 620.000000 0.029845 0.042351 0.603976 30.460069
 621.000000 0.028787 0.043106 0.607644 30.129495
 622.000000 0.039729 0.042859 0.607124 29.609746
 623.000000 0.044479 0.044562 0.603419 29.646267
 624.000000 0.037405 0.038428 0.609263 30.088790
 625.000000 0.029873 0.037967 0.609285 29.795627
 626.000000 0.030517 0.042232 0.610230 30.328542
 627.000000 0.043254 0.031992 0.602981 30.126148
 628.000000 0.042511 0.049184 0.602600 30.289761
 629.000000 0.039363 0.049162 0.600398 29.891016
 630.000000 0.033404 0.043362 0.596633 30.436385
 631.000000 0.038752 0.051247 0.594313 30.552911
 632.000000 0.044536 0.052518 0.595373 30.447585
 633.000000 0.032896 0.056147 0.601289 30.707471
 634.000000 0.042073 0.050454 0.602271 30.648031
 635.000000 0.048241 0.041236 0.607066 29.661875
 636.000000 0.032541 0.052358 0.610925 29.929097
 637.000000 0.042072 0.051643 0.595974 31.342140
 638.000000 0.038727 0.050427 0.607170 29.858056
 639.000000 0.033275 0.055698 0.604602 30.388180
 640.000000 0.022868 0.039836 0.595079 31.803043
 641.000000 0.041379 0.044655 0.599934 30.612955
 642.000000 0.035159 0.043094 0.599544 30.595787
 643.000000 0.045451 0.043319 0.600079 30.843284
 644.000000 0.041050 0.049156 0.606896 30.185922
 645.000000 0.032773 0.058213 0.606324 29.997261
 646.000000 0.033706 0.039792 0.600738 30.599065
 647.000000 0.031766 0.050285 0.601127 31.280076
 648.000000 0.037168 0.038973 0.596677 31.049186
 649.000000 0.036775 0.045644 0.595105 30.931668
 650.000000 0.042781 0.047162 0.604456 30.513172
 651.000000 0.041623 0.045291 0.598086 31.218042
 652.000000 0.033380 0.044659 0.604996 30.367325
 653.000000 0.036316 0.050398 0.606543 30.037533
 654.000000 0.043761 0.043683 0.604554 29.764709
 655.000000 0.035653 0.048822 0.598548 31.400560
 656.000000 0.057020 0.052889 0.606395 29.546845
 657.000000 0.038273 0.049356 0.599327 31.071795
 658.000000 0.041013 0.051827 0.600105 30.571513
 659.000000 0.037530 0.048199 0.602527 30.461932
 660.000000 0.036667 0.044815 0.597327 30.618775
 661.000000 0.038641 0.043893 0.597305 30.740311
 662.000000 0.036526 0.044502 0.601158 30.138422
 663.000000 0.037543 0.048411 0.601241 30.538352
 664.000000 0.045602 0.045775 0.597241 30.843822
 665.000000 0.040085 0.046019 0.602401 29.555928
 666.000000 0.055139 0.045565 0.600082 29.969633
 667.000000 0.032134 0.040252 0.601577 31.767026
 668.000000 0.052240 0.038300 0.607247 28.841724
 669.000000 0.031002 0.048410 0.600599 31.109466
 670.000000 0.045442 0.042028 0.608385 30.009061
 671.000000 0.039253 0.055805 0.609530 30.883177
 672.000000 0.035378 0.040297 0.600661 30.482829
 673.000000 0.044688 0.043497 0.605740 29.988365
 674.000000 0.037494 0.046875 0.607202 30.349590
 675.000000 0.039702 0.042710 0.603099 30.373451
 676.000000 0.044333 0.050242 0.604655 29.573544
 677.000000 0.037087 0.054597 0.609673 29.688214
 678.000000 0.039806 0.042910 0.597595 31.245560
 679.000000 0.042143 0.054389 0.605122 30.599160
 680.000000 0.040838 0.053666 0.597667 31.325741
 681.000000 0.037892 0.050741 0.603799 30.368929
 682.000000 0.037380 0.052734 0.602896 29.696839
 683.000000 0.037682 0.048451 0.596149 31.324890
 684.000000 0.043291 0.048253 0.605347 29.840837
 685.000000 0.026210 0.044981 0.604228 30.269564
 686.000000 0.034787 0.043994 0.600262 30.654623
 687.000000 0.035578 0.050178 0.600505 30.708947
 688.000000 0.053379 0.041001 0.600733 30.042709
 689.000000 0.035641 0.044916 0.602599 29.645550
 690.000000 0.025906 0.040818 0.610609 29.874212
 691.000000 0.048506 0.040756 0.606242 30.150686
 692.000000 0.033452 0.043484 0.605649 30.689325
 693.000000 0.041862 0.054121 0.600782 31.234735
 694.000000 0.039369 0.044915 0.598859 30.652021
 695.000000 0.032942 0.049367 0.614294 30.853507
 696.000000 0.029548 0.046079 0.608556 30.491302
 697.000000 0.040971 0.043815 0.606378 31.263496
 698.000000 0.042847 0.044308 0.611859 30.086194
 699.000000 0.030372 0.047501 0.616895 30.093117
 700.000000 0.041641 0.041317 0.610759 30.119693
 701.000000 0.032091 0.033765 0.605306 31.395607
 702.000000 0.038220 0.055052 0.609762 29.415626
 703.000000 0.047681 0.039288 0.609915 29.024712
 704.000000 0.034245 0.045300 0.610658 29.884801
 705.000000 0.044238 0.051310 0.602495 29.985290
 706.000000 0.042564 0.047713 0.602519 30.053832
 707.000000 0.037338 0.042213 0.602187 30.129031
 708.000000 0.050484 0.055400 0.601364 31.300810
 709.000000 0.034678 0.047432 0.606015 30.993489
 710.000000 0.038964 0.034805 0.606595 30.573408
 711.000000 0.036315 0.051042 0.605520 29.928626
 712.000000 0.044231 0.050917 0.604590 30.350736
 713.000000 0.033817 0.048003 0.607407 29.962217
 714.000000 0.046925 0.059670 0.604180 29.739131
 715.000000 0.043699 0.058816 0.601286 29.833294
 716.000000 0.030286 0.058846 0.600066 30.157569
 717.000000 0.050096 0.047143 0.596186 31.231576
 718.000000 0.030813 0.055476 0.603173 30.507133
 719.000000 0.042918 0.051939 0.611683 29.733746
 720.000000 0.038590 0.052238 0.609707 30.412605
 721.000000 0.051583 0.052832 0.607732 29.450399
 722.000000 0.033337 0.044211 0.606108 30.523563
 723.000000 0.038864 0.049754 0.608234 29.592396
 724.000000 0.040790 0.046133 0.600938 30.396187
 725.000000 0.038379 0.051560 0.604057 30.057834
 726.000000 0.043971 0.039774 0.598829 30.759403
 727.000000 0.042567 0.046602 0.607022 30.006645
 728.000000 0.042383 0.043337 0.596792 30.736018
 729.000000 0.031454 0.037509 0.605409 29.226799
 730.000000 0.039905 0.052242 0.599025 30.324054
 731.000000 0.044162 0.040895 0.603078 30.302928
 732.000000 0.032987 0.048408 0.606705 30.817870
 733.000000 0.026641 0.043426 0.601580 31.478325
 734.000000 0.041532 0.046896 0.610916 30.197096
 735.000000 0.042771 0.045076 0.608907 30.293801
 736.000000 0.044791 0.058911 0.604931 30.921287
 737.000000 0.036358 0.045886 0.605543 30.636002
 738.000000 0.034943 0.041822 0.598105 31.716164
 739.000000 0.039416 0.042044 0.605909 30.093301
 740.000000 0.051997 0.046815 0.612466 29.870118
 741.000000 0.037416 0.039200 0.607439 29.857965
 742.000000 0.042971 0.041860 0.613240 29.739831
 743.000000 0.035800 0.052306 0.607227 30.607972
 744.000000 0.038682 0.046605 0.604778 30.735541
 745.000000 0.044777 0.048222 0.603424 30.665260
 746.000000 0.051191 0.043630 0.600598 30.290245
 747.000000 0.044929 0.045790 0.594237 31.145057
 748.000000 0.039301 0.046596 0.600822 30.567642
 749.000000 0.028450 0.041286 0.607128 31.188364
 750.000000 0.053986 0.043174 0.601699 30.673433
 751.000000 0.049321 0.052129 0.594030 30.596130
 752.000000 0.036044 0.040746 0.602980 30.298410
 753.000000 0.045895 0.049249 0.601919 30.563026
 754.000000 0.039519 0.055033 0.613183 31.136664
 755.000000 0.037646 0.042644 0.593913 31.453837
 756.000000 0.049561 0.042331 0.606894 29.175645
 757.000000 0.033850 0.051029 0.598921 30.501182
 758.000000 0.034600 0.049166 0.600414 30.432192
 759.000000 0.045495 0.036423 0.604781 30.082157
 760.000000 0.029192 0.037319 0.598834 31.603311
 761.000000 0.034233 0.042438 0.594158 31.270962
 762.000000 0.040404 0.052083 0.598567 30.151901
 763.000000 0.041062 0.048832 0.598250 30.834355
 764.000000 0.033500 0.052847 0.602710 30.845008
 765.000000 0.041743 0.040193 0.593183 31.090537
 766.000000 0.041476 0.043025 0.605004 29.870995
 767.000000 0.042927 0.036456 0.605858 29.933922
 768.000000 0.054055 0.043446 0.599119 30.329625
 769.000000 0.036906 0.048475 0.596681 30.683766
 770.000000 0.030970 0.043144 0.602967 30.759502
 771.000000 0.040821 0.042959 0.594633 31.359798
 772.000000 0.040942 0.042571 0.604005 30.456799
 773.000000 0.024865 0.039951 0.597690 31.310781
 774.000000 0.044035 0.043457 0.603767 30.190562
 775.000000 0.044410 0.055608 0.611107 29.369381
 776.000000 0.044724 0.049432 0.608362 29.579226
 777.000000 0.042694 0.043823 0.609579 29.877145
 778.000000 0.046714 0.045344 0.595095 30.912888
 779.000000 0.043815 0.053796 0.604691 30.605431
 780.000000 0.032969 0.041593 0.604242 30.035202
 781.000000 0.032498 0.041757 0.604562 30.319704
 782.000000 0.031264 0.043660 0.604741 29.554049
 783.000000 0.041646 0.052364 0.595199 31.447230
 784.000000 0.039185 0.050102 0.600857 30.099590
 785.000000 0.028127 0.043408 0.606138 30.678916
 786.000000 0.030161 0.047145 0.602214 30.058033
 787.000000 0.044161 0.042058 0.597627 30.063989
 788.000000 0.029599 0.045707 0.605108 30.696169
 789.000000 0.037045 0.047262 0.604978 29.753721
 790.000000 0.042456 0.059474 0.607347 30.184526
 791.000000 0.039400 0.053404 0.598230 30.961756
 792.000000 0.039482 0.049772 0.602112 31.242678
 793.000000 0.035128 0.052363 0.604128 30.523196
 794.000000 0.028760 0.052368 0.604777 30.094816
 795.000000 0.039867 0.054403 0.605731 30.209086
 796.000000 0.034933 0.054255 0.600849 31.500806
 797.000000 0.055005 0.049136 0.606291 30.210318
 798.000000 0.048048 0.051710 0.604547 30.513206
 799.000000 0.031863 0.050849 0.601457 31.118924
 800.000000 0.037545 0.052462 0.608936 30.336271
 801.000000 0.039221 0.040912 0.597345 30.968518
 802.000000 0.035192 0.045204 0.606294 30.819505
 803.000000 0.039943 0.044132 0.599604 30.001440
 804.000000 0.023107 0.049053 0.610298 29.557746
 805.000000 0.046426 0.040493 0.606691 30.467709
 806.000000 0.028691 0.051068 0.606079 30.325823
 807.000000 0.042068 0.038340 0.594648 30.739339
 808.000000 0.037141 0.034923 0.599522 30.483153
 809.000000 0.043485 0.045187 0.590918 31.532937
 810.000000 0.044532 0.039206 0.600529 29.875293
 811.000000 0.039780 0.055892 0.601199 31.307952
 812.000000 0.026291 0.049411 0.599503 30.789078
 813.000000 0.040584 0.061393 0.603740 31.549967
 814.000000 0.046468 0.052178 0.605938 29.157561
 815.000000 0.043059 0.046649 0.596845 30.203211
 816.000000 0.050781 0.052986 0.609128 29.915040
 817.000000 0.054398 0.056462 0.609729 30.842119
 818.000000 0.037025 0.062967 0.606731 30.231862
 819.000000 0.046406 0.049813 0.596877 30.640309
 820.000000 0.034649 0.048293 0.596004 30.795757
 821.000000 0.050836 0.048698 0.600487 30.893023
 822.000000 0.039520 0.056412 0.602938 29.851268
 823.000000 0.034522 0.050909 0.606934 30.254593
 824.000000 0.042963 0.040253 0.599215 30.981064
 825.000000 0.035473 0.048362 0.599220 30.274608
 826.000000 0.032982 0.051550 0.597169 30.987652
 827.000000 0.041280 0.051267 0.607097 30.417189
 828.000000 0.027470 0.035616 0.604356 29.855308
 829.000000 0.047415 0.055786 0.597672 29.908316
 830.000000 0.033758 0.050781 0.601721 29.717156
 831.000000 0.042291 0.053898 0.604959 29.814969
 832.000000 0.040309 0.053177 0.610454 29.423458
 833.000000 0.037339 0.055420 0.602604 31.227127
 834.000000 0.037346 0.048517 0.611044 29.696468
 835.000000 0.039061 0.052930 0.602890 30.344862
 836.000000 0.034237 0.050356 0.610294 30.181714
 837.000000 0.036705 0.044971 0.597981 31.101368
 838.000000 0.048716 0.045879 0.604742 29.850310
 839.000000 0.047880 0.042427 0.604499 30.065406
 840.000000 0.038490 0.056825 0.608466 30.499217
 841.000000 0.026829 0.051037 0.607802 30.243432
 842.000000 0.027400 0.040539 0.611213 29.222880
 843.000000 0.034575 0.056773 0.606216 31.066020
 844.000000 0.039686 0.038869 0.608212 30.470781
 845.000000 0.036276 0.063367 0.597705 31.332870
 846.000000 0.040803 0.055584 0.598571 31.069795
 847.000000 0.046552 0.049373 0.603634 30.331691
 848.000000 0.038200 0.058541 0.597037 30.270935
 849.000000 0.039905 0.049851 0.599760 30.277517
 850.000000 0.038277 0.047348 0.603221 31.491738
 851.000000 0.044417 0.048931 0.601924 31.035080
 852.000000 0.027343 0.047736 0.601255 30.872490
 853.000000 0.042681 0.045000 0.603353 30.496747
 854.000000 0.035116 0.053783 0.599159 30.934987
 855.000000 0.017653 0.041545 0.608552 30.245267
 856.000000 0.037839 0.039242 0.606077 30.901358
 857.000000 0.034555 0.046932 0.605965 30.803289
 858.000000 0.040436 0.047012 0.599251 30.717985
 859.000000 0.033280 0.052128 0.596043 31.610873
 860.000000 0.035443 0.052956 0.599830 30.298608
 861.000000 0.053123 0.042804 0.600132 30.331576
 862.000000 0.035341 0.040890 0.595821 31.106214
 863.000000 0.052089 0.043679 0.597105 30.299212
 864.000000 0.049134 0.044297 0.599199 30.410434
 865.000000 0.039665 0.061868 0.607445 31.117366
 866.000000 0.034386 0.049356 0.601319 31.231931
 867.000000 0.039812 0.046805 0.605565 30.343124
 868.000000 0.033001 0.050732 0.599892 30.570075
 869.000000 0.050164 0.040542 0.603006 29.833088
 870.000000 0.034029 0.042443 0.596587 30.833174
 871.000000 0.042451 0.044318 0.610915 29.653916
 872.000000 0.039523 0.054950 0.606220 30.618099
 873.000000 0.043381 0.045095 0.604761 29.556790
 874.000000 0.053612 0.045675 0.608914 29.849687
 875.000000 0.046301 0.048953 0.612943 29.328425
 876.000000 0.043545 0.045017 0.607401 30.913337
 877.000000 0.035586 0.052539 0.604423 30.371691
 878.000000 0.048742 0.046708 0.603599 29.352400
 879.000000 0.038822 0.049646 0.609396 29.570606
 880.000000 0.044102 0.046876 0.598750 30.731483
 881.000000 0.042765 0.049704 0.600526 30.901636
 882.000000 0.037297 0.043315 0.603610 30.794562
 883.000000 0.032777 0.049111 0.600513 30.340657
 884.000000 0.040530 0.051763 0.600868 30.525893
 885.000000 0.035373 0.049878 0.600535 30.471258
 886.000000 0.022237 0.046721 0.607047 30.131270
 887.000000 0.029336 0.052489 0.603762 30.845413
 888.000000 0.036688 0.045273 0.600604 30.371713
 889.000000 0.034036 0.052514 0.605178 30.257130
 890.000000 0.034794 0.042974 0.604010 30.668239
 891.000000 0.045962 0.041822 0.606981 29.655826
 892.000000 0.031156 0.041612 0.597671 30.522631
 893.000000 0.039274 0.040662 0.603153 30.076933
 894.000000 0.052243 0.050051 0.602783 29.853474
 895.000000 0.034858 0.044028 0.604463 29.714686
 896.000000 0.047559 0.042214 0.609379 28.893432
 897.000000 0.036653 0.039779 0.609211 29.810735
 898.000000 0.032579 0.046153 0.596811 31.298634
 899.000000 0.033731 0.050355 0.601557 29.804518
 900.000000 0.032216 0.040525 0.608505 30.119411
 901.000000 0.045876 0.050242 0.607139 30.550013
 902.000000 0.037072 0.052627 0.603289 29.792996
 903.000000 0.038568 0.043735 0.596395 30.188403
 904.000000 0.050305 0.050429 0.603070 29.172438
 905.000000 0.041715 0.040817 0.599441 30.668715
 906.000000 0.049387 0.047242 0.604778 29.806166
 907.000000 0.051999 0.043114 0.602455 29.952187
 908.000000 0.049513 0.055034 0.604087 29.468038
 909.000000 0.038821 0.042778 0.605933 28.893153
 910.000000 0.035143 0.049953 0.601236 30.298293
 911.000000 0.039518 0.047772 0.604502 30.065168
 912.000000 0.037662 0.043027 0.606224 29.938979
 913.000000 0.050158 0.043371 0.603088 29.776944
 914.000000 0.034521 0.043922 0.607390 30.634212
 915.000000 0.044448 0.041379 0.608769 29.996653
 916.000000 0.037138 0.044897 0.601808 29.782198
 917.000000 0.037183 0.044590 0.601030 30.321356
 918.000000 0.051024 0.047646 0.599913 29.166922
 919.000000 0.035427 0.037599 0.597112 30.539944
 920.000000 0.046714 0.047345 0.593296 31.591231
 921.000000 0.033307 0.061046 0.606019 29.993258
 922.000000 0.041475 0.048842 0.608381 30.092412
 923.000000 0.034722 0.057385 0.596906 30.534676
 924.000000 0.030569 0.052353 0.602238 30.824435
 925.000000 0.039696 0.042367 0.602522 30.677970
 926.000000 0.027086 0.044038 0.602816 30.932318
 927.000000 0.034263 0.041877 0.601476 30.420091
 928.000000 0.037711 0.052447 0.600770 30.503801
 929.000000 0.045096 0.046246 0.597612 30.818843
 930.000000 0.048268 0.059498 0.602835 30.299039
 931.000000 0.034829 0.049260 0.600680 30.320500
 932.000000 0.017884 0.058036 0.607006 30.196410
 933.000000 0.037990 0.042115 0.602615 30.276241
 934.000000 0.032308 0.047764 0.600994 29.895231
 935.000000 0.034300 0.052067 0.604746 29.152151
 936.000000 0.036332 0.050681 0.601430 30.298982
 937.000000 0.042163 0.042708 0.601851 29.168404
 938.000000 0.031785 0.051833 0.603928 30.186447
 939.000000 0.034716 0.041348 0.596173 30.504675
 940.000000 0.040490 0.047122 0.606889 30.116441
 941.000000 0.043851 0.049212 0.608531 29.109727
 942.000000 0.041846 0.039105 0.597923 30.218098
 943.000000 0.035605 0.049534 0.602400 29.859986
 944.000000 0.037079 0.037378 0.597392 30.383316
 945.000000 0.041701 0.043837 0.605120 29.984937
 946.000000 0.049191 0.045313 0.602250 30.802455
 947.000000 0.045860 0.054998 0.593335 30.160583
 948.000000 0.035771 0.050688 0.598613 30.293983
 949.000000 0.038155 0.044803 0.592952 30.467416
 950.000000 0.037303 0.039926 0.596439 30.887942
 951.000000 0.039878 0.044915 0.598343 30.430837
 952.000000 0.039003 0.054765 0.614762 29.862588
 953.000000 0.033705 0.056521 0.611033 29.989583
 954.000000 0.032796 0.041980 0.608979 30.342634
 955.000000 0.036713 0.041169 0.598359 30.629774
 956.000000 0.034868 0.042822 0.606978 30.419381
 957.000000 0.044531 0.037426 0.600913 30.587794
 958.000000 0.040631 0.050309 0.604832 30.517383
 959.000000 0.032243 0.051193 0.597137 30.773023
 960.000000 0.048994 0.048323 0.607970 29.084826
 961.000000 0.035172 0.050243 0.601745 30.019897
 962.000000 0.036938 0.048395 0.598952 30.966853
 963.000000 0.037145 0.042709 0.606005 30.124073
 964.000000 0.035036 0.047410 0.607968 30.528403
 965.000000 0.032859 0.053578 0.610608 29.837980
 966.000000 0.042809 0.051800 0.611063 29.948833
 967.000000 0.048211 0.045901 0.617344 29.242378
 968.000000 0.036867 0.045240 0.607116 29.773938
 969.000000 0.025834 0.042159 0.606711 30.481467
 970.000000 0.025352 0.046412 0.602322 30.612591
 971.000000 0.038705 0.053153 0.612176 29.783334
 972.000000 0.041365 0.052589 0.601358 29.999622
 973.000000 0.040104 0.048519 0.605881 29.658213
 974.000000 0.047987 0.049689 0.606101 29.979911
 975.000000 0.035684 0.048420 0.614842 30.333235
 976.000000 0.051570 0.055397 0.604678 30.929684
 977.000000 0.040695 0.048045 0.606659 30.757749
 978.000000 0.040303 0.045508 0.597915 29.947966
 979.000000 0.045948 0.056110 0.602471 29.966066
 980.000000 0.034341 0.046425 0.607353 30.911914
 981.000000 0.031460 0.056410 0.611531 29.995235
 982.000000 0.036895 0.044745 0.605549 30.234139
 983.000000 0.034432 0.053173 0.602313 30.760754
 984.000000 0.036677 0.048119 0.604176 30.189937
 985.000000 0.034507 0.051561 0.599492 30.617979
 986.000000 0.031221 0.040558 0.601121 31.134266
 987.000000 0.035469 0.052111 0.611457 29.495986
 988.000000 0.039792 0.042751 0.602599 30.120232
 989.000000 0.037264 0.046317 0.601087 30.461817
 990.000000 0.044250 0.053106 0.597005 30.187281
 991.000000 0.031900 0.042309 0.612363 29.925725
 992.000000 0.031589 0.050518 0.606548 30.541345
 993.000000 0.038478 0.041141 0.608431 29.946690
 994.000000 0.039373 0.045726 0.602744 30.749132
 995.000000 0.033395 0.039324 0.610088 30.018987
 996.000000 0.045591 0.050071 0.613122 29.612420
 997.000000 0.032225 0.048545 0.602395 30.860799
 998.000000 0.029001 0.047200 0.601861 30.367515
 999.000000 0.039309 0.042573 0.603613 30.510968
 1000.000000 0.038769 0.052842 0.598476 31.101535
 1001.000000 0.035593 0.054674 0.603831 30.134747
 1002.000000 0.046233 0.044301 0.609932 29.847614
 1003.000000 0.042207 0.049413 0.605298 31.142131
 1004.000000 0.034229 0.045158 0.609410 30.161641
 1005.000000 0.024642 0.043880 0.608030 30.107038
 1006.000000 0.034230 0.040056 0.600865 30.311314
 1007.000000 0.048482 0.038305 0.608614 30.125482
 1008.000000 0.032598 0.046645 0.611894 30.558873
 1009.000000 0.048298 0.045192 0.601686 30.462275
 1010.000000 0.043823 0.055983 0.600697 31.055853
 1011.000000 0.033686 0.057081 0.604288 30.649695
 1012.000000 0.040033 0.054713 0.602767 30.390943
 1013.000000 0.037808 0.049116 0.605620 30.214125
 1014.000000 0.033764 0.034302 0.596969 30.986374
 1015.000000 0.031833 0.044222 0.596922 31.335844
 1016.000000 0.036400 0.043256 0.608035 29.971635
 1017.000000 0.028935 0.034317 0.601314 30.081778
 1018.000000 0.040861 0.036201 0.597165 31.014374
 1019.000000 0.029954 0.046237 0.606992 30.887781
 1020.000000 0.041329 0.047004 0.598843 31.022052
 1021.000000 0.038004 0.039880 0.604485 30.742359
 1022.000000 0.040459 0.058949 0.607690 29.817199
 1023.000000 0.041050 0.047852 0.594579 32.002199
 1024.000000 0.038610 0.042285 0.593427 31.201392
 1025.000000 0.038237 0.033419 0.595220 30.535498
 1026.000000 0.043764 0.043642 0.593555 30.962490
 1027.000000 0.044320 0.037997 0.594905 30.734204
 1028.000000 0.044669 0.042126 0.599168 31.376914
 1029.000000 0.039751 0.043373 0.602159 30.689012
 1030.000000 0.041495 0.040588 0.597592 30.852202
 1031.000000 0.043085 0.032498 0.593774 31.120641
 1032.000000 0.041352 0.044422 0.599439 30.833209
 1033.000000 0.042700 0.050260 0.597205 31.833794
 1034.000000 0.051889 0.043825 0.606286 30.415505
 1035.000000 0.033732 0.038913 0.601750 30.297575
 1036.000000 0.045916 0.044510 0.608138 29.723270
 1037.000000 0.049714 0.044762 0.602915 31.422269
 1038.000000 0.046695 0.042366 0.599624 30.253407
 1039.000000 0.050593 0.044523 0.602548 30.429495
 1040.000000 0.050956 0.038725 0.598740 29.837845
 1041.000000 0.043119 0.051129 0.603415 30.190382
 1042.000000 0.037301 0.049252 0.600182 31.139893
 1043.000000 0.037469 0.052397 0.611527 30.116053
 1044.000000 0.048544 0.041030 0.610207 30.096475
 1045.000000 0.041075 0.030969 0.606004 30.699347
 1046.000000 0.032556 0.040369 0.609588 30.029093
 1047.000000 0.038818 0.037967 0.609649 30.280622
 1048.000000 0.041266 0.044116 0.610858 29.864616
 1049.000000 0.039686 0.035374 0.602753 30.841795
 1050.000000 0.028016 0.050567 0.606585 31.194447
 1051.000000 0.039136 0.041399 0.600169 30.754030
 1052.000000 0.056639 0.035879 0.598426 30.517338
 1053.000000 0.036575 0.040843 0.614566 29.979556
 1054.000000 0.059991 0.039833 0.608274 30.593399
 1055.000000 0.059029 0.042992 0.607535 30.532222
 1056.000000 0.039579 0.041864 0.618125 30.711876
 1057.000000 0.046552 0.042077 0.613465 30.451151
 1058.000000 0.047639 0.040420 0.612463 30.666229
 1059.000000 0.040367 0.045644 0.613427 30.332139
 1060.000000 0.028514 0.053897 0.609289 31.107730
 1061.000000 0.044800 0.047121 0.609895 29.978149
 1062.000000 0.042117 0.046487 0.604999 31.327711
 1063.000000 0.033991 0.047105 0.604661 31.463372
 1064.000000 0.041229 0.057466 0.609098 31.144814
 1065.000000 0.042083 0.043913 0.616084 30.217134
 1066.000000 0.042072 0.047697 0.606135 31.561851
 1067.000000 0.041110 0.039722 0.605349 30.415025
 1068.000000 0.039688 0.036862 0.609210 30.920065
 1069.000000 0.046880 0.042267 0.611952 31.057391
 1070.000000 0.042428 0.047268 0.607370 31.318567
 1071.000000 0.043596 0.048499 0.612453 30.296471
 1072.000000 0.032327 0.043104 0.612062 30.699660
 1073.000000 0.042239 0.051007 0.607444 30.350614
 1074.000000 0.037496 0.045667 0.611340 30.255754
 1075.000000 0.040930 0.046263 0.609854 30.847686
 1076.000000 0.036535 0.047699 0.614696 29.543168
 1077.000000 0.031192 0.042962 0.605020 31.182221
 1078.000000 0.044054 0.042090 0.610871 31.419706
 1079.000000 0.043406 0.042596 0.612633 30.640799
 1080.000000 0.035579 0.038909 0.604881 30.125938
 1081.000000 0.045338 0.044886 0.605956 30.340189
 1082.000000 0.041291 0.039491 0.602610 30.040444
 1083.000000 0.057007 0.044718 0.600699 31.526444
 1084.000000 0.034537 0.049364 0.609493 30.528273
 1085.000000 0.041742 0.042942 0.611888 31.526583
 1086.000000 0.028554 0.028498 0.610319 30.030545
 1087.000000 0.040426 0.040718 0.608472 30.326559
 1088.000000 0.039599 0.033843 0.605653 30.900735
 1089.000000 0.045423 0.039525 0.600974 30.892014
 1090.000000 0.030872 0.042632 0.606010 31.732904
 1091.000000 0.043170 0.041599 0.607701 30.803841
 1092.000000 0.035102 0.044361 0.600206 31.902097
 1093.000000 0.046775 0.040304 0.604588 31.484069
 1094.000000 0.045271 0.036099 0.607072 31.949827
 1095.000000 0.042401 0.038019 0.594308 31.377109
 1096.000000 0.035000 0.041318 0.596350 31.524114
 1097.000000 0.033972 0.038352 0.593943 31.250930
 1098.000000 0.046773 0.048020 0.600790 31.997971
 1099.000000 0.038185 0.047231 0.600439 31.417053
 1100.000000 0.032570 0.039697 0.611950 30.164546
 1101.000000 0.038004 0.042925 0.607655 31.167317
 1102.000000 0.042867 0.040195 0.606767 30.044545
 1103.000000 0.033865 0.043791 0.608381 31.353994
 1104.000000 0.040280 0.042389 0.608028 31.290635
 1105.000000 0.045140 0.047621 0.600595 31.701211
 1106.000000 0.035376 0.038231 0.600956 30.662312
 1107.000000 0.045087 0.040555 0.596743 31.635166
 1108.000000 0.036712 0.050078 0.608979 30.502777
 1109.000000 0.040415 0.045564 0.613795 30.486782
 1110.000000 0.044016 0.040326 0.611033 29.966703
 1111.000000 0.048460 0.033580 0.603951 30.176962
 1112.000000 0.045977 0.041847 0.607097 30.301491
 1113.000000 0.047135 0.050301 0.617669 29.923857
 1114.000000 0.034119 0.038456 0.608375 30.891180
 1115.000000 0.044202 0.043169 0.614748 30.407299
 1116.000000 0.044485 0.049434 0.604161 30.124920
 1117.000000 0.051109 0.046921 0.603123 30.529961
 1118.000000 0.041550 0.037860 0.604635 30.249532
 1119.000000 0.048994 0.052231 0.597658 30.968209
 1120.000000 0.037806 0.036006 0.607428 30.918562
 1121.000000 0.046242 0.040524 0.603327 30.438918
 1122.000000 0.034660 0.034972 0.605020 30.183384
 1123.000000 0.035151 0.044323 0.607659 30.164034
 1124.000000 0.046413 0.044727 0.610901 29.947961
 1125.000000 0.035007 0.044840 0.607933 30.458581
 1126.000000 0.046244 0.034371 0.603602 30.988929
 1127.000000 0.047635 0.047928 0.616638 29.820937
 1128.000000 0.045296 0.043522 0.616137 29.222186
 1129.000000 0.041018 0.051637 0.602634 30.680597
 1130.000000 0.047415 0.037281 0.608063 29.887259
 1131.000000 0.072682 0.045013 0.604700 30.493913
 1132.000000 0.031804 0.054048 0.615699 30.791158
 1133.000000 0.042036 0.041865 0.604809 30.135178
 1134.000000 0.042077 0.046410 0.599339 31.681098
 1135.000000 0.045591 0.042868 0.604220 30.421747
 1136.000000 0.036512 0.052756 0.604704 31.276446
 1137.000000 0.048559 0.051095 0.610813 31.481680
 1138.000000 0.039731 0.052576 0.609174 30.841062
 1139.000000 0.042051 0.039983 0.605717 30.256315
 1140.000000 0.038628 0.046016 0.606303 30.540885
 1141.000000 0.051328 0.047571 0.604394 30.217074
 1142.000000 0.035085 0.043207 0.604593 31.298891
 1143.000000 0.047013 0.036953 0.610477 30.734832
 1144.000000 0.037571 0.032616 0.606523 30.294739
 1145.000000 0.037071 0.039941 0.607865 30.518458
 1146.000000 0.038602 0.053516 0.615150 30.364564
 1147.000000 0.033727 0.046291 0.596340 31.316390
 1148.000000 0.044202 0.037774 0.605642 30.872186
 1149.000000 0.029869 0.041637 0.596958 31.804282
 1150.000000 0.036260 0.040209 0.594163 31.382142
 1151.000000 0.038551 0.050634 0.595995 31.185452
 1152.000000 0.034182 0.038510 0.605653 30.828926
 1153.000000 0.035365 0.048151 0.607370 30.247532
 1154.000000 0.034964 0.041232 0.604613 31.520125
 1155.000000 0.031067 0.032962 0.601056 31.145196
 1156.000000 0.049968 0.040125 0.609578 29.653687
 1157.000000 0.043621 0.046936 0.604649 30.896007
 1158.000000 0.034694 0.044902 0.604610 31.532653
 1159.000000 0.043437 0.052843 0.612480 29.946486
 1160.000000 0.040592 0.045779 0.610266 29.966019
 1161.000000 0.030451 0.053429 0.603469 30.894448
 1162.000000 0.036975 0.047105 0.607275 30.053079
 1163.000000 0.052642 0.043642 0.602187 30.391161
 1164.000000 0.048590 0.041201 0.599171 30.438040
 1165.000000 0.038782 0.041780 0.611448 29.626256
 1166.000000 0.038769 0.043663 0.597463 30.324211
 1167.000000 0.035551 0.042034 0.609538 31.117706
 1168.000000 0.036916 0.032388 0.604899 30.681597
 1169.000000 0.044873 0.048654 0.606495 30.032321
 1170.000000 0.050041 0.040265 0.610451 29.280289
 1171.000000 0.041828 0.040059 0.605064 29.979615
 1172.000000 0.042193 0.045929 0.607876 30.643821
 1173.000000 0.049296 0.037555 0.600777 30.589255
 1174.000000 0.037806 0.047274 0.608583 31.243048
 1175.000000 0.032418 0.042359 0.600556 31.805454
 1176.000000 0.034673 0.038927 0.605082 30.680666
 1177.000000 0.037128 0.034664 0.603854 30.395434
 1178.000000 0.040441 0.064496 0.606022 29.459524
 1179.000000 0.042947 0.037822 0.607366 29.543938
 1180.000000 0.034052 0.034491 0.603374 30.583233
 1181.000000 0.033317 0.043642 0.609859 30.265370
 1182.000000 0.038024 0.030877 0.599824 31.024976
 1183.000000 0.037894 0.040271 0.602204 30.284531
 1184.000000 0.039146 0.043818 0.604477 30.160841
 1185.000000 0.029007 0.051295 0.602373 31.264303
 1186.000000 0.043542 0.039460 0.598707 31.832462
 1187.000000 0.051501 0.040446 0.616054 30.407036
 1188.000000 0.030011 0.040895 0.615396 30.126075
 1189.000000 0.038207 0.044860 0.617370 29.778442
 1190.000000 0.035578 0.044175 0.607503 30.734096
 1191.000000 0.040597 0.046633 0.608266 30.914568
 1192.000000 0.048166 0.038031 0.605700 30.735805
 1193.000000 0.037666 0.044725 0.607357 30.692641
 1194.000000 0.036667 0.046044 0.602294 30.629302
 1195.000000 0.048974 0.042822 0.607806 30.800476
 1196.000000 0.042212 0.041503 0.611777 29.950671
 1197.000000 0.028112 0.043478 0.605633 30.904650
 1198.000000 0.031600 0.051127 0.608090 30.808268
 1199.000000 0.045081 0.046028 0.603976 30.198668
 1200.000000 0.062836 0.046367 0.598060 30.968278
 1201.000000 0.030403 0.051459 0.604101 30.105008
 1202.000000 0.033901 0.042192 0.601191 31.205396
 1203.000000 0.030613 0.041215 0.601307 30.401760
 1204.000000 0.045996 0.043180 0.601266 31.290684
 1205.000000 0.038052 0.049907 0.596467 32.147283
 1206.000000 0.046276 0.041270 0.596254 30.573413
 1207.000000 0.044157 0.046115 0.601063 30.781731
 1208.000000 0.047209 0.045747 0.603954 29.652955
 1209.000000 0.027364 0.047155 0.603872 30.498714
 1210.000000 0.044191 0.042293 0.604999 29.790854
 1211.000000 0.044394 0.048295 0.613314 29.591054
 1212.000000 0.039419 0.047457 0.607780 29.708241
 1213.000000 0.037152 0.047685 0.606897 29.592598
 1214.000000 0.040090 0.052352 0.607003 29.192926
 1215.000000 0.035668 0.058078 0.602927 30.064761
 1216.000000 0.043400 0.049096 0.602818 30.367869
 1217.000000 0.039443 0.058926 0.604459 30.041250
 1218.000000 0.036033 0.046557 0.598830 30.468045
 1219.000000 0.041622 0.049669 0.606129 29.240069
 1220.000000 0.034990 0.046995 0.606498 29.246083
 1221.000000 0.043554 0.052459 0.604510 30.200818
 1222.000000 0.034217 0.054524 0.610363 30.172031
 1223.000000 0.040657 0.036201 0.607989 29.081952
 1224.000000 0.046318 0.049398 0.608683 29.804908
 1225.000000 0.032202 0.047292 0.604108 29.912959
 1226.000000 0.040630 0.047072 0.603097 29.756972
 1227.000000 0.030180 0.045049 0.604901 30.145841
 1228.000000 0.048397 0.040320 0.603750 30.287381
 1229.000000 0.043098 0.042304 0.602092 29.571682
 1230.000000 0.045361 0.052177 0.601875 30.665337
 1231.000000 0.040918 0.046487 0.603573 29.151144
 1232.000000 0.045560 0.049568 0.604007 30.605051
 1233.000000 0.037077 0.049962 0.602350 30.416744
 1234.000000 0.028910 0.050464 0.606852 29.915226
 1235.000000 0.035144 0.061724 0.604525 30.273901
 1236.000000 0.039440 0.062565 0.600537 30.488990
 1237.000000 0.029778 0.052939 0.604590 30.887979
 1238.000000 0.043016 0.056180 0.602800 31.068063
 1239.000000 0.030830 0.043770 0.599895 30.319293
 1240.000000 0.041515 0.038028 0.603783 30.342382
 1241.000000 0.043636 0.051154 0.600130 30.069119
 1242.000000 0.039667 0.045064 0.608819 30.487406
 1243.000000 0.039758 0.040966 0.599867 30.284554
 1244.000000 0.041738 0.047297 0.599791 30.116588
 1245.000000 0.051399 0.045026 0.597650 30.405321
 1246.000000 0.037646 0.045939 0.601834 29.735401
 1247.000000 0.049212 0.039596 0.597095 30.144214
 1248.000000 0.034911 0.043182 0.596041 31.172058
 1249.000000 0.047442 0.047089 0.598131 30.757932
 1250.000000 0.041251 0.040669 0.598264 30.539902
 1251.000000 0.050246 0.048547 0.599083 31.249409
 1252.000000 0.037193 0.059659 0.600056 30.444365
 1253.000000 0.048092 0.066681 0.604666 30.405483
 1254.000000 0.047304 0.051266 0.592539 31.591775
 1255.000000 0.037084 0.045231 0.599857 29.414536
 1256.000000 0.034742 0.047219 0.607956 30.175304
 1257.000000 0.034967 0.043405 0.609785 30.697483
 1258.000000 0.043069 0.049008 0.601187 30.207939
 1259.000000 0.033274 0.046434 0.605117 30.062024
 1260.000000 0.037414 0.040909 0.603192 30.659817
 1261.000000 0.036036 0.038937 0.598968 30.345289
 1262.000000 0.044530 0.056917 0.602408 30.528784
 1263.000000 0.043036 0.044715 0.607017 29.389128
 1264.000000 0.054787 0.040367 0.603215 30.104803
 1265.000000 0.041217 0.046972 0.603480 31.229696
 1266.000000 0.045511 0.046912 0.594107 31.438362
 1267.000000 0.034434 0.053642 0.604527 31.060537
 1268.000000 0.026117 0.053959 0.597268 30.857720
 1269.000000 0.050555 0.040125 0.599178 29.869036
 1270.000000 0.039856 0.054360 0.605458 31.002976
 1271.000000 0.044648 0.050290 0.593594 31.298410
 1272.000000 0.053029 0.044097 0.600338 30.779667
 1273.000000 0.035326 0.038993 0.595151 31.288178
 1274.000000 0.035635 0.037395 0.594376 31.186843
 1275.000000 0.036634 0.035200 0.597924 30.866704
 1276.000000 0.037998 0.041794 0.604288 31.147851
 1277.000000 0.047254 0.049703 0.595888 30.584605
 1278.000000 0.037303 0.050085 0.600834 31.354764
 1279.000000 0.039109 0.042926 0.598450 31.062224
 1280.000000 0.043394 0.037377 0.604765 30.386015
 1281.000000 0.045737 0.039437 0.603130 30.596317
 1282.000000 0.045312 0.036342 0.601373 30.682390
 1283.000000 0.030371 0.051021 0.610064 30.257176
 1284.000000 0.034547 0.051886 0.601851 31.175986
 1285.000000 0.047472 0.040154 0.602345 31.158003
 1286.000000 0.030859 0.045097 0.603590 31.163811
 1287.000000 0.041954 0.036154 0.594766 31.530007
 1288.000000 0.035148 0.037866 0.597790 30.712815
 1289.000000 0.038067 0.045898 0.601497 31.271835
 1290.000000 0.041885 0.029590 0.594299 30.497236
 1291.000000 0.043281 0.039241 0.601124 31.161499
 1292.000000 0.036357 0.041461 0.607204 30.538409
 1293.000000 0.043127 0.043501 0.599473 31.093270
 1294.000000 0.042904 0.046424 0.603616 31.014248
 1295.000000 0.032663 0.040622 0.597917 31.154629
 1296.000000 0.029239 0.035307 0.596168 31.398305
 1297.000000 0.044381 0.032993 0.605149 30.250131
 1298.000000 0.048758 0.035445 0.595170 31.147145
 1299.000000 0.031925 0.047555 0.597465 31.403234
 1300.000000 0.044537 0.045097 0.603607 30.314887
 1301.000000 0.042377 0.040648 0.599228 30.975161
 1302.000000 0.042038 0.044419 0.599259 30.115108
 1303.000000 0.049782 0.041416 0.601254 30.517328
 1304.000000 0.040726 0.034104 0.592828 30.856311
 1305.000000 0.044169 0.041766 0.596220 31.247952
 1306.000000 0.036171 0.043162 0.606087 30.151744
 1307.000000 0.039486 0.035186 0.599915 30.764397
 1308.000000 0.042876 0.040326 0.599207 31.155720
 1309.000000 0.053757 0.033150 0.599053 30.312889
 1310.000000 0.031841 0.043376 0.605208 30.644045
 1311.000000 0.044506 0.048806 0.610914 29.544628
 1312.000000 0.048771 0.039694 0.597785 30.940977
 1313.000000 0.035436 0.033385 0.600567 31.147294
 1314.000000 0.032430 0.049383 0.600217 29.851031
 1315.000000 0.038680 0.049591 0.596163 30.315621
 1316.000000 0.042991 0.048390 0.598889 30.399911
 1317.000000 0.034133 0.046110 0.603663 30.667112
 1318.000000 0.047637 0.056181 0.597388 30.233831
 1319.000000 0.053133 0.046317 0.597884 30.452181
 1320.000000 0.055343 0.041538 0.601392 31.252778
 1321.000000 0.031313 0.046494 0.605214 30.388775
 1322.000000 0.041530 0.043326 0.601563 30.647861
 1323.000000 0.035629 0.045904 0.596829 30.681961
 1324.000000 0.033791 0.040140 0.597925 29.920333
 1325.000000 0.042900 0.029084 0.590991 30.779325
 1326.000000 0.027863 0.037070 0.590033 31.794560
 1327.000000 0.036320 0.040525 0.599103 30.916245
 1328.000000 0.034183 0.039145 0.597623 30.576042
 1329.000000 0.038087 0.050598 0.597512 31.202005
 1330.000000 0.039315 0.041141 0.596830 29.533728
 1331.000000 0.044817 0.044332 0.595522 30.650961
 1332.000000 0.033865 0.035945 0.602144 30.364996
 1333.000000 0.043720 0.045223 0.597593 30.419783
 1334.000000 0.042446 0.042753 0.599728 30.725122
 1335.000000 0.046762 0.040144 0.591550 30.290729
 1336.000000 0.038869 0.038162 0.597005 31.111170
 1337.000000 0.039796 0.041561 0.598123 30.419656
 1338.000000 0.051339 0.050853 0.596903 30.057553
 1339.000000 0.035803 0.036283 0.594762 31.765729
 1340.000000 0.047497 0.033538 0.597825 31.072156
 1341.000000 0.039504 0.040981 0.597804 29.674591
 1342.000000 0.046669 0.051656 0.593356 30.376800
 1343.000000 0.031251 0.042162 0.603637 30.442288
 1344.000000 0.040156 0.046856 0.601840 30.367653
 1345.000000 0.042758 0.040833 0.602273 30.989745
 1346.000000 0.047018 0.035725 0.596456 30.354941
 1347.000000 0.034802 0.046461 0.600597 30.558297
 1348.000000 0.052726 0.040159 0.597056 30.349824
 1349.000000 0.041147 0.031790 0.597540 30.108292
 1350.000000 0.037219 0.033600 0.593520 30.912670
 1351.000000 0.053061 0.033872 0.596588 30.583106
 1352.000000 0.038125 0.053784 0.603184 30.823570
 1353.000000 0.042407 0.043459 0.597861 31.075239
 1354.000000 0.035636 0.038258 0.587826 30.722580
 1355.000000 0.043154 0.036608 0.599603 30.209068
 1356.000000 0.040848 0.041173 0.600631 30.957624
 1357.000000 0.039903 0.047768 0.598720 31.143777
 1358.000000 0.031934 0.047683 0.597705 30.440082
 1359.000000 0.042755 0.041605 0.589417 31.421696
 1360.000000 0.035064 0.034766 0.596106 30.946990
 1361.000000 0.037111 0.036915 0.586342 31.097710
 1362.000000 0.043608 0.036148 0.595410 29.347880
 1363.000000 0.041256 0.034432 0.594468 30.387094
 1364.000000 0.050287 0.038562 0.590002 30.829953
 1365.000000 0.040615 0.046393 0.591968 31.213369
 1366.000000 0.037524 0.040046 0.597458 30.594411
 1367.000000 0.040610 0.030488 0.588941 31.336203
 1368.000000 0.050668 0.039287 0.598419 30.140233
 1369.000000 0.041418 0.046019 0.596743 31.123612
 1370.000000 0.034973 0.034679 0.602853 30.212613
 1371.000000 0.040964 0.050910 0.598027 30.397850
 1372.000000 0.037886 0.050458 0.590388 31.269984
 1373.000000 0.045018 0.039035 0.594446 30.959512
 1374.000000 0.035088 0.043095 0.595356 31.014062
 1375.000000 0.025457 0.034419 0.602747 29.819113
 1376.000000 0.040258 0.037185 0.602171 30.207842
 1377.000000 0.035048 0.047514 0.589090 31.351937
 1378.000000 0.043145 0.037080 0.589599 31.245578
 1379.000000 0.041979 0.037840 0.591490 30.560280
 1380.000000 0.037123 0.041026 0.599306 31.349035
 1381.000000 0.045608 0.047108 0.593808 30.678668
 1382.000000 0.036898 0.037777 0.598214 30.335257
 1383.000000 0.038676 0.041336 0.597086 31.415610
 1384.000000 0.041650 0.043460 0.588677 30.946660
 1385.000000 0.039444 0.056733 0.595238 30.723741
 1386.000000 0.044449 0.044404 0.594778 30.567376
 1387.000000 0.035945 0.028572 0.596351 30.463730
 1388.000000 0.032800 0.046526 0.596822 30.778492
 1389.000000 0.032514 0.036532 0.596188 30.589722
 1390.000000 0.037815 0.042351 0.592000 30.929423
 1391.000000 0.050534 0.043005 0.596065 30.825151
 1392.000000 0.047289 0.029999 0.599463 30.040443
 1393.000000 0.029133 0.040658 0.594717 30.525047
 1394.000000 0.031982 0.027616 0.594605 30.823089
 1395.000000 0.036291 0.048582 0.603206 30.375125
 1396.000000 0.052406 0.050123 0.595276 30.985242
 1397.000000 0.040178 0.043283 0.598879 30.802860
 1398.000000 0.035714 0.052482 0.600304 31.067943
 1399.000000 0.052156 0.030105 0.593029 30.642430
 1400.000000 0.030531 0.040250 0.603182 31.427708
 1401.000000 0.037693 0.044949 0.600798 31.000209
 1402.000000 0.039423 0.054016 0.597471 30.969606
 1403.000000 0.040081 0.033504 0.594133 30.731256
 1404.000000 0.032624 0.056588 0.594016 29.930219
 1405.000000 0.039193 0.034203 0.589729 30.348042
 1406.000000 0.030425 0.056642 0.593296 30.995391
 1407.000000 0.038476 0.045336 0.592503 30.658204
 1408.000000 0.038341 0.045729 0.588695 31.294971
 1409.000000 0.040673 0.037255 0.605077 30.310135
 1410.000000 0.022852 0.039215 0.589217 32.093672
 1411.000000 0.045063 0.043067 0.594635 31.561826
 1412.000000 0.034663 0.043718 0.598964 31.311242
 1413.000000 0.040873 0.052386 0.607067 30.147173
 1414.000000 0.026077 0.038423 0.593881 31.462047
 1415.000000 0.038435 0.041857 0.592709 31.321493
 1416.000000 0.037891 0.048232 0.596625 30.492075
 1417.000000 0.032756 0.048845 0.594674 31.032178
 1418.000000 0.041204 0.049564 0.594172 29.992228
 1419.000000 0.041543 0.035697 0.596864 30.107327
 1420.000000 0.046177 0.044527 0.594449 29.736517
 1421.000000 0.040536 0.046131 0.598923 30.559247
 1422.000000 0.040126 0.041718 0.595008 31.123280
 1423.000000 0.031940 0.034955 0.593055 30.725424
 1424.000000 0.040395 0.038697 0.593291 31.194131
 1425.000000 0.030877 0.034408 0.597273 31.043672
 1426.000000 0.047639 0.035881 0.595586 30.815709
 1427.000000 0.036734 0.043412 0.593569 30.727363
 1428.000000 0.038567 0.034659 0.594764 31.025350
 1429.000000 0.033472 0.039000 0.594397 30.459910
 1430.000000 0.048346 0.044807 0.591150 30.849289
 1431.000000 0.039140 0.038802 0.590899 31.080054
 1432.000000 0.040648 0.031385 0.594878 29.784001
 1433.000000 0.030204 0.032214 0.597293 30.503299
 1434.000000 0.025769 0.044447 0.592722 31.414976
 1435.000000 0.040484 0.042558 0.593343 31.330534
 1436.000000 0.048568 0.034805 0.601300 30.454548
 1437.000000 0.036843 0.041719 0.600898 31.883062
 1438.000000 0.045926 0.044327 0.610097 29.629827
 1439.000000 0.044356 0.050740 0.601261 30.744147
 1440.000000 0.041186 0.034256 0.606123 30.438627
 1441.000000 0.030609 0.031827 0.598958 30.736042
 1442.000000 0.031221 0.046294 0.600679 30.740542
 1443.000000 0.042340 0.038971 0.599455 30.723552
 1444.000000 0.035766 0.044155 0.599067 31.504737
 1445.000000 0.032709 0.047213 0.605623 31.067870
 1446.000000 0.040114 0.046657 0.596761 30.719499
 1447.000000 0.044982 0.030448 0.594847 31.311236
 1448.000000 0.045433 0.036862 0.593281 31.142921
 1449.000000 0.037275 0.043104 0.598127 30.781064
 1450.000000 0.034630 0.046055 0.591480 31.571361
 1451.000000 0.039545 0.040964 0.598857 30.696321
 1452.000000 0.038657 0.041692 0.600196 32.031002
 1453.000000 0.024762 0.052850 0.597316 31.424069
 1454.000000 0.047643 0.040105 0.599108 30.706547
 1455.000000 0.052745 0.053199 0.596589 30.899895
 1456.000000 0.041119 0.054139 0.602118 30.812849
 1457.000000 0.042777 0.033332 0.602064 30.845175
 1458.000000 0.031386 0.043416 0.599153 30.272094
 1459.000000 0.056781 0.041049 0.588997 30.809953
 1460.000000 0.041497 0.048533 0.597768 30.403208
 1461.000000 0.050444 0.035280 0.597102 30.383055
 1462.000000 0.037171 0.042072 0.591976 30.937831
 1463.000000 0.029801 0.039861 0.590932 30.614784
 1464.000000 0.042983 0.049654 0.593768 30.815479
 1465.000000 0.044480 0.038328 0.595677 31.034267
 1466.000000 0.039548 0.038609 0.593543 30.896354
 1467.000000 0.055509 0.051334 0.588845 30.407927
 1468.000000 0.048068 0.036188 0.587281 31.865554
 1469.000000 0.031623 0.040521 0.592155 31.093084
 1470.000000 0.041021 0.051022 0.598406 30.946448
 1471.000000 0.039610 0.042963 0.597735 30.755508
 1472.000000 0.043523 0.039314 0.595333 30.790637
 1473.000000 0.039083 0.045661 0.598000 30.815864
 1474.000000 0.042584 0.043749 0.593770 31.005688
 1475.000000 0.039518 0.041541 0.592914 31.241893
 1476.000000 0.030904 0.041066 0.597288 30.369420
 1477.000000 0.046699 0.047239 0.593154 30.229420
 1478.000000 0.043023 0.050920 0.594596 30.603180
 1479.000000 0.036667 0.052724 0.597598 30.804599
 1480.000000 0.034484 0.044199 0.592750 30.653590
 1481.000000 0.030410 0.047420 0.596873 30.930049
 1482.000000 0.046583 0.037850 0.595805 30.479762
 1483.000000 0.037717 0.044273 0.593971 30.927406
 1484.000000 0.038247 0.042605 0.593912 30.609907
 1485.000000 0.051282 0.045762 0.593673 31.117712
 1486.000000 0.038407 0.043912 0.592847 30.662873
 1487.000000 0.036508 0.042168 0.592084 30.867636
 1488.000000 0.033101 0.040571 0.594809 31.155158
 1489.000000 0.038242 0.037723 0.599407 30.487191
 1490.000000 0.051044 0.046166 0.600790 30.687931
 1491.000000 0.046537 0.040119 0.601122 29.894656
 1492.000000 0.039704 0.049406 0.594987 30.083958
 1493.000000 0.048211 0.034012 0.591364 30.022976
 1494.000000 0.048173 0.035444 0.594576 30.350233
 1495.000000 0.040847 0.054121 0.596499 30.198635
 1496.000000 0.044888 0.041171 0.595615 30.006958
 1497.000000 0.043701 0.050327 0.589234 30.911516
 1498.000000 0.031722 0.043190 0.588559 30.906664
 1499.000000 0.036128 0.053782 0.602189 30.788297
 1500.000000 0.032668 0.058376 0.599715 31.406453
 1501.000000 0.037584 0.043362 0.597321 30.419620
 1502.000000 0.035520 0.042365 0.594839 30.695347
 1503.000000 0.045126 0.034682 0.590163 30.969113
 1504.000000 0.048264 0.042486 0.602967 30.370114
 1505.000000 0.043930 0.040214 0.591983 31.236472
 1506.000000 0.042356 0.038383 0.593443 30.034157
 1507.000000 0.042546 0.046198 0.589280 30.274427
 1508.000000 0.038658 0.032354 0.592940 30.669802
 1509.000000 0.041951 0.050441 0.592907 30.888365
 1510.000000 0.034598 0.039058 0.591435 30.859855
 1511.000000 0.042923 0.056765 0.597635 30.028975
 1512.000000 0.031746 0.035358 0.602999 29.551486
 1513.000000 0.035697 0.044991 0.604517 30.631606
 1514.000000 0.051200 0.041257 0.594611 30.830104
 1515.000000 0.029893 0.039200 0.595261 30.732372
 1516.000000 0.034026 0.046638 0.601117 30.414949
 1517.000000 0.032772 0.034595 0.591928 31.209912
 1518.000000 0.058493 0.036531 0.595421 30.724296
 1519.000000 0.041693 0.039354 0.596327 31.090157
 1520.000000 0.044492 0.039201 0.599302 30.221734
 1521.000000 0.035679 0.041835 0.598185 31.186568
 1522.000000 0.027077 0.039844 0.593615 30.506879
 1523.000000 0.046353 0.042726 0.601356 30.754665
 1524.000000 0.032739 0.040595 0.596862 31.296410
 1525.000000 0.035578 0.043790 0.602987 30.845624
 1526.000000 0.042641 0.041462 0.601148 31.033241
 1527.000000 0.026980 0.047427 0.597839 30.992895
 1528.000000 0.031049 0.040973 0.609432 30.402584
 1529.000000 0.033937 0.051546 0.604387 30.194860
 1530.000000 0.047687 0.039696 0.595808 30.769685
 1531.000000 0.031495 0.046961 0.608387 29.607829
 1532.000000 0.039191 0.047905 0.600135 30.442224
 1533.000000 0.037057 0.044809 0.600442 31.186040
 1534.000000 0.040585 0.034308 0.600480 30.911327
 1535.000000 0.040516 0.052953 0.592473 30.900486
 1536.000000 0.034958 0.047234 0.598411 30.875604
 1537.000000 0.047845 0.036306 0.595881 31.119432
 1538.000000 0.037661 0.045107 0.600869 30.638969
 1539.000000 0.038301 0.051083 0.602803 31.938039
 1540.000000 0.040011 0.042902 0.604473 31.064533
 1541.000000 0.038819 0.038215 0.602309 30.526505
 1542.000000 0.060033 0.043150 0.601224 31.244550
 1543.000000 0.052550 0.044803 0.600856 30.157647
 1544.000000 0.026937 0.042528 0.599310 31.137559
 1545.000000 0.040127 0.048291 0.595657 31.199657
 1546.000000 0.031581 0.030796 0.593866 31.552105
 1547.000000 0.037309 0.032549 0.601837 29.673170
 1548.000000 0.032036 0.043425 0.592922 31.277643
 1549.000000 0.041505 0.033375 0.598883 30.765919
 1550.000000 0.031310 0.039547 0.614011 30.156579
 1551.000000 0.046640 0.036114 0.594586 31.012583
 1552.000000 0.036461 0.046196 0.608608 29.561383
 1553.000000 0.040825 0.035909 0.605360 30.195412
 1554.000000 0.039018 0.040145 0.599217 31.713441
 1555.000000 0.047079 0.044221 0.596385 30.860798
 1556.000000 0.041346 0.041600 0.597915 30.227565
 1557.000000 0.040854 0.034641 0.591806 31.002570
 1558.000000 0.049620 0.038614 0.595817 31.530104
 1559.000000 0.038030 0.044868 0.595160 30.747334
 1560.000000 0.039400 0.033087 0.595578 30.746860
 1561.000000 0.028220 0.036957 0.590576 31.837556
 1562.000000 0.035777 0.037741 0.599568 30.486089
 1563.000000 0.029997 0.047547 0.602925 30.414171
 1564.000000 0.043562 0.045119 0.600049 30.063653
 1565.000000 0.051972 0.038830 0.597756 29.867655
 1566.000000 0.053866 0.051546 0.599345 29.169675
 1567.000000 0.032945 0.048728 0.601100 29.542181
 1568.000000 0.042860 0.034265 0.593456 31.052095
 1569.000000 0.052906 0.044781 0.596263 30.456759
 1570.000000 0.047082 0.041007 0.593625 31.473456
 1571.000000 0.034389 0.043061 0.596581 30.410740
 1572.000000 0.046860 0.037254 0.598210 30.828041
 1573.000000 0.036022 0.051386 0.590458 31.607888
 1574.000000 0.050634 0.054004 0.597468 30.091859
 1575.000000 0.040506 0.041455 0.589202 31.394107
 1576.000000 0.033916 0.033027 0.594283 31.202604
 1577.000000 0.051700 0.049442 0.590766 30.519318
 1578.000000 0.050085 0.041562 0.599514 30.909868
 1579.000000 0.033511 0.025264 0.596186 30.470255
 1580.000000 0.042475 0.034297 0.600654 30.083540
 1581.000000 0.040025 0.037093 0.596468 30.807308
 1582.000000 0.036740 0.041282 0.596203 31.181443
 1583.000000 0.042517 0.048347 0.594806 31.583008
 1584.000000 0.026934 0.040936 0.599747 31.258879
 1585.000000 0.043330 0.036737 0.594079 31.262784
 1586.000000 0.039669 0.034290 0.599796 30.661115
 1587.000000 0.042414 0.043360 0.592718 30.860765
 1588.000000 0.037016 0.041820 0.595549 31.060004
 1589.000000 0.042700 0.042467 0.590686 31.321479
 1590.000000 0.036385 0.033293 0.593018 30.610856
 1591.000000 0.034523 0.033381 0.600344 30.317625
 1592.000000 0.042732 0.034279 0.590669 30.518459
 1593.000000 0.042527 0.043582 0.593230 31.120030
 1594.000000 0.040785 0.047769 0.597659 30.287685
 1595.000000 0.032917 0.046633 0.593110 31.387377
 1596.000000 0.042192 0.045195 0.594902 30.608774
 1597.000000 0.038741 0.037715 0.597193 30.782965
 1598.000000 0.041984 0.038247 0.595213 30.205375
 1599.000000 0.046358 0.031212 0.587878 31.173685
 1600.000000 0.052499 0.045823 0.592746 31.334081
 1601.000000 0.034076 0.044767 0.594748 31.445973
 1602.000000 0.034046 0.034991 0.591964 31.204321
 1603.000000 0.050132 0.043636 0.592964 30.648872
 1604.000000 0.033457 0.033988 0.593919 31.458238
 1605.000000 0.041842 0.043114 0.600120 29.763659
 1606.000000 0.039485 0.036162 0.601135 30.263016
 1607.000000 0.036598 0.042644 0.594313 30.509892
 1608.000000 0.033052 0.038907 0.592698 31.718393
 1609.000000 0.036875 0.037289 0.597855 30.851425
 1610.000000 0.053462 0.039061 0.595284 30.262842
 1611.000000 0.051751 0.035860 0.594594 30.364615
 1612.000000 0.045523 0.045193 0.598287 30.981025
 1613.000000 0.034078 0.045387 0.599185 30.782688
 1614.000000 0.030566 0.040394 0.601694 30.512685
 1615.000000 0.040538 0.045773 0.600484 30.713912
 1616.000000 0.041742 0.034591 0.593487 31.659182
 1617.000000 0.029825 0.048654 0.596578 31.361415
 1618.000000 0.044100 0.043401 0.594662 30.645423
 1619.000000 0.024439 0.035538 0.592403 31.401357
 1620.000000 0.045744 0.038648 0.601334 30.158494
 1621.000000 0.041426 0.041904 0.597064 31.239484
 1622.000000 0.031629 0.040913 0.592202 30.955802
 1623.000000 0.036380 0.042665 0.595142 30.639321
 1624.000000 0.053440 0.033879 0.597862 30.418723
 1625.000000 0.041951 0.037255 0.600628 30.148557
 1626.000000 0.032110 0.036641 0.595738 30.613735
 1627.000000 0.046831 0.032322 0.593407 30.705131
 1628.000000 0.048968 0.038662 0.603783 30.259585
 1629.000000 0.038102 0.053321 0.594852 30.844850
 1630.000000 0.055578 0.046355 0.591897 31.328073
 1631.000000 0.033754 0.046428 0.589810 30.897964
 1632.000000 0.048555 0.052144 0.595747 30.744539
 1633.000000 0.043977 0.033810 0.598648 30.205142
 1634.000000 0.042015 0.039783 0.598325 30.858251
 1635.000000 0.037485 0.040255 0.596330 31.076337
 1636.000000 0.044475 0.041432 0.596874 31.124993
 1637.000000 0.045017 0.035369 0.599051 30.657919
 1638.000000 0.037279 0.036859 0.595803 31.024552
 1639.000000 0.040486 0.042015 0.596793 31.603707
 1640.000000 0.044148 0.046616 0.595258 31.492245
 1641.000000 0.033578 0.042245 0.598991 30.835298
 1642.000000 0.047661 0.046489 0.597305 31.088954
 1643.000000 0.043862 0.045806 0.596024 30.710993
 1644.000000 0.028618 0.046654 0.599278 30.129295
 1645.000000 0.045056 0.038076 0.595026 30.845965
