#! FIELDS time rho rmsd Rg c
 0.000000 0.401960 0.090246 0.654824 14.357276
 1.000000 0.382229 0.092618 0.648931 14.166670
 2.000000 0.368832 0.081193 0.649586 14.553668
 3.000000 0.373296 0.090083 0.654625 14.346951
 4.000000 0.385953 0.091738 0.642087 14.379599
 5.000000 0.395609 0.087035 0.639550 14.798722
 6.000000 0.373905 0.103226 0.639038 14.579015
 7.000000 0.366854 0.108347 0.642223 14.144279
 8.000000 0.340160 0.097913 0.633613 14.463872
 9.000000 0.395356 0.092058 0.643954 13.621343
 10.000000 0.416357 0.097585 0.650117 13.827353
 11.000000 0.356003 0.084948 0.640107 15.100592
 12.000000 0.400650 0.095764 0.641199 14.789796
 13.000000 0.349322 0.080771 0.650503 14.776619
 14.000000 0.410053 0.087572 0.646180 13.843071
 15.000000 0.352566 0.093493 0.646793 15.681855
 16.000000 0.351437 0.086565 0.644747 14.896499
 17.000000 0.433688 0.095534 0.644475 14.054519
 18.000000 0.339827 0.108490 0.643750 15.646396
 19.000000 0.349423 0.094185 0.632884 15.603349
 20.000000 0.359862 0.105634 0.635780 15.954529
 21.000000 0.362403 0.090833 0.628944 15.439641
 22.000000 0.354435 0.083726 0.628199 15.957558
 23.000000 0.352981 0.078706 0.620542 18.163355
 24.000000 0.383171 0.077811 0.631848 15.001880
 25.000000 0.369780 0.080692 0.634044 15.862054
 26.000000 0.311097 0.077676 0.628543 16.757326
 27.000000 0.357611 0.085933 0.626793 16.966527
 28.000000 0.334514 0.097185 0.632269 16.496946
 29.000000 0.343957 0.088206 0.631255 16.617864
 30.000000 0.335247 0.089459 0.630901 16.050865
 31.000000 0.352756 0.084384 0.643789 15.645342
 32.000000 0.341818 0.093394 0.637808 16.900845
 33.000000 0.354243 0.095997 0.639176 15.851283
 34.000000 0.319651 0.095708 0.632697 16.955506
 35.000000 0.335068 0.095308 0.629508 16.647914
 36.000000 0.369069 0.089376 0.626925 15.731847
 37.000000 0.362292 0.087229 0.629205 16.304399
 38.000000 0.352623 0.079457 0.619800 16.755723
 39.000000 0.389082 0.083267 0.634592 14.918134
 40.000000 0.319714 0.082599 0.627091 16.685440
 41.000000 0.346059 0.102388 0.630460 16.276090
 42.000000 0.327889 0.096827 0.646230 15.187026
 43.000000 0.368435 0.084612 0.638542 14.705072
 44.000000 0.384240 0.082988 0.637134 14.977934
 45.000000 0.393529 0.081086 0.637401 15.060852
 46.000000 0.325453 0.100290 0.635523 15.300537
 47.000000 0.352680 0.098894 0.637184 14.647290
 48.000000 0.335199 0.100427 0.634247 16.038186
 49.000000 0.354077 0.097491 0.633714 15.451571
 50.000000 0.333751 0.109370 0.640310 15.462496
 51.000000 0.325134 0.107138 0.635151 15.462263
 52.000000 0.269099 0.100700 0.636809 16.311421
 53.000000 0.297242 0.107803 0.633407 15.611920
 54.000000 0.283695 0.102148 0.636636 16.735745
 55.000000 0.281726 0.082271 0.632940 15.749960
 56.000000 0.345845 0.088824 0.644197 14.924150
 57.000000 0.305530 0.084554 0.642859 15.634303
 58.000000 0.303892 0.085054 0.642340 16.247380
 59.000000 0.303631 0.097136 0.633597 15.731176
 60.000000 0.326667 0.090482 0.636581 16.738841
 61.000000 0.330531 0.088582 0.642615 14.444584
 62.000000 0.314676 0.094508 0.632579 16.283147
 63.000000 0.338895 0.079982 0.630923 15.254300
 64.000000 0.320141 0.081032 0.620259 16.584208
 65.000000 0.343589 0.074580 0.620640 16.171517
 66.000000 0.327162 0.081205 0.625603 16.051630
 67.000000 0.326179 0.086723 0.624486 16.673753
 68.000000 0.322125 0.088521 0.620792 16.122144
 69.000000 0.328266 0.082904 0.630082 16.277197
 70.000000 0.323521 0.090813 0.634898 16.043535
 71.000000 0.336305 0.086660 0.633186 15.693697
 72.000000 0.304483 0.093519 0.627702 17.423708
 73.000000 0.313095 0.086580 0.634271 17.009262
 74.000000 0.337281 0.086870 0.635783 15.532315
 75.000000 0.313585 0.082277 0.635882 16.097876
 76.000000 0.316687 0.086849 0.636522 16.116009
 77.000000 0.317568 0.086213 0.633585 16.318164
 78.000000 0.339976 0.091512 0.632148 15.257422
 79.000000 0.314321 0.083176 0.631677 15.639952
 80.000000 0.337735 0.079675 0.627570 15.171159
 81.000000 0.333033 0.088454 0.634178 15.430802
 82.000000 0.343974 0.090939 0.636000 14.983838
 83.000000 0.329581 0.088236 0.631668 15.076738
 84.000000 0.386748 0.093702 0.626863 13.707946
 85.000000 0.327619 0.093900 0.636013 15.375990
 86.000000 0.300350 0.087520 0.639548 15.261514
 87.000000 0.321028 0.084601 0.628383 15.968090
 88.000000 0.332304 0.088425 0.635021 15.098111
 89.000000 0.323577 0.101553 0.636396 15.428568
 90.000000 0.359826 0.089620 0.649159 14.442072
 91.000000 0.316786 0.084631 0.641155 15.729164
 92.000000 0.343361 0.089417 0.640567 14.555491
 93.000000 0.323913 0.075424 0.639399 15.556118
 94.000000 0.292392 0.096396 0.627440 16.079749
 95.000000 0.350728 0.094450 0.633930 15.164249
 96.000000 0.310900 0.089837 0.644999 14.790675
 97.000000 0.304674 0.104678 0.643480 15.189142
 98.000000 0.294302 0.081223 0.638390 15.143854
 99.000000 0.259497 0.100894 0.639323 16.271670
 100.000000 0.304138 0.106440 0.625028 15.027298
 101.000000 0.322470 0.091358 0.636760 15.065090
 102.000000 0.330251 0.088999 0.638344 14.524398
 103.000000 0.273238 0.079912 0.631771 15.842693
 104.000000 0.282163 0.077745 0.637533 16.169687
 105.000000 0.310222 0.092916 0.635741 14.743703
 106.000000 0.249432 0.090159 0.635463 17.341053
 107.000000 0.297737 0.082096 0.636828 15.086136
 108.000000 0.271414 0.086060 0.644197 14.742058
 109.000000 0.296647 0.108688 0.637692 15.034320
 110.000000 0.294072 0.112153 0.629196 15.415363
 111.000000 0.305642 0.090929 0.640359 15.241463
 112.000000 0.284016 0.093827 0.635467 15.713209
 113.000000 0.284181 0.099396 0.638174 14.927493
 114.000000 0.293542 0.099988 0.640697 14.723262
 115.000000 0.285111 0.090538 0.633446 16.661270
 116.000000 0.315825 0.091497 0.635781 15.382222
 117.000000 0.326723 0.089671 0.642788 15.898191
 118.000000 0.283422 0.105245 0.633267 15.988287
 119.000000 0.304162 0.112623 0.629025 16.279691
 120.000000 0.282012 0.098844 0.634745 15.906482
 121.000000 0.303438 0.112936 0.634411 16.198409
 122.000000 0.297991 0.116341 0.635436 15.274586
 123.000000 0.294091 0.114053 0.632623 15.618478
 124.000000 0.280626 0.120099 0.635926 14.863592
 125.000000 0.286133 0.104714 0.638860 15.179870
 126.000000 0.274123 0.131625 0.646109 14.212211
 127.000000 0.204408 0.131727 0.637014 16.674117
 128.000000 0.213109 0.123528 0.640541 16.119778
 129.000000 0.241221 0.124079 0.628900 16.711276
 130.000000 0.240166 0.135020 0.620991 16.477388
 131.000000 0.292007 0.141418 0.629444 15.488229
 132.000000 0.327005 0.155268 0.636802 16.411286
 133.000000 0.325117 0.137021 0.636057 16.394651
 134.000000 0.356683 0.153299 0.641058 15.613891
 135.000000 0.328916 0.142042 0.637784 16.073780
 136.000000 0.350443 0.168035 0.645329 15.659105
 137.000000 0.353076 0.174630 0.642470 15.848444
 138.000000 0.336603 0.133268 0.633791 16.240554
 139.000000 0.333204 0.139314 0.641399 15.743410
 140.000000 0.287248 0.125513 0.636086 16.658556
 141.000000 0.296598 0.144097 0.640664 15.354764
 142.000000 0.248868 0.112736 0.622127 16.607708
 143.000000 0.202654 0.110352 0.626329 17.310495
 144.000000 0.227304 0.128079 0.635135 15.779554
 145.000000 0.212580 0.108837 0.626969 16.731099
 146.000000 0.225076 0.098587 0.620383 16.478377
 147.000000 0.239392 0.093648 0.617729 16.654792
 148.000000 0.216924 0.108501 0.616405 17.632415
 149.000000 0.193883 0.097189 0.625981 17.755782
 150.000000 0.196773 0.099258 0.620880 17.988699
 151.000000 0.208015 0.113666 0.629680 17.158496
 152.000000 0.260168 0.158964 0.634942 17.323795
 153.000000 0.331762 0.190307 0.654732 16.294244
 154.000000 0.357097 0.168545 0.649126 14.113491
 155.000000 0.323627 0.164313 0.649008 14.946723
 156.000000 0.289871 0.155913 0.633148 16.772639
 157.000000 0.306190 0.170747 0.649602 15.392430
 158.000000 0.324996 0.164509 0.643719 15.824960
 159.000000 0.320709 0.146853 0.642426 15.769704
 160.000000 0.336723 0.166961 0.647247 15.498888
 161.000000 0.314862 0.152986 0.630991 16.186042
 162.000000 0.325824 0.181674 0.635062 15.286309
 163.000000 0.311018 0.176245 0.641559 16.499720
 164.000000 0.261041 0.183713 0.641064 16.736508
 165.000000 0.261167 0.144179 0.637579 15.794693
 166.000000 0.272125 0.173716 0.638975 15.766110
 167.000000 0.296716 0.167135 0.646774 15.218073
 168.000000 0.275216 0.168777 0.639943 15.968077
 169.000000 0.297564 0.154815 0.644628 14.973254
 170.000000 0.283589 0.165951 0.627045 16.568499
 171.000000 0.286182 0.145094 0.637115 15.563607
 172.000000 0.280380 0.149098 0.628070 16.480209
 173.000000 0.280518 0.143074 0.632491 17.204243
 174.000000 0.267516 0.157238 0.633395 16.511421
 175.000000 0.269606 0.165417 0.630345 16.441387
 176.000000 0.255779 0.164260 0.635123 16.518787
 177.000000 0.293408 0.156700 0.640802 15.108793
 178.000000 0.253419 0.160583 0.636979 15.249776
 179.000000 0.292346 0.151431 0.630916 15.913266
 180.000000 0.270903 0.157627 0.634738 15.868514
 181.000000 0.290580 0.148904 0.628934 16.097818
 182.000000 0.285895 0.139772 0.634262 15.362061
 183.000000 0.225343 0.128194 0.622862 16.562888
 184.000000 0.194822 0.131971 0.615600 17.931514
 185.000000 0.196645 0.103326 0.625992 17.444082
 186.000000 0.210735 0.129517 0.634017 16.674110
 187.000000 0.199211 0.112816 0.631328 17.156892
 188.000000 0.193722 0.113688 0.626826 18.230532
 189.000000 0.208191 0.143779 0.629937 16.754917
 190.000000 0.232586 0.116600 0.625770 16.856729
 191.000000 0.226610 0.121080 0.622740 17.319514
 192.000000 0.205027 0.104632 0.619698 18.617813
 193.000000 0.203679 0.112466 0.628155 17.212732
 194.000000 0.184860 0.101702 0.624079 17.952255
 195.000000 0.224614 0.103516 0.628084 17.219926
 196.000000 0.203942 0.114955 0.620701 17.969660
 197.000000 0.239390 0.125109 0.629383 16.906466
 198.000000 0.201112 0.105586 0.628463 18.028499
 199.000000 0.225019 0.101371 0.624372 16.299790
 200.000000 0.195114 0.107897 0.642739 16.458289
 201.000000 0.181429 0.101855 0.624234 17.986684
 202.000000 0.192751 0.121410 0.627055 17.993416
 203.000000 0.215801 0.108997 0.630642 17.038819
 204.000000 0.235991 0.111555 0.630655 16.934639
 205.000000 0.219905 0.112694 0.632467 17.941810
 206.000000 0.261630 0.107675 0.635383 15.841066
 207.000000 0.229620 0.093798 0.627566 16.663659
 208.000000 0.184079 0.107936 0.636566 17.180581
 209.000000 0.223089 0.109565 0.625522 17.455009
 210.000000 0.196228 0.112752 0.625634 18.068088
 211.000000 0.220576 0.122126 0.634406 15.353037
 212.000000 0.222309 0.109276 0.622232 17.210214
 213.000000 0.186892 0.107782 0.618719 17.912054
 214.000000 0.249950 0.115727 0.622348 16.816704
 215.000000 0.226831 0.110602 0.631562 16.930143
 216.000000 0.267265 0.110112 0.628057 15.985881
 217.000000 0.265414 0.124370 0.627102 17.051208
 218.000000 0.246130 0.118263 0.623925 17.183056
 219.000000 0.254203 0.111444 0.621194 17.025686
 220.000000 0.284567 0.120218 0.622745 15.908740
 221.000000 0.252512 0.122341 0.626310 17.629929
 222.000000 0.279131 0.103353 0.626256 16.529571
 223.000000 0.246140 0.110040 0.624225 16.772683
 224.000000 0.273197 0.094149 0.622306 16.536790
 225.000000 0.273347 0.101384 0.621916 17.368148
 226.000000 0.251048 0.097762 0.625242 16.588102
 227.000000 0.242867 0.074687 0.615437 17.820238
 228.000000 0.251950 0.094567 0.621154 17.501318
 229.000000 0.277948 0.077430 0.616193 16.636056
 230.000000 0.277910 0.079025 0.621630 16.927211
 231.000000 0.282746 0.106239 0.626932 16.830286
 232.000000 0.287525 0.106125 0.632964 16.395165
 233.000000 0.263001 0.102147 0.625405 16.347319
 234.000000 0.283606 0.098581 0.628902 15.927511
 235.000000 0.260866 0.106238 0.627113 17.094230
 236.000000 0.244012 0.112358 0.636292 17.054619
 237.000000 0.260602 0.118460 0.638923 16.478869
 238.000000 0.283051 0.100441 0.632741 16.116213
 239.000000 0.236096 0.091825 0.624797 17.226432
 240.000000 0.271608 0.101570 0.628787 16.832131
 241.000000 0.270162 0.109233 0.633981 16.034040
 242.000000 0.284645 0.124818 0.645991 14.995774
 243.000000 0.236975 0.088560 0.630500 16.299960
 244.000000 0.283073 0.125722 0.626863 17.153251
 245.000000 0.267832 0.118078 0.627630 16.489366
 246.000000 0.286128 0.120387 0.639522 16.174308
 247.000000 0.248325 0.107437 0.634736 16.620078
 248.000000 0.251944 0.111961 0.630888 16.759291
 249.000000 0.290571 0.121546 0.641659 17.165799
 250.000000 0.281233 0.113806 0.643852 16.156699
 251.000000 0.253627 0.098317 0.632552 16.782405
 252.000000 0.261489 0.115179 0.636221 18.488504
 253.000000 0.266426 0.123958 0.623716 17.917114
 254.000000 0.253927 0.112258 0.634616 17.432677
 255.000000 0.257464 0.094811 0.628388 17.175588
 256.000000 0.255219 0.110415 0.633440 16.548706
 257.000000 0.246888 0.107141 0.630703 17.032974
 258.000000 0.270021 0.129228 0.621215 17.274505
 259.000000 0.270392 0.105363 0.632279 16.555363
 260.000000 0.242665 0.115507 0.628443 16.539023
 261.000000 0.254130 0.114882 0.625855 17.154871
 262.000000 0.264197 0.108214 0.625211 17.214226
 263.000000 0.277932 0.103692 0.631037 16.655232
 264.000000 0.254269 0.118064 0.619551 16.921294
 265.000000 0.255937 0.117666 0.623664 16.098355
 266.000000 0.310589 0.095402 0.631203 14.591474
 267.000000 0.272677 0.104385 0.620727 16.803511
 268.000000 0.260673 0.109928 0.629126 15.918834
 269.000000 0.230178 0.098183 0.626371 16.376068
 270.000000 0.213722 0.093831 0.624494 16.767752
 271.000000 0.219538 0.119095 0.632109 16.303044
 272.000000 0.214507 0.098392 0.624522 17.770583
 273.000000 0.198432 0.101901 0.627322 16.801508
 274.000000 0.200451 0.096661 0.625144 17.857166
 275.000000 0.216938 0.106736 0.630332 16.044625
 276.000000 0.210019 0.101715 0.629732 17.311740
 277.000000 0.190028 0.095360 0.629807 16.305159
 278.000000 0.222122 0.120996 0.628406 16.949545
 279.000000 0.203296 0.111693 0.629620 16.929047
 280.000000 0.214178 0.115134 0.627449 16.794182
 281.000000 0.216023 0.098074 0.625752 16.143474
 282.000000 0.230634 0.129580 0.621672 17.016285
 283.000000 0.227248 0.113197 0.626941 16.298268
 284.000000 0.206926 0.121107 0.626484 17.091135
 285.000000 0.166842 0.112059 0.630457 17.348502
 286.000000 0.213852 0.116743 0.637606 16.156075
 287.000000 0.213025 0.085239 0.622097 16.555291
 288.000000 0.240009 0.099322 0.628073 15.918933
 289.000000 0.207767 0.109474 0.629818 16.339537
 290.000000 0.192636 0.104892 0.628946 16.460498
 291.000000 0.215224 0.122287 0.636851 16.565432
 292.000000 0.221719 0.104464 0.632672 16.986155
 293.000000 0.235564 0.131022 0.624241 16.343168
 294.000000 0.247611 0.135670 0.628922 15.046462
 295.000000 0.249854 0.118540 0.625204 16.519880
 296.000000 0.205583 0.100683 0.626862 16.951891
 297.000000 0.239691 0.106902 0.633313 16.236538
 298.000000 0.240252 0.109359 0.627629 16.576784
 299.000000 0.240849 0.115051 0.620441 16.653853
 300.000000 0.200920 0.119800 0.623110 17.990860
 301.000000 0.216574 0.131158 0.620589 16.392814
 302.000000 0.232633 0.111217 0.618277 16.070332
 303.000000 0.229406 0.107952 0.618150 15.936777
 304.000000 0.213396 0.113628 0.624297 16.934654
 305.000000 0.209740 0.098380 0.620375 17.574867
 306.000000 0.223969 0.115912 0.626235 16.658331
 307.000000 0.258883 0.120912 0.618297 16.572345
 308.000000 0.222840 0.116415 0.615332 16.815029
 309.000000 0.229775 0.129348 0.625973 16.258760
 310.000000 0.229341 0.109301 0.636981 15.792936
 311.000000 0.219681 0.118767 0.621431 16.632892
 312.000000 0.243922 0.125228 0.622749 16.154281
 313.000000 0.224708 0.121315 0.618709 17.474250
 314.000000 0.246867 0.104202 0.626272 17.191579
 315.000000 0.263691 0.120521 0.626349 16.357075
 316.000000 0.254253 0.109644 0.629214 15.921476
 317.000000 0.247963 0.127232 0.630624 15.636995
 318.000000 0.276474 0.113365 0.622351 14.999276
 319.000000 0.258008 0.119135 0.617623 18.395397
 320.000000 0.249548 0.099494 0.615769 16.643135
 321.000000 0.254024 0.103022 0.626476 16.350785
 322.000000 0.241656 0.101170 0.627600 16.623247
 323.000000 0.232021 0.108436 0.621319 16.860330
 324.000000 0.217939 0.104395 0.625816 16.851313
 325.000000 0.250147 0.129145 0.641396 15.849533
 326.000000 0.206963 0.117691 0.634944 16.864269
 327.000000 0.227270 0.125409 0.616686 17.229425
 328.000000 0.216028 0.110891 0.618282 16.648886
 329.000000 0.242420 0.102883 0.626765 16.355376
 330.000000 0.271861 0.134520 0.638851 14.790118
 331.000000 0.260942 0.125426 0.631249 15.923824
 332.000000 0.269705 0.121885 0.632590 15.713167
 333.000000 0.262628 0.099615 0.620388 17.178774
 334.000000 0.259172 0.101104 0.628302 14.902588
 335.000000 0.265252 0.119436 0.623167 15.575525
 336.000000 0.270046 0.117589 0.616877 15.750007
 337.000000 0.260577 0.118974 0.628970 16.963811
 338.000000 0.247357 0.110202 0.633621 15.709845
 339.000000 0.287820 0.136511 0.629719 15.101928
 340.000000 0.256461 0.118563 0.622044 15.756477
 341.000000 0.203686 0.112907 0.620404 16.696234
 342.000000 0.223544 0.119475 0.621899 16.150706
 343.000000 0.264402 0.141288 0.632530 15.698983
 344.000000 0.266383 0.127666 0.626522 16.113273
 345.000000 0.274580 0.124355 0.620634 16.309076
 346.000000 0.287286 0.128383 0.620973 15.299052
 347.000000 0.281083 0.108261 0.618108 15.154323
 348.000000 0.264105 0.126593 0.619168 15.736612
 349.000000 0.265258 0.123785 0.635590 16.453390
 350.000000 0.261803 0.117706 0.629222 16.444453
 351.000000 0.260591 0.133221 0.628843 15.778337
 352.000000 0.265668 0.111851 0.619765 16.101253
 353.000000 0.238110 0.110071 0.621844 16.956669
 354.000000 0.265634 0.116603 0.631947 15.573862
 355.000000 0.212066 0.090830 0.620538 17.137321
 356.000000 0.226481 0.086100 0.624717 17.290578
 357.000000 0.243635 0.107297 0.620620 16.800289
 358.000000 0.236941 0.117924 0.621824 16.596161
 359.000000 0.265690 0.129274 0.621115 16.107359
 360.000000 0.259207 0.135850 0.630907 16.518770
 361.000000 0.249297 0.120583 0.621346 16.687519
 362.000000 0.251196 0.102097 0.620581 16.825632
 363.000000 0.263893 0.119763 0.620693 16.840041
 364.000000 0.242025 0.115158 0.616367 16.542704
 365.000000 0.252234 0.113351 0.619982 16.234239
 366.000000 0.250717 0.119184 0.619600 16.447868
 367.000000 0.270510 0.139748 0.620361 15.906292
 368.000000 0.248174 0.116134 0.621585 16.379417
 369.000000 0.267438 0.108657 0.620372 16.995890
 370.000000 0.225657 0.122083 0.619910 16.733635
 371.000000 0.226769 0.122999 0.624512 16.799922
 372.000000 0.232656 0.135788 0.617420 17.289612
 373.000000 0.233208 0.118369 0.624733 16.553500
 374.000000 0.243960 0.106965 0.623073 15.614159
 375.000000 0.230503 0.117231 0.615693 17.567595
 376.000000 0.235667 0.110347 0.626290 17.210401
 377.000000 0.210868 0.115196 0.622115 16.936092
 378.000000 0.223014 0.112670 0.622039 17.001181
 379.000000 0.236195 0.112143 0.617634 17.022049
 380.000000 0.233018 0.125720 0.610388 16.608775
 381.000000 0.237580 0.113488 0.622522 16.431556
 382.000000 0.215808 0.107427 0.615601 17.693830
 383.000000 0.221334 0.129249 0.621137 17.046466
 384.000000 0.216524 0.122410 0.618065 17.281124
 385.000000 0.227312 0.130145 0.611767 17.409910
 386.000000 0.284898 0.111429 0.618192 16.390180
 387.000000 0.262411 0.125124 0.619884 16.547297
 388.000000 0.275103 0.135049 0.627778 15.780523
 389.000000 0.268323 0.114062 0.619358 16.895018
 390.000000 0.248059 0.116402 0.625207 16.670842
 391.000000 0.260385 0.122080 0.619297 16.142589
 392.000000 0.274528 0.122284 0.623407 16.384340
 393.000000 0.256435 0.099852 0.614467 17.797970
 394.000000 0.220807 0.129005 0.622140 16.758442
 395.000000 0.219049 0.119777 0.617725 17.001408
 396.000000 0.220002 0.129166 0.631681 16.769847
 397.000000 0.219957 0.124231 0.624475 16.450907
 398.000000 0.207529 0.117168 0.619996 17.435285
 399.000000 0.200832 0.133540 0.626084 17.468900
 400.000000 0.231214 0.109254 0.619242 16.040178
 401.000000 0.235088 0.128578 0.639448 15.826057
 402.000000 0.279727 0.139534 0.631680 15.847815
 403.000000 0.229950 0.122598 0.621027 16.284448
 404.000000 0.240528 0.120331 0.611723 17.047692
 405.000000 0.218588 0.120884 0.615855 17.606841
 406.000000 0.224568 0.113228 0.624523 16.491127
 407.000000 0.229142 0.127381 0.634334 15.026511
 408.000000 0.231019 0.112645 0.630212 16.488074
 409.000000 0.218560 0.125998 0.626787 16.691785
 410.000000 0.239941 0.117612 0.618471 16.521187
 411.000000 0.275432 0.124288 0.622330 17.058452
 412.000000 0.254372 0.112742 0.617853 17.459810
 413.000000 0.243830 0.119587 0.621644 16.167598
 414.000000 0.247017 0.109174 0.615415 17.157274
 415.000000 0.244612 0.121913 0.615299 16.028056
 416.000000 0.277204 0.117718 0.616582 15.418199
 417.000000 0.264832 0.126137 0.632539 15.238648
 418.000000 0.245575 0.126580 0.632591 16.677989
 419.000000 0.252232 0.120604 0.627816 16.388825
 420.000000 0.271195 0.109264 0.621439 15.273404
 421.000000 0.240956 0.115700 0.622905 15.189446
 422.000000 0.271715 0.134915 0.627139 15.392785
 423.000000 0.251339 0.140239 0.624413 15.004482
 424.000000 0.272632 0.132684 0.623317 15.396835
 425.000000 0.269504 0.159823 0.629705 15.705423
 426.000000 0.277163 0.154125 0.631654 14.626352
 427.000000 0.262888 0.124873 0.618122 15.530592
 428.000000 0.283121 0.153369 0.639805 14.415008
 429.000000 0.244555 0.125389 0.625282 15.996420
 430.000000 0.215980 0.119257 0.615338 16.813084
 431.000000 0.220800 0.112944 0.627092 16.661597
 432.000000 0.250024 0.115216 0.621199 15.959276
 433.000000 0.258886 0.133025 0.626350 14.722947
 434.000000 0.223319 0.119763 0.619894 16.640811
 435.000000 0.216777 0.110904 0.621869 15.910903
 436.000000 0.222366 0.128710 0.626982 16.012911
 437.000000 0.215336 0.106971 0.624478 16.777293
 438.000000 0.226740 0.110794 0.619194 16.582207
 439.000000 0.229810 0.118719 0.621502 17.153645
 440.000000 0.216026 0.111993 0.619641 16.254399
 441.000000 0.220943 0.108766 0.618152 16.814730
 442.000000 0.237304 0.133854 0.622235 16.393628
 443.000000 0.203049 0.122180 0.624821 16.785383
 444.000000 0.219585 0.117492 0.633650 16.090910
 445.000000 0.215052 0.121375 0.624088 16.650067
 446.000000 0.216555 0.114408 0.621470 17.055302
 447.000000 0.239467 0.124841 0.625037 17.358112
 448.000000 0.252591 0.109117 0.621850 16.475714
 449.000000 0.256200 0.119857 0.627034 16.164396
 450.000000 0.269838 0.112899 0.626563 17.029227
 451.000000 0.279652 0.124785 0.623573 16.330062
 452.000000 0.246707 0.110854 0.619940 17.555535
 453.000000 0.254078 0.117700 0.622053 17.247999
 454.000000 0.265702 0.109798 0.624805 16.557770
 455.000000 0.259711 0.112064 0.632392 15.734691
 456.000000 0.262769 0.112496 0.632522 15.053349
 457.000000 0.261757 0.114299 0.625554 16.136363
 458.000000 0.252585 0.101731 0.622835 17.220664
 459.000000 0.250983 0.110367 0.626481 17.095790
 460.000000 0.238959 0.114268 0.632323 16.760220
 461.000000 0.219080 0.113398 0.631027 16.998214
 462.000000 0.215702 0.113806 0.634918 16.321689
 463.000000 0.217295 0.124076 0.627739 16.252114
 464.000000 0.227070 0.124708 0.632051 16.221736
 465.000000 0.208810 0.115265 0.630201 16.999430
 466.000000 0.222295 0.130762 0.637400 17.019160
 467.000000 0.231700 0.116065 0.632353 16.721262
 468.000000 0.235865 0.111434 0.633144 16.494996
 469.000000 0.222059 0.117297 0.620268 16.510252
 470.000000 0.230730 0.094680 0.625048 15.856226
 471.000000 0.215147 0.106304 0.627352 16.957465
 472.000000 0.243078 0.102917 0.630262 16.258306
 473.000000 0.237523 0.116299 0.631253 16.741261
 474.000000 0.263056 0.109291 0.635835 15.334205
 475.000000 0.245034 0.097017 0.633317 16.456427
 476.000000 0.219865 0.116781 0.633508 16.209788
 477.000000 0.214474 0.115484 0.628652 17.189576
 478.000000 0.232527 0.110284 0.628857 16.231531
 479.000000 0.207988 0.099068 0.628919 16.939346
 480.000000 0.209431 0.105340 0.625074 17.338493
 481.000000 0.246093 0.118300 0.623942 15.862812
 482.000000 0.217135 0.121171 0.627266 15.689137
 483.000000 0.235368 0.116088 0.631074 15.964749
 484.000000 0.261543 0.121685 0.632541 16.114736
 485.000000 0.225977 0.119257 0.632588 17.359256
 486.000000 0.218029 0.125909 0.633681 16.279291
 487.000000 0.236238 0.127841 0.626213 16.256207
 488.000000 0.236081 0.132488 0.629080 17.043742
 489.000000 0.233935 0.117721 0.618492 16.567481
 490.000000 0.223857 0.108511 0.618684 17.655011
 491.000000 0.237671 0.117978 0.625092 16.608586
 492.000000 0.214862 0.121411 0.633447 15.832615
 493.000000 0.228811 0.118561 0.618399 16.529910
 494.000000 0.217796 0.116022 0.628116 16.655652
 495.000000 0.232420 0.128362 0.628396 15.897556
 496.000000 0.242446 0.121898 0.619067 16.263252
 497.000000 0.242281 0.127257 0.618981 16.411913
 498.000000 0.232657 0.109573 0.620882 16.502255
 499.000000 0.247293 0.125528 0.626404 16.460158
 500.000000 0.213113 0.117209 0.625313 16.905078
 501.000000 0.242206 0.122032 0.623749 16.247815
 502.000000 0.237060 0.131944 0.630274 15.973601
 503.000000 0.209323 0.120453 0.623475 17.408287
 504.000000 0.213471 0.120488 0.626842 16.914362
 505.000000 0.205055 0.120076 0.629523 18.096482
 506.000000 0.238007 0.127208 0.618033 17.017290
 507.000000 0.226376 0.115200 0.629820 16.173595
 508.000000 0.225358 0.129982 0.630655 15.397754
 509.000000 0.243793 0.120263 0.612541 15.215735
 510.000000 0.226289 0.129972 0.625712 16.341026
 511.000000 0.236082 0.114947 0.622891 16.771826
 512.000000 0.238316 0.127829 0.620048 16.469128
 513.000000 0.237225 0.131815 0.620617 16.543186
 514.000000 0.219576 0.126161 0.627658 15.809751
 515.000000 0.222968 0.108568 0.624810 16.958539
 516.000000 0.230951 0.123260 0.627637 16.556089
 517.000000 0.265585 0.124762 0.624378 15.127067
 518.000000 0.222331 0.132554 0.619831 16.180031
 519.000000 0.232214 0.122735 0.625494 16.500300
 520.000000 0.267009 0.125492 0.627275 17.827343
 521.000000 0.278496 0.133327 0.625552 15.679522
 522.000000 0.271345 0.130969 0.628441 16.320382
 523.000000 0.273812 0.119739 0.622019 16.362456
 524.000000 0.233873 0.119308 0.621204 15.974984
 525.000000 0.248383 0.120036 0.619509 15.630088
 526.000000 0.246522 0.123547 0.620916 16.757531
 527.000000 0.249409 0.135137 0.624617 15.900932
 528.000000 0.238244 0.122568 0.620524 15.501194
 529.000000 0.241224 0.124308 0.625056 15.162264
 530.000000 0.244811 0.112499 0.624633 15.171603
 531.000000 0.220220 0.120701 0.622450 16.534340
 532.000000 0.267338 0.127598 0.633455 14.067881
 533.000000 0.211262 0.115850 0.614117 16.840118
 534.000000 0.251282 0.120967 0.611462 15.819079
 535.000000 0.211854 0.121478 0.617718 15.926448
 536.000000 0.226854 0.127738 0.622213 15.734220
 537.000000 0.227672 0.131121 0.621327 16.152150
 538.000000 0.200190 0.124520 0.618455 16.532779
 539.000000 0.210078 0.135794 0.625628 16.311266
 540.000000 0.229587 0.125590 0.622037 16.271724
 541.000000 0.208388 0.119219 0.621998 16.953222
 542.000000 0.212060 0.103012 0.623522 16.805311
 543.000000 0.223694 0.118916 0.633234 15.768569
 544.000000 0.205675 0.129360 0.630835 16.434126
 545.000000 0.211288 0.102416 0.623247 17.409002
 546.000000 0.226781 0.124969 0.626376 16.329542
 547.000000 0.219452 0.106872 0.612464 18.154815
 548.000000 0.209445 0.114064 0.626323 17.225260
 549.000000 0.237999 0.125037 0.626430 17.011349
 550.000000 0.246472 0.114655 0.618502 16.050054
 551.000000 0.240442 0.132127 0.616597 15.448869
 552.000000 0.241681 0.140636 0.619128 17.043696
 553.000000 0.237559 0.121104 0.619071 15.877372
 554.000000 0.226335 0.100577 0.623134 16.276882
 555.000000 0.233765 0.110617 0.619134 16.799313
 556.000000 0.227900 0.114576 0.621480 16.751015
 557.000000 0.230622 0.113953 0.623978 16.112729
 558.000000 0.215718 0.108637 0.624749 16.510694
 559.000000 0.226028 0.120080 0.623901 16.807081
 560.000000 0.203813 0.109043 0.617059 16.574819
 561.000000 0.211478 0.119781 0.616383 16.590201
 562.000000 0.248826 0.122285 0.625631 16.198957
 563.000000 0.251526 0.115379 0.631488 15.768634
 564.000000 0.220977 0.107470 0.619328 16.981563
 565.000000 0.234207 0.110376 0.615089 17.540570
 566.000000 0.241972 0.120907 0.618190 17.259050
 567.000000 0.258295 0.120685 0.617549 16.644791
 568.000000 0.236081 0.107550 0.616021 16.955256
 569.000000 0.247131 0.124527 0.621392 16.885617
 570.000000 0.245368 0.096365 0.620968 17.080165
 571.000000 0.239987 0.117289 0.625451 16.436080
 572.000000 0.237340 0.119901 0.622118 17.256249
 573.000000 0.225417 0.105273 0.625763 16.693012
 574.000000 0.206921 0.111197 0.622422 17.359136
 575.000000 0.228608 0.110345 0.624814 16.829414
 576.000000 0.275691 0.106983 0.630608 15.983310
 577.000000 0.264129 0.108482 0.631495 15.949386
 578.000000 0.240742 0.112323 0.623006 17.699780
 579.000000 0.253628 0.108438 0.626316 16.711015
 580.000000 0.254759 0.137852 0.636941 16.374542
 581.000000 0.270790 0.121223 0.631573 14.857448
 582.000000 0.283063 0.141960 0.617433 16.481969
 583.000000 0.261336 0.130166 0.629560 17.358845
 584.000000 0.262884 0.125059 0.629610 16.756689
 585.000000 0.261293 0.125155 0.619674 16.830554
 586.000000 0.270307 0.133840 0.624400 16.168518
 587.000000 0.256025 0.115839 0.619560 17.053304
 588.000000 0.266233 0.111973 0.627964 15.587090
 589.000000 0.292717 0.135378 0.626804 14.788063
 590.000000 0.280407 0.111868 0.621239 16.401538
 591.000000 0.285426 0.131188 0.625605 15.988489
 592.000000 0.272001 0.125534 0.621474 15.938433
 593.000000 0.268247 0.109724 0.622046 15.624792
 594.000000 0.264589 0.114789 0.628518 15.487628
 595.000000 0.255611 0.103114 0.634400 16.188569
 596.000000 0.254856 0.102725 0.623399 16.356799
 597.000000 0.257133 0.119287 0.620556 16.224877
 598.000000 0.260327 0.109510 0.624372 17.150394
 599.000000 0.263314 0.113084 0.626669 15.831303
 600.000000 0.262464 0.117080 0.620216 16.298658
 601.000000 0.273632 0.124369 0.615855 15.604009
 602.000000 0.296614 0.119773 0.616246 15.386178
 603.000000 0.268142 0.141946 0.628698 15.726751
 604.000000 0.309951 0.136385 0.630120 15.677566
 605.000000 0.302660 0.149352 0.628986 14.707351
 606.000000 0.282596 0.119249 0.617333 16.191206
 607.000000 0.262327 0.118173 0.620346 16.391694
 608.000000 0.273516 0.117464 0.613136 16.220918
 609.000000 0.270170 0.117078 0.619663 16.637969
 610.000000 0.278921 0.130700 0.625339 15.445439
 611.000000 0.260283 0.129066 0.624177 15.780092
 612.000000 0.243278 0.129164 0.624698 17.029230
 613.000000 0.240969 0.128221 0.622560 16.092445
 614.000000 0.275160 0.145561 0.621426 16.167677
 615.000000 0.280523 0.125028 0.623476 15.328613
 616.000000 0.266876 0.131951 0.632009 16.331782
 617.000000 0.272883 0.115696 0.624127 16.184026
 618.000000 0.293231 0.136321 0.630773 15.261124
 619.000000 0.272468 0.118785 0.632638 15.683204
 620.000000 0.260551 0.105048 0.624525 16.484892
 621.000000 0.294813 0.132505 0.629187 15.936774
 622.000000 0.279975 0.147872 0.639586 15.479199
 623.000000 0.247234 0.119634 0.636284 16.385948
 624.000000 0.267057 0.107709 0.628323 15.977134
 625.000000 0.274292 0.108549 0.619969 15.984394
 626.000000 0.270888 0.115716 0.618823 16.157807
 627.000000 0.256582 0.099027 0.619589 15.805725
 628.000000 0.290670 0.113447 0.620505 16.288145
 629.000000 0.312718 0.122023 0.623332 16.289005
 630.000000 0.266208 0.120093 0.613104 16.639026
 631.000000 0.283991 0.121519 0.614422 16.441810
 632.000000 0.266689 0.113692 0.618743 17.418543
 633.000000 0.283771 0.119344 0.624678 15.815533
 634.000000 0.281998 0.111973 0.616505 17.242610
 635.000000 0.284762 0.111338 0.624775 15.832551
 636.000000 0.277514 0.145724 0.636170 15.645309
 637.000000 0.213577 0.112522 0.628599 16.069913
 638.000000 0.223213 0.104193 0.620619 16.997343
 639.000000 0.267318 0.115747 0.627572 16.874510
 640.000000 0.267095 0.109733 0.617223 16.964361
 641.000000 0.246761 0.106552 0.615822 16.755385
 642.000000 0.298871 0.118996 0.617530 15.115004
 643.000000 0.273594 0.119779 0.611037 17.312664
 644.000000 0.254447 0.134840 0.614539 17.402319
 645.000000 0.278830 0.126095 0.613619 18.285159
 646.000000 0.267716 0.111244 0.616448 16.527526
 647.000000 0.268164 0.127917 0.617115 17.027963
 648.000000 0.278312 0.112981 0.612907 16.746269
 649.000000 0.254475 0.108441 0.613507 17.328270
 650.000000 0.260656 0.139212 0.622042 16.742205
 651.000000 0.253335 0.136267 0.620056 16.887214
 652.000000 0.278347 0.131008 0.616037 16.820039
 653.000000 0.267397 0.115088 0.616424 17.103949
 654.000000 0.272978 0.120142 0.618232 16.937986
 655.000000 0.240883 0.132304 0.617875 17.243748
 656.000000 0.245133 0.134193 0.607672 18.430856
 657.000000 0.256176 0.124366 0.615566 17.653817
 658.000000 0.245360 0.134005 0.618134 17.818580
 659.000000 0.287865 0.127495 0.619397 15.839037
 660.000000 0.270079 0.115156 0.622368 15.073581
 661.000000 0.242492 0.102800 0.625364 16.478745
 662.000000 0.248727 0.100562 0.627330 15.858111
 663.000000 0.232805 0.135071 0.626555 15.646242
 664.000000 0.217620 0.120061 0.613079 16.621047
 665.000000 0.206139 0.127849 0.622154 17.449879
 666.000000 0.231585 0.121956 0.622815 16.572333
 667.000000 0.213565 0.120181 0.615362 17.438568
 668.000000 0.227624 0.123399 0.615819 16.450191
 669.000000 0.225157 0.118393 0.621076 16.758279
 670.000000 0.219072 0.114642 0.624956 17.357623
 671.000000 0.204988 0.136156 0.627323 16.918489
 672.000000 0.235574 0.125172 0.622908 15.987261
 673.000000 0.219055 0.116258 0.628844 16.381423
 674.000000 0.198854 0.114054 0.628488 17.317494
 675.000000 0.204604 0.129840 0.617045 16.641806
 676.000000 0.222908 0.118737 0.629963 16.098590
 677.000000 0.218450 0.127550 0.618426 16.177818
 678.000000 0.210513 0.134377 0.626202 17.562030
 679.000000 0.229259 0.138456 0.640412 15.572912
 680.000000 0.226656 0.132448 0.621102 16.314807
 681.000000 0.216365 0.122467 0.626602 17.017487
 682.000000 0.224638 0.117697 0.631375 16.133797
 683.000000 0.227869 0.127342 0.623713 17.188138
 684.000000 0.242342 0.124481 0.616272 17.742596
 685.000000 0.227209 0.123577 0.612840 18.144211
 686.000000 0.235381 0.109234 0.618044 16.223002
 687.000000 0.229340 0.115781 0.612010 17.414496
 688.000000 0.206222 0.117285 0.608953 18.624621
 689.000000 0.205585 0.095845 0.619502 17.158154
 690.000000 0.221692 0.090873 0.618218 16.923163
 691.000000 0.229327 0.116436 0.615278 16.786892
 692.000000 0.219141 0.117132 0.619393 17.208333
 693.000000 0.227935 0.120264 0.615101 17.224275
 694.000000 0.236012 0.109138 0.614191 16.515991
 695.000000 0.215086 0.110618 0.623147 17.036870
 696.000000 0.238242 0.110234 0.620220 16.767095
 697.000000 0.243325 0.115835 0.629854 16.172638
 698.000000 0.239292 0.115576 0.630311 17.632394
 699.000000 0.205356 0.114743 0.627564 17.157518
 700.000000 0.221512 0.116275 0.614783 16.474336
 701.000000 0.230312 0.128259 0.625447 16.235684
 702.000000 0.216411 0.114767 0.622039 17.020458
 703.000000 0.219210 0.125944 0.623099 16.704673
 704.000000 0.228647 0.120931 0.620414 16.483108
 705.000000 0.246982 0.109605 0.626423 15.537021
 706.000000 0.236463 0.117638 0.624746 16.649123
 707.000000 0.221684 0.114601 0.627467 15.623397
 708.000000 0.214296 0.113365 0.626422 16.178541
 709.000000 0.208408 0.104575 0.623747 17.538850
 710.000000 0.236016 0.124474 0.632148 15.722018
 711.000000 0.237456 0.112615 0.636471 14.876785
 712.000000 0.206285 0.115130 0.645815 15.997017
 713.000000 0.246893 0.166153 0.655110 14.316839
 714.000000 0.206355 0.143740 0.649138 16.438857
 715.000000 0.185710 0.118810 0.630762 17.368350
 716.000000 0.171280 0.123212 0.631594 16.631024
 717.000000 0.204743 0.121742 0.632086 16.733101
 718.000000 0.186929 0.105654 0.629029 16.792299
 719.000000 0.189199 0.110321 0.620851 17.009867
 720.000000 0.183411 0.101055 0.620541 16.566528
 721.000000 0.209935 0.102646 0.623230 16.200284
 722.000000 0.181265 0.122085 0.633183 17.115688
 723.000000 0.194331 0.129462 0.632890 16.482059
 724.000000 0.169449 0.123396 0.629000 17.472840
 725.000000 0.177345 0.117453 0.623056 17.174321
 726.000000 0.190942 0.101353 0.626222 16.191679
 727.000000 0.166395 0.098607 0.624285 17.179409
 728.000000 0.156099 0.106959 0.619408 17.760705
 729.000000 0.180568 0.111669 0.627085 16.588351
 730.000000 0.188315 0.121828 0.629328 16.543026
 731.000000 0.166868 0.115124 0.633593 16.734379
 732.000000 0.195984 0.120076 0.623039 16.581074
 733.000000 0.193223 0.122817 0.629535 16.936664
 734.000000 0.196818 0.121408 0.632905 17.031113
 735.000000 0.200776 0.102491 0.622572 16.551283
 736.000000 0.224272 0.100032 0.630371 16.944100
 737.000000 0.220300 0.099845 0.626055 16.912164
 738.000000 0.212436 0.115194 0.620487 17.758140
 739.000000 0.204869 0.117287 0.619632 17.597147
 740.000000 0.213150 0.097793 0.623869 16.896329
 741.000000 0.232472 0.125909 0.617747 17.606080
 742.000000 0.225512 0.107257 0.619324 16.656025
 743.000000 0.172360 0.106323 0.613832 18.305279
 744.000000 0.187268 0.128948 0.621811 16.943316
 745.000000 0.197895 0.095676 0.612008 17.639186
 746.000000 0.188704 0.117454 0.612860 17.034332
 747.000000 0.161530 0.120241 0.625446 16.835156
 748.000000 0.198848 0.107597 0.613089 17.130598
 749.000000 0.185065 0.118747 0.613346 17.527087
 750.000000 0.180392 0.127829 0.620108 17.320911
 751.000000 0.208079 0.116527 0.619850 16.981348
 752.000000 0.191350 0.125439 0.620641 17.182005
 753.000000 0.214095 0.134400 0.626088 16.647751
 754.000000 0.174534 0.110541 0.628047 17.204627
 755.000000 0.192624 0.123350 0.623699 16.764101
 756.000000 0.183183 0.109507 0.614354 17.759289
 757.000000 0.195320 0.123873 0.620272 16.744600
 758.000000 0.224584 0.127960 0.625297 16.630551
 759.000000 0.223977 0.111909 0.617522 17.382136
 760.000000 0.242142 0.128692 0.629310 16.716585
 761.000000 0.214041 0.116363 0.619828 17.431623
 762.000000 0.230862 0.113160 0.616968 16.645726
 763.000000 0.223080 0.124568 0.626940 16.348612
 764.000000 0.225980 0.103771 0.630014 17.018717
 765.000000 0.211546 0.106844 0.632883 17.154830
 766.000000 0.209684 0.112324 0.623126 17.603577
 767.000000 0.217026 0.113699 0.619173 17.090872
 768.000000 0.218591 0.125564 0.623028 17.562670
 769.000000 0.201288 0.103538 0.624951 16.401552
 770.000000 0.220685 0.106406 0.631784 15.638978
 771.000000 0.207698 0.119527 0.629555 16.206199
 772.000000 0.173230 0.114081 0.619035 17.411195
 773.000000 0.174081 0.123954 0.622083 17.540628
 774.000000 0.188118 0.102973 0.622154 16.197521
 775.000000 0.194535 0.129954 0.623771 17.118120
 776.000000 0.191204 0.106851 0.616062 17.501418
 777.000000 0.221632 0.128256 0.631142 15.834627
 778.000000 0.182226 0.100573 0.617631 17.211938
 779.000000 0.203137 0.108395 0.630146 17.477840
 780.000000 0.191293 0.119279 0.635918 17.130955
 781.000000 0.207466 0.110075 0.626579 16.141370
 782.000000 0.152798 0.119618 0.633126 17.221173
 783.000000 0.175865 0.112153 0.629574 17.073250
 784.000000 0.184268 0.129660 0.620423 16.649412
 785.000000 0.197904 0.133201 0.620376 16.664197
 786.000000 0.176535 0.106981 0.617230 17.447171
 787.000000 0.175840 0.111367 0.626127 17.577761
 788.000000 0.200346 0.117976 0.614656 16.544121
 789.000000 0.208273 0.117391 0.623900 17.137618
 790.000000 0.198142 0.113484 0.613958 17.318160
 791.000000 0.195563 0.116199 0.622090 17.521577
 792.000000 0.192647 0.101949 0.619959 17.416260
 793.000000 0.168561 0.108480 0.619610 17.856879
 794.000000 0.177498 0.104806 0.619729 17.162347
 795.000000 0.191527 0.095999 0.626328 16.702420
 796.000000 0.181277 0.088129 0.625369 16.362812
 797.000000 0.162989 0.101945 0.619515 17.643430
 798.000000 0.177505 0.099755 0.618682 17.966730
 799.000000 0.173771 0.103830 0.618503 17.864487
 800.000000 0.163098 0.104933 0.619448 18.018722
 801.000000 0.162902 0.116993 0.616899 18.594845
 802.000000 0.186053 0.101556 0.609572 17.785834
 803.000000 0.201289 0.110886 0.607254 17.483791
 804.000000 0.176553 0.102936 0.616813 18.044474
 805.000000 0.193103 0.114917 0.609614 17.082575
 806.000000 0.194752 0.128416 0.615515 17.858649
 807.000000 0.161605 0.113239 0.619414 17.733073
 808.000000 0.168253 0.109613 0.619660 17.298547
 809.000000 0.155547 0.110283 0.612154 18.233269
 810.000000 0.162249 0.110857 0.625311 17.312571
 811.000000 0.153760 0.103870 0.611134 19.155875
 812.000000 0.200990 0.121537 0.623570 16.511369
 813.000000 0.184996 0.108967 0.611476 18.298937
 814.000000 0.193142 0.100719 0.611672 17.862682
 815.000000 0.187382 0.119149 0.609205 17.437724
 816.000000 0.200603 0.111670 0.615259 16.987712
 817.000000 0.187094 0.099829 0.615544 17.204032
 818.000000 0.189976 0.109480 0.615939 16.515832
 819.000000 0.185833 0.116732 0.614891 17.728855
 820.000000 0.172801 0.108253 0.618964 17.851666
 821.000000 0.165949 0.123534 0.615725 17.896642
 822.000000 0.173759 0.092427 0.614835 17.495308
 823.000000 0.193395 0.104816 0.619180 16.954213
 824.000000 0.191299 0.118671 0.626589 16.864596
 825.000000 0.186952 0.124024 0.628074 16.748070
 826.000000 0.211888 0.130493 0.628398 16.000340
 827.000000 0.193763 0.130805 0.632386 16.450273
 828.000000 0.187729 0.123501 0.623718 17.163784
 829.000000 0.187218 0.134683 0.633851 17.237034
 830.000000 0.255445 0.128485 0.641019 14.936775
 831.000000 0.230121 0.123057 0.641090 16.066306
 832.000000 0.230498 0.124621 0.639693 16.214189
 833.000000 0.192123 0.123068 0.622996 17.587407
 834.000000 0.178283 0.117426 0.629739 17.572572
 835.000000 0.193273 0.105487 0.620610 16.634684
 836.000000 0.196908 0.120932 0.624252 16.528756
 837.000000 0.202872 0.128291 0.627149 17.003054
 838.000000 0.216069 0.118879 0.624671 15.844319
 839.000000 0.175844 0.127304 0.628129 17.032897
 840.000000 0.181284 0.110714 0.626534 17.300925
 841.000000 0.183295 0.113898 0.627540 17.984363
 842.000000 0.192848 0.121374 0.623195 16.758360
 843.000000 0.189003 0.132811 0.630698 16.707332
 844.000000 0.181396 0.120990 0.622747 16.968823
 845.000000 0.228705 0.103323 0.620904 16.855033
 846.000000 0.218222 0.132830 0.628595 17.390229
 847.000000 0.223696 0.123592 0.626189 17.157985
 848.000000 0.251408 0.125006 0.629885 16.080582
 849.000000 0.235500 0.107997 0.628494 15.812727
 850.000000 0.255005 0.135968 0.635338 14.966746
 851.000000 0.227262 0.132220 0.623625 16.947980
 852.000000 0.231252 0.136986 0.627682 17.941437
 853.000000 0.239234 0.124266 0.629935 16.680558
 854.000000 0.208330 0.121947 0.627338 17.774442
 855.000000 0.176667 0.130559 0.629540 18.093904
 856.000000 0.186109 0.123880 0.635061 16.982546
 857.000000 0.187612 0.116932 0.636427 17.588900
 858.000000 0.240920 0.121288 0.626044 16.479477
 859.000000 0.251628 0.123063 0.632569 15.883266
 860.000000 0.203635 0.130718 0.635978 17.582210
 861.000000 0.246036 0.116744 0.636720 16.761289
 862.000000 0.224943 0.127961 0.622848 17.457409
 863.000000 0.237228 0.124426 0.633707 16.127281
 864.000000 0.247632 0.122364 0.640656 15.925165
 865.000000 0.232141 0.120812 0.635373 16.539168
 866.000000 0.254345 0.126058 0.633600 16.894173
 867.000000 0.214933 0.111022 0.633398 17.194690
 868.000000 0.220016 0.106983 0.632446 16.559722
 869.000000 0.204049 0.110569 0.648876 15.424603
 870.000000 0.189308 0.113711 0.627351 17.308862
 871.000000 0.206946 0.131001 0.623878 17.610126
 872.000000 0.203342 0.123509 0.621729 15.802022
 873.000000 0.185005 0.147648 0.636466 16.388189
 874.000000 0.185690 0.143091 0.626942 15.726715
 875.000000 0.190448 0.134323 0.640254 15.809655
 876.000000 0.228662 0.130342 0.631571 15.617999
 877.000000 0.241133 0.129142 0.635167 15.650562
 878.000000 0.243206 0.151592 0.631987 16.033775
 879.000000 0.248205 0.132506 0.635033 15.285569
 880.000000 0.262965 0.139121 0.636260 15.393387
 881.000000 0.256625 0.130373 0.624746 16.049509
 882.000000 0.254618 0.134755 0.628209 15.874182
 883.000000 0.246091 0.122819 0.628154 15.493606
 884.000000 0.247325 0.130897 0.634097 16.967832
 885.000000 0.248455 0.135721 0.633315 15.496349
 886.000000 0.261914 0.133276 0.635052 15.806381
 887.000000 0.270874 0.137160 0.635996 15.805912
 888.000000 0.234020 0.117185 0.634204 16.290405
 889.000000 0.214226 0.131137 0.635440 15.738744
 890.000000 0.208415 0.120892 0.632457 16.803507
 891.000000 0.213062 0.124424 0.636960 16.729875
 892.000000 0.235838 0.124516 0.631584 15.781032
 893.000000 0.208413 0.116406 0.630825 16.832083
 894.000000 0.221671 0.116421 0.641414 15.476403
 895.000000 0.260526 0.118177 0.633758 15.658645
 896.000000 0.200069 0.125766 0.639899 15.937787
 897.000000 0.172023 0.118541 0.628872 16.969224
 898.000000 0.224605 0.108210 0.625756 16.678111
 899.000000 0.192987 0.107961 0.630376 17.191918
 900.000000 0.206535 0.110447 0.629911 17.478932
 901.000000 0.234049 0.108469 0.638461 16.356105
 902.000000 0.236538 0.113715 0.628220 16.190078
 903.000000 0.214736 0.117225 0.636640 15.262010
 904.000000 0.207505 0.108021 0.635375 16.557062
 905.000000 0.226322 0.109310 0.631712 16.656334
 906.000000 0.225672 0.109605 0.637309 16.556650
 907.000000 0.237536 0.120871 0.640286 16.508670
 908.000000 0.251090 0.118109 0.629386 15.683868
 909.000000 0.259838 0.118447 0.632122 15.743870
 910.000000 0.230471 0.102102 0.636506 17.082446
 911.000000 0.248798 0.101435 0.633224 15.671395
 912.000000 0.247259 0.106781 0.634597 17.315518
 913.000000 0.231114 0.109842 0.636449 16.180244
 914.000000 0.255420 0.114257 0.627767 15.528056
 915.000000 0.254480 0.094511 0.625675 15.577989
 916.000000 0.238930 0.100313 0.631785 16.095262
 917.000000 0.256220 0.112776 0.643463 15.138617
 918.000000 0.260602 0.117151 0.646733 14.886781
 919.000000 0.255174 0.120614 0.636251 15.225503
 920.000000 0.261021 0.129773 0.649664 14.263550
 921.000000 0.253180 0.125962 0.655838 15.399437
 922.000000 0.249772 0.103937 0.635593 16.109761
 923.000000 0.219299 0.100640 0.628845 16.890435
 924.000000 0.259713 0.115185 0.637208 15.961926
 925.000000 0.220090 0.099307 0.634841 16.329093
 926.000000 0.254354 0.090192 0.629272 15.986290
 927.000000 0.281697 0.107703 0.631915 15.997163
 928.000000 0.246455 0.092730 0.630364 16.191313
 929.000000 0.255327 0.108455 0.636954 16.113616
 930.000000 0.284035 0.120755 0.630206 16.030325
 931.000000 0.307409 0.117940 0.638489 15.565335
 932.000000 0.340698 0.114147 0.634728 15.077323
 933.000000 0.344512 0.136990 0.645282 14.976252
 934.000000 0.290387 0.117205 0.642297 14.933581
 935.000000 0.284347 0.127517 0.637618 13.568717
 936.000000 0.322268 0.138703 0.644909 14.291782
 937.000000 0.281631 0.125694 0.638987 16.155012
 938.000000 0.314067 0.122436 0.644580 14.899965
 939.000000 0.217024 0.127097 0.639950 16.397878
 940.000000 0.229910 0.126847 0.634228 16.852064
 941.000000 0.182397 0.109960 0.627538 17.676687
 942.000000 0.224519 0.122822 0.633437 16.317880
 943.000000 0.219841 0.102048 0.631894 17.613217
 944.000000 0.214370 0.102382 0.641938 16.652706
 945.000000 0.226640 0.090241 0.642751 17.190692
 946.000000 0.212922 0.101741 0.637390 17.678705
 947.000000 0.195036 0.098911 0.640227 16.497460
 948.000000 0.183301 0.107952 0.635947 17.099804
 949.000000 0.188588 0.099110 0.633196 16.907419
 950.000000 0.215869 0.115493 0.634065 17.037222
 951.000000 0.222290 0.118448 0.626631 18.471553
 952.000000 0.215716 0.132894 0.631349 17.818300
 953.000000 0.224150 0.106038 0.625325 18.081293
 954.000000 0.216605 0.117279 0.632581 18.264298
 955.000000 0.231552 0.130111 0.637052 16.003252
 956.000000 0.218761 0.118664 0.637520 16.752013
 957.000000 0.254310 0.125284 0.639036 15.566639
 958.000000 0.258398 0.125901 0.638105 15.460777
 959.000000 0.233448 0.097614 0.621733 17.264243
 960.000000 0.228225 0.097615 0.625940 16.303579
 961.000000 0.229597 0.107825 0.628433 17.373333
 962.000000 0.254246 0.121166 0.629433 16.075681
 963.000000 0.229655 0.127812 0.653599 15.614560
 964.000000 0.271837 0.116146 0.633759 15.350068
 965.000000 0.243364 0.131684 0.648330 14.754732
 966.000000 0.219150 0.092871 0.633671 16.889985
 967.000000 0.260878 0.109512 0.629469 15.787205
 968.000000 0.231266 0.098312 0.633059 16.133944
 969.000000 0.233107 0.120436 0.638685 15.330691
 970.000000 0.212756 0.123287 0.637886 15.620896
 971.000000 0.227082 0.127715 0.636667 15.367179
 972.000000 0.236895 0.123274 0.633706 15.734821
 973.000000 0.220440 0.105473 0.621976 16.347334
 974.000000 0.218275 0.124001 0.638433 17.244872
 975.000000 0.243179 0.114296 0.631646 15.571796
 976.000000 0.230366 0.118749 0.626284 15.855774
 977.000000 0.252452 0.111077 0.629200 15.786431
 978.000000 0.247566 0.110522 0.634867 15.794801
 979.000000 0.257408 0.115359 0.631734 15.337087
 980.000000 0.229543 0.117138 0.631419 16.563743
 981.000000 0.201004 0.115895 0.626997 17.315035
 982.000000 0.217192 0.117630 0.626832 17.115587
 983.000000 0.219120 0.129499 0.624714 17.331595
 984.000000 0.189320 0.114017 0.625727 16.711017
 985.000000 0.175295 0.119062 0.631057 17.613977
 986.000000 0.187212 0.130829 0.634256 16.458150
 987.000000 0.180608 0.125910 0.632534 16.476998
 988.000000 0.196513 0.113851 0.629823 16.711467
 989.000000 0.178478 0.124045 0.634862 17.007832
 990.000000 0.192462 0.140226 0.618137 16.421142
 991.000000 0.204309 0.127046 0.628254 16.497695
 992.000000 0.241530 0.132616 0.637095 16.447244
 993.000000 0.226674 0.119818 0.634308 16.604346
 994.000000 0.202313 0.114834 0.629251 17.032004
 995.000000 0.182224 0.100963 0.637300 17.262063
 996.000000 0.206742 0.107318 0.623864 17.926278
 997.000000 0.215972 0.120060 0.640053 16.322271
 998.000000 0.232447 0.102336 0.640383 16.696429
 999.000000 0.264500 0.107242 0.635790 16.038621
 1000.000000 0.282077 0.128793 0.636228 16.127644
 1001.000000 0.288457 0.108351 0.632806 15.729619
 1002.000000 0.300726 0.148434 0.640364 15.327655
 1003.000000 0.298493 0.113787 0.634842 15.776823
 1004.000000 0.261075 0.119705 0.627220 17.020623
 1005.000000 0.250782 0.114724 0.623921 17.283076
 1006.000000 0.255305 0.122303 0.633625 16.735440
 1007.000000 0.260704 0.103047 0.636812 16.063583
 1008.000000 0.252848 0.110581 0.636765 16.820190
 1009.000000 0.244232 0.109749 0.634501 16.159395
 1010.000000 0.246280 0.107133 0.628336 16.910390
 1011.000000 0.265718 0.107369 0.628596 15.710367
 1012.000000 0.274615 0.119240 0.633795 16.441071
 1013.000000 0.245199 0.118974 0.634788 16.486871
 1014.000000 0.266257 0.118926 0.629342 16.726909
 1015.000000 0.269991 0.112227 0.634886 16.332549
 1016.000000 0.278647 0.127069 0.640958 15.212493
 1017.000000 0.277222 0.114275 0.629927 16.133683
 1018.000000 0.250664 0.109296 0.631657 16.157841
 1019.000000 0.238332 0.125951 0.633511 16.827737
 1020.000000 0.286777 0.123769 0.631498 16.380571
 1021.000000 0.255558 0.124448 0.622436 16.762575
 1022.000000 0.248970 0.114298 0.636222 17.384721
 1023.000000 0.265962 0.121527 0.628153 16.561240
 1024.000000 0.250867 0.113886 0.635811 16.576855
 1025.000000 0.253191 0.114245 0.636545 16.931792
 1026.000000 0.224500 0.110157 0.628932 17.078092
 1027.000000 0.250429 0.122053 0.639199 17.294592
 1028.000000 0.239801 0.121775 0.638881 16.907735
 1029.000000 0.223381 0.124651 0.641361 16.860369
 1030.000000 0.235649 0.127160 0.636496 15.984429
 1031.000000 0.209374 0.119239 0.636162 15.896839
 1032.000000 0.206436 0.114010 0.630866 16.556889
 1033.000000 0.240120 0.132677 0.641932 16.372947
 1034.000000 0.215826 0.107746 0.631575 16.246492
 1035.000000 0.275518 0.120659 0.629358 15.888714
 1036.000000 0.233397 0.117497 0.630507 16.082175
 1037.000000 0.245091 0.121546 0.628659 16.438300
 1038.000000 0.210163 0.115897 0.624844 17.120449
 1039.000000 0.229183 0.126563 0.620866 17.462524
 1040.000000 0.238164 0.116620 0.625031 17.072996
 1041.000000 0.232763 0.127373 0.630249 16.153777
 1042.000000 0.246015 0.105771 0.623688 15.897680
 1043.000000 0.204925 0.120043 0.628509 17.540161
 1044.000000 0.220401 0.122605 0.626068 16.750858
 1045.000000 0.222916 0.118966 0.632248 17.104071
 1046.000000 0.225176 0.120021 0.629071 17.292999
 1047.000000 0.234098 0.111651 0.635348 16.184677
 1048.000000 0.233736 0.118920 0.622672 16.936436
 1049.000000 0.209767 0.128467 0.629934 16.393572
 1050.000000 0.218361 0.120461 0.624613 16.565588
 1051.000000 0.252845 0.104978 0.638964 16.724577
 1052.000000 0.252487 0.134928 0.627166 17.233321
 1053.000000 0.252110 0.135291 0.633359 15.800659
 1054.000000 0.275927 0.115996 0.621607 17.285076
 1055.000000 0.220358 0.110055 0.630654 16.835481
 1056.000000 0.225254 0.114458 0.633281 16.523075
 1057.000000 0.232458 0.125213 0.631065 16.731641
 1058.000000 0.226878 0.105338 0.621956 17.227129
 1059.000000 0.225816 0.124353 0.626845 17.279083
 1060.000000 0.244317 0.121119 0.630738 16.008869
 1061.000000 0.241482 0.133544 0.631681 16.709629
 1062.000000 0.207078 0.110501 0.621318 17.680857
 1063.000000 0.190898 0.113524 0.632644 17.205860
 1064.000000 0.238303 0.114276 0.631157 16.090593
 1065.000000 0.224895 0.124166 0.630782 17.127370
 1066.000000 0.234056 0.129064 0.624453 16.461232
 1067.000000 0.231400 0.118814 0.634296 16.741374
 1068.000000 0.246481 0.124442 0.626290 16.973921
 1069.000000 0.204745 0.102902 0.628848 17.308631
 1070.000000 0.227419 0.109338 0.625496 16.179172
 1071.000000 0.207601 0.120614 0.621211 17.502978
 1072.000000 0.216540 0.106838 0.622036 17.345138
 1073.000000 0.192701 0.102034 0.625974 17.505881
 1074.000000 0.212055 0.117832 0.628423 16.715356
 1075.000000 0.228056 0.132982 0.631438 15.617969
 1076.000000 0.214873 0.110238 0.627448 17.229388
 1077.000000 0.251478 0.139746 0.629131 16.542709
 1078.000000 0.226048 0.117808 0.629423 16.363187
 1079.000000 0.227157 0.092569 0.631952 17.472363
 1080.000000 0.169217 0.103526 0.632379 16.963216
 1081.000000 0.204519 0.112026 0.637857 15.877842
 1082.000000 0.215199 0.101968 0.635450 17.252766
 1083.000000 0.244310 0.112601 0.639793 15.469840
 1084.000000 0.231025 0.115531 0.630084 16.966779
 1085.000000 0.239577 0.096666 0.636882 15.649138
 1086.000000 0.207853 0.092045 0.634511 16.701388
 1087.000000 0.252257 0.110575 0.635400 16.893734
 1088.000000 0.221951 0.127263 0.634243 17.411202
 1089.000000 0.261595 0.124261 0.639006 16.119925
 1090.000000 0.245895 0.137214 0.645210 16.088833
 1091.000000 0.279548 0.126021 0.637067 15.482553
 1092.000000 0.244011 0.119574 0.630732 16.643884
 1093.000000 0.271229 0.109516 0.640391 16.067426
 1094.000000 0.261584 0.113892 0.632491 16.448622
 1095.000000 0.269914 0.122218 0.626259 15.796913
 1096.000000 0.283151 0.113729 0.622488 15.998626
 1097.000000 0.251756 0.122488 0.628178 16.462959
 1098.000000 0.261128 0.118736 0.638457 15.969690
 1099.000000 0.242404 0.125753 0.631153 17.103192
 1100.000000 0.203331 0.147664 0.644837 16.797212
 1101.000000 0.233393 0.123079 0.632243 16.163973
 1102.000000 0.219964 0.125116 0.638563 16.153676
 1103.000000 0.209287 0.095372 0.631726 16.381829
 1104.000000 0.205372 0.087488 0.629275 17.252117
 1105.000000 0.237648 0.101676 0.623582 17.244220
 1106.000000 0.218347 0.104659 0.625336 17.579511
 1107.000000 0.215782 0.115372 0.629649 16.278640
 1108.000000 0.245085 0.121220 0.623066 17.134136
 1109.000000 0.232373 0.099646 0.633636 16.864617
 1110.000000 0.223697 0.112326 0.632820 16.192943
 1111.000000 0.215033 0.113041 0.634027 16.403273
 1112.000000 0.219591 0.105031 0.623215 16.872744
 1113.000000 0.226083 0.125241 0.632220 15.563607
 1114.000000 0.281093 0.113383 0.643615 15.331890
 1115.000000 0.254986 0.115459 0.639909 15.564150
 1116.000000 0.225181 0.101594 0.632094 16.753648
 1117.000000 0.211854 0.105101 0.635634 16.580563
 1118.000000 0.236588 0.116817 0.634510 15.748173
 1119.000000 0.210344 0.123299 0.640624 16.560266
 1120.000000 0.230396 0.124699 0.627596 16.888981
 1121.000000 0.237339 0.123836 0.636875 16.344542
 1122.000000 0.251118 0.116534 0.643979 16.439974
 1123.000000 0.241316 0.123389 0.638754 15.762582
 1124.000000 0.231581 0.135253 0.637354 16.040159
 1125.000000 0.225350 0.131352 0.640632 15.812570
 1126.000000 0.228830 0.125118 0.621528 15.927869
 1127.000000 0.227054 0.123585 0.630440 15.872187
 1128.000000 0.233775 0.117344 0.637065 16.101194
 1129.000000 0.243902 0.117401 0.635204 15.515132
 1130.000000 0.253885 0.152379 0.633373 15.682510
 1131.000000 0.226846 0.131033 0.630232 16.578324
 1132.000000 0.238968 0.119440 0.630811 15.777449
 1133.000000 0.184435 0.117217 0.633634 17.024886
 1134.000000 0.220796 0.112019 0.635538 18.186847
 1135.000000 0.234184 0.122067 0.630881 16.866076
 1136.000000 0.235401 0.127932 0.637246 15.421813
 1137.000000 0.181489 0.109691 0.633813 17.372505
 1138.000000 0.204387 0.126720 0.624974 15.877169
 1139.000000 0.188869 0.102480 0.625731 16.866138
 1140.000000 0.192533 0.112946 0.629684 17.228845
 1141.000000 0.216829 0.131419 0.635942 16.014285
 1142.000000 0.218371 0.131389 0.630226 15.699847
 1143.000000 0.213146 0.126844 0.636973 16.858407
 1144.000000 0.237452 0.117998 0.628000 15.983057
 1145.000000 0.222656 0.120385 0.646064 15.895671
 1146.000000 0.244816 0.111756 0.638807 15.568329
 1147.000000 0.161183 0.125006 0.647245 16.534820
 1148.000000 0.168365 0.121769 0.636524 16.970985
 1149.000000 0.200673 0.117162 0.639067 16.889768
 1150.000000 0.176795 0.109907 0.637514 17.791097
 1151.000000 0.188646 0.115224 0.635228 17.031096
 1152.000000 0.188928 0.106685 0.630787 16.510576
 1153.000000 0.202635 0.109678 0.618567 16.137032
 1154.000000 0.193784 0.103437 0.636357 16.360215
 1155.000000 0.180838 0.117549 0.636287 17.381448
 1156.000000 0.197281 0.121326 0.642044 15.935929
 1157.000000 0.176443 0.104962 0.625312 18.147341
 1158.000000 0.190234 0.120010 0.630032 16.848199
 1159.000000 0.189761 0.113433 0.625464 17.383236
 1160.000000 0.196420 0.106007 0.628338 16.879920
 1161.000000 0.201658 0.109593 0.625943 16.103582
 1162.000000 0.185676 0.115752 0.629874 17.367582
 1163.000000 0.201185 0.114828 0.635964 18.006796
 1164.000000 0.204098 0.113843 0.626373 17.279005
 1165.000000 0.181637 0.128392 0.635755 17.256454
 1166.000000 0.203315 0.130482 0.625455 17.556111
 1167.000000 0.184262 0.115211 0.634351 16.679915
 1168.000000 0.187998 0.113402 0.628009 17.071888
 1169.000000 0.183613 0.108086 0.633694 16.481951
 1170.000000 0.214173 0.123972 0.638800 15.216687
 1171.000000 0.177668 0.120344 0.641563 16.959086
 1172.000000 0.180926 0.113459 0.629044 17.153385
 1173.000000 0.216287 0.123288 0.639279 15.330807
 1174.000000 0.213346 0.108030 0.633787 16.312784
 1175.000000 0.207532 0.119510 0.630828 16.644121
 1176.000000 0.222986 0.122523 0.622483 16.137938
 1177.000000 0.195415 0.124143 0.634345 16.573884
 1178.000000 0.194988 0.128211 0.631150 16.491470
 1179.000000 0.212318 0.123881 0.628144 17.458022
 1180.000000 0.179643 0.126854 0.629093 16.585383
 1181.000000 0.202671 0.146839 0.642324 15.194331
 1182.000000 0.198330 0.125679 0.621123 16.923460
 1183.000000 0.194443 0.143835 0.631435 16.298500
 1184.000000 0.184130 0.132775 0.632331 16.145544
 1185.000000 0.191041 0.125500 0.629011 17.240122
 1186.000000 0.197823 0.118957 0.625353 16.427787
 1187.000000 0.208517 0.136557 0.642039 15.344089
 1188.000000 0.205403 0.122346 0.628798 15.779046
 1189.000000 0.187709 0.102114 0.624950 16.832281
 1190.000000 0.167217 0.109830 0.627823 16.853663
 1191.000000 0.167873 0.124495 0.628609 17.365558
 1192.000000 0.195211 0.115322 0.628468 16.300330
 1193.000000 0.150787 0.114104 0.634361 16.931397
 1194.000000 0.207304 0.114136 0.644596 15.987737
 1195.000000 0.202323 0.096392 0.628352 16.568013
 1196.000000 0.214572 0.099070 0.630030 16.393082
 1197.000000 0.220133 0.119738 0.632463 16.015584
 1198.000000 0.221359 0.125934 0.631797 15.814859
 1199.000000 0.219122 0.132454 0.633480 16.972072
 1200.000000 0.227268 0.124802 0.630332 15.977136
 1201.000000 0.221191 0.115711 0.633778 16.865191
 1202.000000 0.201262 0.119761 0.635419 16.214310
 1203.000000 0.194338 0.123602 0.631954 16.574111
 1204.000000 0.227195 0.111401 0.630110 16.399505
 1205.000000 0.215209 0.127901 0.637798 16.739160
 1206.000000 0.244657 0.126075 0.631105 16.165394
 1207.000000 0.254385 0.139971 0.628612 16.271555
 1208.000000 0.211866 0.111128 0.624910 16.834649
 1209.000000 0.221373 0.127099 0.630853 16.589895
 1210.000000 0.209804 0.125013 0.635780 16.912408
 1211.000000 0.212394 0.093265 0.629662 18.072510
 1212.000000 0.229707 0.114565 0.628183 16.657989
 1213.000000 0.224330 0.112316 0.623916 16.543606
 1214.000000 0.237509 0.126462 0.632186 16.265191
 1215.000000 0.210614 0.114633 0.628172 17.906244
 1216.000000 0.232890 0.118127 0.630437 16.348835
 1217.000000 0.255120 0.116078 0.622579 17.416749
 1218.000000 0.268955 0.138436 0.636782 15.388784
 1219.000000 0.219688 0.150933 0.641313 16.899237
 1220.000000 0.239609 0.126816 0.631397 17.130296
 1221.000000 0.258329 0.141916 0.637219 16.669951
 1222.000000 0.232704 0.140388 0.645377 16.895769
 1223.000000 0.239167 0.146218 0.638218 17.325123
 1224.000000 0.210250 0.122453 0.630850 18.147918
 1225.000000 0.264194 0.113371 0.628439 17.185903
 1226.000000 0.280855 0.123679 0.631509 15.644038
 1227.000000 0.238520 0.121715 0.637928 14.707172
 1228.000000 0.256602 0.134862 0.638161 16.027263
 1229.000000 0.300263 0.164744 0.660120 16.164542
 1230.000000 0.280602 0.148661 0.645458 14.699456
 1231.000000 0.235826 0.163831 0.649492 14.316120
 1232.000000 0.250572 0.184799 0.658709 15.731821
 1233.000000 0.245107 0.163653 0.650347 13.441593
 1234.000000 0.221729 0.179212 0.662141 14.530531
 1235.000000 0.241148 0.175119 0.654918 14.214333
 1236.000000 0.232800 0.138633 0.646706 14.398527
 1237.000000 0.235604 0.169209 0.665653 14.558399
 1238.000000 0.231552 0.179253 0.668102 13.796562
 1239.000000 0.257302 0.179018 0.663962 14.655726
 1240.000000 0.264932 0.183654 0.671616 12.928674
 1241.000000 0.257570 0.169693 0.665652 13.483650
 1242.000000 0.265795 0.186546 0.659644 13.446867
 1243.000000 0.260421 0.158277 0.652575 13.606819
 1244.000000 0.228798 0.158008 0.661799 13.516466
 1245.000000 0.260214 0.143686 0.642021 14.325729
 1246.000000 0.281102 0.158032 0.651265 16.110686
 1247.000000 0.325165 0.183448 0.665487 14.068553
 1248.000000 0.288359 0.177329 0.663759 14.250992
 1249.000000 0.246989 0.167139 0.662251 13.523791
 1250.000000 0.267741 0.161925 0.651363 14.922497
 1251.000000 0.223786 0.160645 0.648278 14.435945
 1252.000000 0.239951 0.141162 0.647689 13.911622
 1253.000000 0.229505 0.155754 0.656437 14.795414
 1254.000000 0.256004 0.126223 0.642411 14.579264
 1255.000000 0.169032 0.123254 0.644619 16.569556
 1256.000000 0.236220 0.121965 0.640213 15.419100
 1257.000000 0.220493 0.127367 0.652078 14.742476
 1258.000000 0.195975 0.135853 0.652189 14.302348
 1259.000000 0.182585 0.138148 0.642831 14.189558
 1260.000000 0.170267 0.148992 0.648336 14.397031
 1261.000000 0.173944 0.150772 0.647274 13.266355
 1262.000000 0.161808 0.133499 0.645895 14.976167
 1263.000000 0.162796 0.129195 0.640199 16.149292
 1264.000000 0.175343 0.135029 0.645567 14.940397
 1265.000000 0.158914 0.134559 0.641362 14.757567
 1266.000000 0.185578 0.127442 0.640503 15.905665
 1267.000000 0.165982 0.148797 0.647235 14.519292
 1268.000000 0.178319 0.139033 0.637544 15.132413
 1269.000000 0.164930 0.144208 0.645489 14.969200
 1270.000000 0.228270 0.145219 0.639351 15.010944
 1271.000000 0.181272 0.123818 0.639755 15.975821
 1272.000000 0.196747 0.143135 0.643671 14.904903
 1273.000000 0.190375 0.143148 0.644014 15.029271
 1274.000000 0.158967 0.130433 0.630611 15.704106
 1275.000000 0.175793 0.126186 0.644454 15.132813
 1276.000000 0.194206 0.113550 0.640570 13.488957
 1277.000000 0.191858 0.120875 0.634368 15.696807
 1278.000000 0.168647 0.138177 0.645661 13.761322
 1279.000000 0.184192 0.131155 0.630259 15.993542
 1280.000000 0.176840 0.128257 0.636528 14.584704
 1281.000000 0.165534 0.137223 0.636355 15.782367
 1282.000000 0.233156 0.120183 0.631343 15.398981
 1283.000000 0.208240 0.130052 0.633446 16.071264
 1284.000000 0.200423 0.139912 0.635150 16.424635
 1285.000000 0.200767 0.140023 0.644676 16.562163
 1286.000000 0.193607 0.138061 0.635082 16.598444
 1287.000000 0.195128 0.139374 0.648368 15.167153
 1288.000000 0.202021 0.141321 0.643149 15.752054
 1289.000000 0.160889 0.155472 0.646006 14.678121
 1290.000000 0.177468 0.163931 0.646700 14.191549
 1291.000000 0.169452 0.154462 0.656649 15.494250
 1292.000000 0.174237 0.124195 0.647542 17.636068
 1293.000000 0.169246 0.122813 0.637301 14.815805
 1294.000000 0.174076 0.133525 0.647483 15.391070
 1295.000000 0.178199 0.119399 0.647651 15.712086
 1296.000000 0.179078 0.140795 0.652547 15.217499
 1297.000000 0.166016 0.128661 0.646532 15.319857
 1298.000000 0.171712 0.137721 0.640496 14.488291
 1299.000000 0.176299 0.122355 0.641810 14.930463
 1300.000000 0.170341 0.113517 0.645911 15.760628
 1301.000000 0.189475 0.139070 0.651307 14.390444
 1302.000000 0.192558 0.138274 0.650882 14.602220
 1303.000000 0.176727 0.136947 0.640885 15.973425
 1304.000000 0.208902 0.129515 0.631753 17.631743
 1305.000000 0.200547 0.121475 0.640788 15.560186
 1306.000000 0.200917 0.127839 0.643323 15.668471
 1307.000000 0.180366 0.131414 0.650198 15.277175
 1308.000000 0.190576 0.142901 0.647932 15.447325
 1309.000000 0.206199 0.165172 0.654164 15.881489
 1310.000000 0.182877 0.141643 0.648355 14.200786
 1311.000000 0.210591 0.144988 0.654954 14.975224
 1312.000000 0.194233 0.135528 0.650030 15.614978
 1313.000000 0.221690 0.126529 0.641068 15.303436
 1314.000000 0.224860 0.146955 0.645964 14.927462
 1315.000000 0.186737 0.136398 0.641821 15.056347
 1316.000000 0.204364 0.137694 0.636795 14.483529
 1317.000000 0.187155 0.119059 0.632252 16.848453
 1318.000000 0.182166 0.128415 0.639521 16.118325
 1319.000000 0.219223 0.128349 0.631911 16.738223
 1320.000000 0.243428 0.134408 0.641057 13.567776
 1321.000000 0.257667 0.112970 0.641132 14.148671
 1322.000000 0.247844 0.142642 0.649287 14.311402
 1323.000000 0.274541 0.162487 0.647363 15.175906
 1324.000000 0.261001 0.173718 0.654287 13.897969
 1325.000000 0.280829 0.161882 0.653928 15.778437
 1326.000000 0.259471 0.140267 0.642936 14.512397
 1327.000000 0.260325 0.144645 0.651013 14.382524
 1328.000000 0.266361 0.156239 0.651315 13.898430
 1329.000000 0.233303 0.125331 0.655840 13.636414
 1330.000000 0.253101 0.171622 0.648577 13.758454
 1331.000000 0.267867 0.161871 0.648537 14.485363
 1332.000000 0.283952 0.155422 0.654142 14.411740
 1333.000000 0.273963 0.142757 0.655037 14.144458
 1334.000000 0.272175 0.173830 0.659900 13.197371
 1335.000000 0.235112 0.177496 0.655698 15.123479
 1336.000000 0.237483 0.182782 0.663252 14.365303
 1337.000000 0.247288 0.196986 0.668942 14.649299
 1338.000000 0.277544 0.175367 0.652734 12.660749
 1339.000000 0.255526 0.182202 0.664780 14.340203
 1340.000000 0.250844 0.181556 0.659431 14.810251
 1341.000000 0.276450 0.170518 0.654936 13.498328
 1342.000000 0.288031 0.177392 0.667168 14.503204
 1343.000000 0.292747 0.187167 0.652567 14.359075
 1344.000000 0.286734 0.154283 0.650585 13.624773
 1345.000000 0.275020 0.162328 0.659920 14.308647
 1346.000000 0.262310 0.149466 0.648235 14.282472
 1347.000000 0.239138 0.140994 0.637196 14.077302
 1348.000000 0.215321 0.144533 0.634604 14.887149
 1349.000000 0.232291 0.139537 0.631924 15.282286
 1350.000000 0.196644 0.149022 0.641947 16.297563
 1351.000000 0.225784 0.136022 0.638858 15.920597
 1352.000000 0.214031 0.134664 0.642257 14.630669
 1353.000000 0.200592 0.132177 0.645239 16.251002
 1354.000000 0.228464 0.131774 0.646783 15.315556
 1355.000000 0.238119 0.128545 0.641046 14.545551
 1356.000000 0.218825 0.133682 0.643325 14.287611
 1357.000000 0.216763 0.132504 0.645834 13.660678
 1358.000000 0.206633 0.122033 0.639743 15.181481
 1359.000000 0.184364 0.139133 0.640178 15.387146
 1360.000000 0.202624 0.128911 0.641711 15.852827
 1361.000000 0.201027 0.124922 0.634463 16.103863
 1362.000000 0.179043 0.128883 0.623961 16.573356
 1363.000000 0.163312 0.136677 0.638255 16.577235
 1364.000000 0.188254 0.130157 0.637294 15.964973
 1365.000000 0.199337 0.142018 0.640055 15.057792
 1366.000000 0.191331 0.115290 0.634820 15.515017
 1367.000000 0.224207 0.157213 0.638837 14.721554
 1368.000000 0.228952 0.136068 0.641597 15.343391
 1369.000000 0.292584 0.145009 0.649285 15.136149
 1370.000000 0.256976 0.139582 0.643171 14.249029
 1371.000000 0.281994 0.193225 0.665304 14.546100
 1372.000000 0.279770 0.187555 0.665947 14.156808
 1373.000000 0.264062 0.187625 0.660562 15.823787
 1374.000000 0.281102 0.181632 0.663787 14.670674
 1375.000000 0.301076 0.175346 0.661680 15.044060
 1376.000000 0.288330 0.176158 0.661678 14.138894
 1377.000000 0.265320 0.182216 0.672462 13.649004
 1378.000000 0.319219 0.188980 0.664128 14.750223
 1379.000000 0.313924 0.179785 0.653101 14.435364
 1380.000000 0.354724 0.165962 0.648161 15.818037
 1381.000000 0.289761 0.177325 0.653641 15.772106
 1382.000000 0.300662 0.168936 0.656251 15.178434
 1383.000000 0.301435 0.172471 0.651508 15.804736
 1384.000000 0.326756 0.164224 0.658021 15.486004
 1385.000000 0.306950 0.177405 0.658304 16.091632
 1386.000000 0.316769 0.179304 0.656037 15.173308
 1387.000000 0.322255 0.155809 0.651048 14.904471
 1388.000000 0.342078 0.187996 0.655626 15.258742
 1389.000000 0.326098 0.166413 0.649982 14.930453
 1390.000000 0.298124 0.149546 0.647613 16.009588
 1391.000000 0.256793 0.154762 0.653010 15.202006
 1392.000000 0.211712 0.129049 0.644003 14.682187
 1393.000000 0.226030 0.133279 0.632976 16.012324
 1394.000000 0.276567 0.161036 0.642446 16.402457
 1395.000000 0.255870 0.137915 0.641603 15.653630
 1396.000000 0.244960 0.132031 0.635632 15.950712
 1397.000000 0.255489 0.133003 0.627725 14.816919
 1398.000000 0.246471 0.138395 0.636828 14.581519
 1399.000000 0.269154 0.139604 0.639544 14.756507
 1400.000000 0.239970 0.116827 0.639904 14.866442
 1401.000000 0.248559 0.139178 0.639878 15.581302
 1402.000000 0.273376 0.140954 0.632983 13.600371
 1403.000000 0.293891 0.159044 0.638148 15.137400
 1404.000000 0.272671 0.148088 0.651262 15.194915
 1405.000000 0.247934 0.157179 0.636810 16.078738
 1406.000000 0.290644 0.156793 0.645504 15.503218
 1407.000000 0.245974 0.139591 0.631351 16.229579
 1408.000000 0.284744 0.142727 0.634393 15.291354
 1409.000000 0.297478 0.153171 0.628162 14.392884
 1410.000000 0.262804 0.156848 0.632622 15.441037
 1411.000000 0.291683 0.171392 0.619321 17.016711
 1412.000000 0.288108 0.145512 0.617778 15.881189
 1413.000000 0.267961 0.140797 0.622296 16.618830
 1414.000000 0.269371 0.153879 0.627007 14.686682
 1415.000000 0.250725 0.154926 0.641749 16.079964
 1416.000000 0.301632 0.155691 0.642046 16.376873
 1417.000000 0.293877 0.158842 0.656680 15.762426
 1418.000000 0.291359 0.164431 0.650957 14.375045
 1419.000000 0.255590 0.154387 0.642242 14.708555
 1420.000000 0.239142 0.156757 0.642687 14.913196
 1421.000000 0.284897 0.159756 0.644458 13.900392
 1422.000000 0.248039 0.146006 0.632866 14.724450
 1423.000000 0.217934 0.136125 0.631747 15.250880
 1424.000000 0.185531 0.124044 0.627772 15.746601
 1425.000000 0.195844 0.141464 0.635252 15.881217
 1426.000000 0.219722 0.126332 0.634950 15.931926
 1427.000000 0.215818 0.149486 0.640296 15.871961
 1428.000000 0.206365 0.157862 0.630683 15.879624
 1429.000000 0.220553 0.141982 0.642217 14.868861
 1430.000000 0.236438 0.145560 0.646291 15.351988
 1431.000000 0.222499 0.149496 0.636172 16.095827
 1432.000000 0.229295 0.146124 0.632184 16.045130
 1433.000000 0.208654 0.124744 0.622369 15.889092
 1434.000000 0.249186 0.123031 0.629984 15.546252
 1435.000000 0.218278 0.125139 0.629249 16.783677
 1436.000000 0.241863 0.121452 0.626916 15.638268
 1437.000000 0.231615 0.108989 0.629589 15.549357
 1438.000000 0.236895 0.142001 0.639026 15.202048
 1439.000000 0.216615 0.120150 0.627907 15.918532
 1440.000000 0.213982 0.118505 0.633841 16.265289
 1441.000000 0.272819 0.136019 0.629397 14.519764
 1442.000000 0.254135 0.136923 0.631608 15.405334
 1443.000000 0.232158 0.130014 0.621062 16.454422
 1444.000000 0.221519 0.156140 0.640583 15.887218
 1445.000000 0.233299 0.150932 0.632620 16.201507
 1446.000000 0.232222 0.110309 0.626234 16.564233
 1447.000000 0.199181 0.104921 0.630411 16.097789
 1448.000000 0.212961 0.124308 0.619202 16.889251
 1449.000000 0.202202 0.102264 0.626426 16.819233
 1450.000000 0.230466 0.134106 0.639015 15.734677
 1451.000000 0.242661 0.123122 0.639152 15.580455
 1452.000000 0.248176 0.113692 0.639813 14.983437
 1453.000000 0.257448 0.117997 0.631932 15.883886
 1454.000000 0.222218 0.109418 0.631880 15.846046
 1455.000000 0.217949 0.113689 0.630981 16.241821
 1456.000000 0.211915 0.119234 0.623728 15.858253
 1457.000000 0.232519 0.119362 0.639958 15.303623
 1458.000000 0.226040 0.122213 0.634619 16.112729
 1459.000000 0.260747 0.102551 0.628131 16.295321
 1460.000000 0.235189 0.102610 0.641329 16.412746
 1461.000000 0.243376 0.127106 0.644013 14.784429
 1462.000000 0.231016 0.119790 0.628504 15.766271
 1463.000000 0.218345 0.115968 0.647112 16.528888
 1464.000000 0.245482 0.132087 0.647776 15.268528
 1465.000000 0.230412 0.116348 0.632964 16.049005
 1466.000000 0.207588 0.106622 0.632492 16.373659
 1467.000000 0.248910 0.108353 0.624972 16.047951
 1468.000000 0.214311 0.105273 0.616991 18.368981
 1469.000000 0.204077 0.121403 0.625932 18.182538
 1470.000000 0.190736 0.105031 0.622413 18.988128
 1471.000000 0.195370 0.103737 0.622275 18.723111
 1472.000000 0.214455 0.116467 0.628421 17.745324
 1473.000000 0.201737 0.103409 0.626070 17.971941
 1474.000000 0.186775 0.081569 0.620340 18.988961
 1475.000000 0.190636 0.114164 0.628529 18.250161
 1476.000000 0.179249 0.098568 0.618881 19.721007
 1477.000000 0.200463 0.098384 0.623538 18.387712
 1478.000000 0.190020 0.093126 0.623439 18.721081
 1479.000000 0.202979 0.113211 0.618403 18.068859
 1480.000000 0.237724 0.102957 0.616281 17.446333
 1481.000000 0.234070 0.114419 0.623708 18.389075
 1482.000000 0.257615 0.124846 0.632612 15.443046
 1483.000000 0.260608 0.117379 0.619323 16.579739
 1484.000000 0.275310 0.115531 0.622620 15.955090
 1485.000000 0.282480 0.108183 0.629910 15.910488
 1486.000000 0.290107 0.119338 0.615446 16.815875
 1487.000000 0.243855 0.101257 0.621581 16.846895
 1488.000000 0.264236 0.136894 0.629471 16.597836
 1489.000000 0.271666 0.124772 0.624685 16.444946
 1490.000000 0.260655 0.126487 0.629814 16.381257
 1491.000000 0.262551 0.114810 0.626233 16.721976
 1492.000000 0.222533 0.105583 0.629379 16.429202
 1493.000000 0.236850 0.101420 0.630093 16.383548
 1494.000000 0.221227 0.109213 0.637559 16.022017
 1495.000000 0.199715 0.113496 0.624179 17.677876
 1496.000000 0.227765 0.103273 0.627491 16.429508
 1497.000000 0.183821 0.106141 0.626950 18.194880
 1498.000000 0.215848 0.102624 0.616796 17.889111
 1499.000000 0.201724 0.109438 0.617118 18.389188
 1500.000000 0.211699 0.109593 0.616619 17.996245
 1501.000000 0.219125 0.116387 0.622889 17.937275
 1502.000000 0.207255 0.123138 0.625304 17.125131
 1503.000000 0.202678 0.124543 0.622401 17.660984
 1504.000000 0.186345 0.113269 0.624545 18.241145
 1505.000000 0.212008 0.112255 0.617714 17.673910
 1506.000000 0.227449 0.101293 0.625666 17.136564
 1507.000000 0.218615 0.117989 0.620994 16.995466
 1508.000000 0.183552 0.129373 0.627629 18.988043
 1509.000000 0.184756 0.110218 0.624284 19.355035
 1510.000000 0.173754 0.140723 0.635071 19.293038
 1511.000000 0.167922 0.142182 0.628744 19.447100
 1512.000000 0.160868 0.137653 0.620733 19.961345
 1513.000000 0.152709 0.129358 0.624005 19.214219
 1514.000000 0.138385 0.125816 0.623919 20.581941
 1515.000000 0.151390 0.121679 0.621259 19.632680
 1516.000000 0.178774 0.114074 0.622694 19.432693
 1517.000000 0.154541 0.120462 0.627299 19.690936
 1518.000000 0.176360 0.117531 0.630926 20.371544
 1519.000000 0.203130 0.126449 0.629601 18.601410
 1520.000000 0.168046 0.139198 0.628107 19.392036
 1521.000000 0.162850 0.133768 0.623506 20.212721
 1522.000000 0.166048 0.112137 0.624666 19.166466
 1523.000000 0.179791 0.121654 0.634252 18.692235
 1524.000000 0.160153 0.119160 0.624113 19.107043
 1525.000000 0.167928 0.127451 0.629564 19.136480
 1526.000000 0.164567 0.133370 0.624792 19.624995
 1527.000000 0.176460 0.143870 0.630139 19.191486
 1528.000000 0.164851 0.114265 0.622302 19.638212
 1529.000000 0.171875 0.116056 0.628431 18.673683
 1530.000000 0.184823 0.126012 0.622725 19.765376
 1531.000000 0.183386 0.113461 0.635401 19.503204
 1532.000000 0.231740 0.110698 0.614646 16.621245
 1533.000000 0.223007 0.104061 0.627528 16.454710
 1534.000000 0.215786 0.123262 0.635049 16.476352
 1535.000000 0.210579 0.097017 0.630834 17.035269
 1536.000000 0.213501 0.114730 0.624938 16.550306
 1537.000000 0.209020 0.105722 0.631049 17.524715
 1538.000000 0.216455 0.114875 0.634164 17.147132
 1539.000000 0.209346 0.102192 0.628469 17.692979
 1540.000000 0.226923 0.123601 0.634960 16.142450
 1541.000000 0.222224 0.112907 0.626553 16.233487
 1542.000000 0.227813 0.124984 0.634063 16.312967
 1543.000000 0.266213 0.124349 0.632118 15.608243
 1544.000000 0.263846 0.127479 0.626520 15.779974
 1545.000000 0.243165 0.122785 0.620340 16.555988
 1546.000000 0.264156 0.114244 0.637860 16.882253
 1547.000000 0.270009 0.129057 0.631728 16.085395
 1548.000000 0.241143 0.121442 0.625159 17.044221
 1549.000000 0.231369 0.132124 0.639890 15.953674
 1550.000000 0.240315 0.132180 0.633770 17.028971
 1551.000000 0.234380 0.113441 0.624694 16.107590
 1552.000000 0.240944 0.130830 0.626348 16.219796
 1553.000000 0.203423 0.131355 0.632268 17.050503
 1554.000000 0.237027 0.145969 0.637194 15.653658
 1555.000000 0.231930 0.143900 0.628302 16.797218
 1556.000000 0.261393 0.143248 0.622899 16.392069
 1557.000000 0.265285 0.136164 0.624654 16.547485
 1558.000000 0.262355 0.115937 0.635376 15.632261
 1559.000000 0.223966 0.119771 0.627766 17.467585
 1560.000000 0.266361 0.120438 0.629499 16.193868
 1561.000000 0.272136 0.127461 0.625679 16.748983
 1562.000000 0.268259 0.102470 0.632111 16.118340
 1563.000000 0.260504 0.118965 0.630951 16.826999
 1564.000000 0.216479 0.100199 0.628882 16.410517
 1565.000000 0.224695 0.107161 0.640405 16.217069
 1566.000000 0.227502 0.112071 0.639124 17.346011
 1567.000000 0.208624 0.095361 0.628774 17.171022
 1568.000000 0.253702 0.124337 0.645571 15.222055
 1569.000000 0.270318 0.126028 0.638245 15.444855
 1570.000000 0.265673 0.127875 0.637631 16.515927
 1571.000000 0.267839 0.107681 0.636157 16.312046
 1572.000000 0.249057 0.125561 0.638816 17.243858
 1573.000000 0.273134 0.128015 0.626357 15.992916
 1574.000000 0.267026 0.126123 0.625448 16.065848
 1575.000000 0.257112 0.113792 0.644446 16.068247
 1576.000000 0.247383 0.126471 0.618587 16.569628
 1577.000000 0.220438 0.145078 0.636804 16.492724
 1578.000000 0.248492 0.126500 0.628201 16.144191
 1579.000000 0.271804 0.136519 0.649627 14.995205
 1580.000000 0.197395 0.110446 0.638295 16.252136
 1581.000000 0.200815 0.127045 0.632763 16.475412
 1582.000000 0.262204 0.137278 0.637168 15.212902
 1583.000000 0.220601 0.114088 0.631841 16.936931
 1584.000000 0.257535 0.107729 0.632644 15.240963
 1585.000000 0.231208 0.110474 0.625392 15.827835
 1586.000000 0.262697 0.117490 0.624379 15.797547
 1587.000000 0.272434 0.138211 0.632824 15.042834
 1588.000000 0.237690 0.132556 0.636497 15.556026
 1589.000000 0.237629 0.116303 0.629717 16.123946
 1590.000000 0.232288 0.117308 0.630690 16.475872
 1591.000000 0.240607 0.116779 0.632105 16.557545
 1592.000000 0.230495 0.133461 0.625613 16.471688
 1593.000000 0.216765 0.119217 0.619316 17.305997
 1594.000000 0.240811 0.137721 0.632621 15.910233
 1595.000000 0.270556 0.137943 0.631173 14.795128
 1596.000000 0.228503 0.134509 0.634117 15.866462
 1597.000000 0.249454 0.122450 0.625361 16.767913
 1598.000000 0.247864 0.120361 0.619717 16.137920
 1599.000000 0.261133 0.137488 0.616845 15.336753
 1600.000000 0.253892 0.124061 0.624775 15.828214
 1601.000000 0.247913 0.122408 0.626467 17.204051
 1602.000000 0.265095 0.128710 0.620865 15.935734
 1603.000000 0.231721 0.115386 0.629398 16.635139
 1604.000000 0.226044 0.126585 0.634118 16.683731
 1605.000000 0.218707 0.129242 0.628372 16.540953
 1606.000000 0.268598 0.130555 0.641260 15.156344
 1607.000000 0.229502 0.120964 0.636196 17.123952
 1608.000000 0.229648 0.122019 0.631832 16.665063
 1609.000000 0.249968 0.144670 0.642775 14.961015
 1610.000000 0.238128 0.108824 0.632132 16.568652
 1611.000000 0.244090 0.121586 0.635969 16.472451
 1612.000000 0.240804 0.126795 0.634297 16.374860
 1613.000000 0.242989 0.124331 0.633071 15.983771
 1614.000000 0.236453 0.141504 0.643088 16.455198
 1615.000000 0.273283 0.137415 0.638367 16.845589
 1616.000000 0.241579 0.119925 0.630997 16.706895
 1617.000000 0.231311 0.136575 0.633507 16.883564
 1618.000000 0.239019 0.114637 0.625640 17.010815
 1619.000000 0.226787 0.107140 0.627761 16.654359
 1620.000000 0.240406 0.105951 0.630409 16.270669
 1621.000000 0.260693 0.107747 0.627764 15.287197
 1622.000000 0.225222 0.129598 0.625834 15.660289
 1623.000000 0.235698 0.104813 0.628538 16.309252
 1624.000000 0.241221 0.115541 0.628605 15.954318
 1625.000000 0.208407 0.095827 0.623866 17.420299
 1626.000000 0.259909 0.118546 0.630324 16.354485
 1627.000000 0.233703 0.104248 0.623695 16.317467
 1628.000000 0.241497 0.109507 0.637096 15.596719
 1629.000000 0.246616 0.106042 0.639586 16.389982
 1630.000000 0.250702 0.118837 0.637546 15.966554
 1631.000000 0.221509 0.123843 0.630876 16.369549
 1632.000000 0.222860 0.116639 0.634206 16.543610
 1633.000000 0.236990 0.116869 0.627768 17.568753
 1634.000000 0.250119 0.121497 0.641556 15.821842
 1635.000000 0.224755 0.131220 0.648771 16.227032
 1636.000000 0.240350 0.120167 0.635025 16.220216
 1637.000000 0.216621 0.118387 0.637213 16.654868
 1638.000000 0.232928 0.127037 0.643806 16.759992
 1639.000000 0.212369 0.126197 0.644729 16.357313
 1640.000000 0.225785 0.110031 0.627040 16.033821
 1641.000000 0.222613 0.119816 0.621921 17.014908
 1642.000000 0.236557 0.128387 0.628147 17.248322
 1643.000000 0.224354 0.118259 0.630692 16.532089
 1644.000000 0.230731 0.127389 0.621626 16.633661
 1645.000000 0.223237 0.105630 0.629436 16.482763
