#! FIELDS time rho rmsd Rg c
 0.000000 0.546002 0.102949 0.645463 7.986572
 1.000000 0.542947 0.086295 0.635162 8.092929
 2.000000 0.553405 0.086527 0.634229 8.829692
 3.000000 0.546893 0.069039 0.616218 8.792752
 4.000000 0.535476 0.072664 0.626173 8.000335
 5.000000 0.563630 0.073449 0.628678 8.595669
 6.000000 0.507669 0.091875 0.634174 9.050985
 7.000000 0.556221 0.081823 0.625602 8.061758
 8.000000 0.525574 0.079902 0.631993 8.659255
 9.000000 0.409546 0.088486 0.636104 11.594748
 10.000000 0.470768 0.087436 0.642782 9.431686
 11.000000 0.448098 0.071287 0.638503 9.771735
 12.000000 0.465576 0.090540 0.636614 9.233538
 13.000000 0.493951 0.082367 0.626468 9.193719
 14.000000 0.527848 0.084684 0.636434 8.519318
 15.000000 0.489825 0.091545 0.642512 9.541298
 16.000000 0.406038 0.103675 0.651753 10.207223
 17.000000 0.416032 0.094149 0.638839 12.785287
 18.000000 0.410156 0.103118 0.637986 12.403956
 19.000000 0.404920 0.100614 0.639919 11.629390
 20.000000 0.422304 0.098252 0.634500 12.591395
 21.000000 0.418149 0.097767 0.639479 12.164802
 22.000000 0.413999 0.100276 0.640416 12.071250
 23.000000 0.416197 0.097585 0.645134 11.474796
 24.000000 0.408063 0.089321 0.642356 11.396823
 25.000000 0.394634 0.092462 0.645286 11.563478
 26.000000 0.396037 0.087432 0.648406 11.051260
 27.000000 0.380403 0.070126 0.635760 12.437701
 28.000000 0.436581 0.097170 0.654527 11.280474
 29.000000 0.423249 0.095492 0.629309 12.325376
 30.000000 0.414820 0.090515 0.639619 13.066921
 31.000000 0.401852 0.086422 0.638196 12.258260
 32.000000 0.368979 0.087651 0.641242 12.327415
 33.000000 0.410046 0.105523 0.648641 12.238498
 34.000000 0.398695 0.091343 0.639255 12.047579
 35.000000 0.388279 0.114100 0.646888 11.855651
 36.000000 0.373719 0.115109 0.644440 12.872548
 37.000000 0.399435 0.099255 0.649519 11.533325
 38.000000 0.407581 0.095902 0.646911 11.911231
 39.000000 0.407792 0.102454 0.647662 11.314800
 40.000000 0.447207 0.118853 0.650988 10.535041
 41.000000 0.396228 0.092783 0.649027 12.132938
 42.000000 0.447573 0.096278 0.646382 11.584732
 43.000000 0.437542 0.123669 0.641344 12.002498
 44.000000 0.436636 0.093145 0.645348 11.920709
 45.000000 0.411050 0.102695 0.644755 11.902491
 46.000000 0.415004 0.105565 0.647119 11.313771
 47.000000 0.373733 0.095873 0.647352 11.550522
 48.000000 0.421609 0.081822 0.647949 12.040850
 49.000000 0.410153 0.095380 0.647513 11.281632
 50.000000 0.400420 0.101718 0.646286 11.419718
 51.000000 0.420139 0.104279 0.649535 12.223854
 52.000000 0.433413 0.110008 0.650453 10.544905
 53.000000 0.391671 0.078306 0.641891 11.680401
 54.000000 0.417771 0.108966 0.644433 10.644658
 55.000000 0.436178 0.089533 0.634420 11.316070
 56.000000 0.392930 0.090537 0.634567 13.271422
 57.000000 0.421731 0.095619 0.643043 11.481770
 58.000000 0.424322 0.094948 0.650203 9.346614
 59.000000 0.438285 0.106490 0.645264 11.053053
 60.000000 0.402009 0.092498 0.648098 11.622514
 61.000000 0.475510 0.089120 0.652286 10.663739
 62.000000 0.425946 0.092372 0.636996 11.349916
 63.000000 0.429004 0.094709 0.643614 12.304677
 64.000000 0.419447 0.105589 0.643100 12.115475
 65.000000 0.445724 0.090813 0.648413 11.295233
 66.000000 0.399198 0.113764 0.651002 11.653780
 67.000000 0.411823 0.098112 0.650121 11.394617
 68.000000 0.411157 0.089161 0.647836 12.356370
 69.000000 0.389158 0.086114 0.645605 12.223482
 70.000000 0.410790 0.063054 0.640261 11.986605
 71.000000 0.422425 0.086614 0.646374 12.285430
 72.000000 0.439442 0.086259 0.651122 11.367206
 73.000000 0.444217 0.096881 0.647968 10.901781
 74.000000 0.441536 0.098392 0.654899 10.356240
 75.000000 0.416037 0.085028 0.639571 12.245741
 76.000000 0.424498 0.088452 0.646795 11.974727
 77.000000 0.481427 0.080702 0.654358 11.032586
 78.000000 0.494827 0.078340 0.660109 11.045558
 79.000000 0.434817 0.082378 0.646942 12.048080
 80.000000 0.439981 0.069590 0.649183 11.410228
 81.000000 0.499777 0.052892 0.645763 10.578664
 82.000000 0.507286 0.085822 0.660497 11.391095
 83.000000 0.479109 0.072997 0.657995 11.868588
 84.000000 0.499208 0.089851 0.660043 11.557059
 85.000000 0.484698 0.090266 0.663569 11.503616
 86.000000 0.520930 0.099853 0.654001 11.418904
 87.000000 0.494257 0.085574 0.658486 11.668071
 88.000000 0.543046 0.084154 0.652143 11.727445
 89.000000 0.474534 0.112266 0.650774 12.098651
 90.000000 0.482818 0.083169 0.649932 11.952599
 91.000000 0.452269 0.088808 0.646413 12.220132
 92.000000 0.441626 0.087245 0.643302 12.211743
 93.000000 0.430305 0.097763 0.655184 11.195539
 94.000000 0.432828 0.098052 0.651188 13.026931
 95.000000 0.439505 0.077139 0.648250 11.725948
 96.000000 0.389568 0.106630 0.638016 12.702997
 97.000000 0.387376 0.081472 0.644952 11.175338
 98.000000 0.373197 0.096738 0.646911 11.989605
 99.000000 0.422863 0.094295 0.638698 11.651569
 100.000000 0.456072 0.094568 0.647657 10.979381
 101.000000 0.415823 0.116396 0.647624 11.978737
 102.000000 0.413367 0.108941 0.649511 10.628005
 103.000000 0.445102 0.091326 0.648927 9.827811
 104.000000 0.422410 0.105551 0.646966 12.431537
 105.000000 0.466172 0.115235 0.653865 12.132616
 106.000000 0.469542 0.094335 0.647030 12.296255
 107.000000 0.457547 0.091241 0.645513 11.983884
 108.000000 0.470433 0.102880 0.640506 14.132853
 109.000000 0.487479 0.110515 0.653547 12.896497
 110.000000 0.423265 0.067454 0.636520 14.456592
 111.000000 0.476844 0.088711 0.635447 14.305070
 112.000000 0.498142 0.091599 0.630573 13.142003
 113.000000 0.489074 0.077387 0.634566 13.755290
 114.000000 0.430863 0.077629 0.638503 13.528209
 115.000000 0.427558 0.094867 0.633790 14.203221
 116.000000 0.431880 0.094788 0.637142 12.705052
 117.000000 0.447717 0.102076 0.628592 12.854622
 118.000000 0.380792 0.101536 0.636678 14.560856
 119.000000 0.409867 0.088664 0.641384 12.933598
 120.000000 0.426571 0.088746 0.638741 13.575343
 121.000000 0.430182 0.100985 0.646961 12.683701
 122.000000 0.385498 0.084829 0.631743 14.186531
 123.000000 0.355654 0.101719 0.631757 13.971181
 124.000000 0.331457 0.093521 0.631154 14.072127
 125.000000 0.369811 0.108547 0.632880 13.350696
 126.000000 0.355400 0.087339 0.626009 14.254941
 127.000000 0.357743 0.093942 0.637122 14.233828
 128.000000 0.321144 0.091512 0.633003 14.333212
 129.000000 0.367131 0.102355 0.642164 13.567954
 130.000000 0.360134 0.097610 0.640044 13.656726
 131.000000 0.356042 0.097703 0.636593 13.782434
 132.000000 0.353613 0.093473 0.635949 13.720359
 133.000000 0.275787 0.092237 0.636553 15.632555
 134.000000 0.338904 0.122715 0.646020 14.197911
 135.000000 0.351390 0.123580 0.643937 13.652809
 136.000000 0.317766 0.113586 0.652264 14.241682
 137.000000 0.269053 0.143152 0.654422 15.544215
 138.000000 0.246246 0.143909 0.651301 15.953996
 139.000000 0.282692 0.141798 0.645159 14.123179
 140.000000 0.282086 0.141622 0.653068 14.541308
 141.000000 0.265026 0.131732 0.649631 13.996329
 142.000000 0.260430 0.124710 0.650436 15.052863
 143.000000 0.254100 0.138018 0.661407 15.527468
 144.000000 0.282847 0.149385 0.660356 14.622830
 145.000000 0.279453 0.120972 0.643173 15.794336
 146.000000 0.244060 0.094911 0.641663 15.359352
 147.000000 0.282637 0.128655 0.653501 14.573647
 148.000000 0.268556 0.137475 0.658570 14.259981
 149.000000 0.273422 0.137522 0.653878 14.314878
 150.000000 0.264159 0.127531 0.651318 14.413975
 151.000000 0.245548 0.113239 0.648223 14.618934
 152.000000 0.284809 0.134731 0.659542 14.502416
 153.000000 0.262816 0.125287 0.647886 14.810127
 154.000000 0.318306 0.130818 0.649387 13.975218
 155.000000 0.245234 0.118563 0.643252 16.054996
 156.000000 0.309419 0.138348 0.644824 14.599321
 157.000000 0.275282 0.121740 0.648165 15.370121
 158.000000 0.282200 0.120216 0.644209 14.117508
 159.000000 0.270493 0.121854 0.637943 16.548407
 160.000000 0.277875 0.155290 0.648726 15.817146
 161.000000 0.306537 0.134661 0.648039 14.595924
 162.000000 0.241083 0.119735 0.642830 15.950015
 163.000000 0.269781 0.109756 0.648350 14.334308
 164.000000 0.297607 0.141572 0.648690 15.519602
 165.000000 0.284348 0.145455 0.649469 15.476350
 166.000000 0.307159 0.140452 0.640706 14.352690
 167.000000 0.256656 0.125559 0.638410 16.414059
 168.000000 0.294532 0.139785 0.646065 13.773815
 169.000000 0.307934 0.129364 0.649617 15.037197
 170.000000 0.262558 0.136151 0.654439 15.316492
 171.000000 0.249340 0.131735 0.646150 14.359140
 172.000000 0.282635 0.139924 0.661029 13.367304
 173.000000 0.330402 0.138374 0.665977 14.140926
 174.000000 0.270226 0.133338 0.650501 14.705039
 175.000000 0.275940 0.160332 0.654132 15.307224
 176.000000 0.262997 0.142317 0.641112 15.609947
 177.000000 0.266807 0.140507 0.651349 15.842369
 178.000000 0.253129 0.132379 0.654975 15.552955
 179.000000 0.247744 0.134049 0.639496 15.429862
 180.000000 0.249558 0.143198 0.651241 14.094452
 181.000000 0.245367 0.121932 0.642947 15.600440
 182.000000 0.229275 0.118670 0.641379 14.964711
 183.000000 0.263748 0.165785 0.647582 14.640042
 184.000000 0.250242 0.132783 0.640085 14.959020
 185.000000 0.239665 0.120771 0.642518 14.880846
 186.000000 0.236957 0.127824 0.653782 14.760233
 187.000000 0.248482 0.140917 0.651436 14.585134
 188.000000 0.270462 0.129402 0.644304 14.305647
 189.000000 0.257336 0.134839 0.640133 14.438847
 190.000000 0.270347 0.123821 0.647644 13.884949
 191.000000 0.226111 0.121690 0.644616 15.287025
 192.000000 0.224626 0.138782 0.641236 15.283440
 193.000000 0.275488 0.119194 0.639923 15.431053
 194.000000 0.282977 0.142990 0.651162 14.917056
 195.000000 0.278166 0.131729 0.640705 14.161964
 196.000000 0.293695 0.124462 0.638994 15.651116
 197.000000 0.290884 0.158799 0.653715 14.920484
 198.000000 0.293105 0.119036 0.645342 13.812830
 199.000000 0.262584 0.141136 0.654339 14.585534
 200.000000 0.275257 0.130923 0.645294 14.471394
 201.000000 0.256647 0.126584 0.644796 14.773869
 202.000000 0.248526 0.124306 0.643014 14.954870
 203.000000 0.268529 0.136847 0.650083 14.258426
 204.000000 0.281470 0.127900 0.652028 14.066532
 205.000000 0.301302 0.130584 0.648002 12.959538
 206.000000 0.299371 0.140639 0.637438 13.867108
 207.000000 0.302259 0.128479 0.644219 15.116712
 208.000000 0.314426 0.146795 0.645234 14.556257
 209.000000 0.266381 0.104949 0.649115 14.261111
 210.000000 0.284921 0.127129 0.644814 15.220892
 211.000000 0.270578 0.135213 0.640879 13.960062
 212.000000 0.270556 0.126852 0.649060 13.315249
 213.000000 0.265969 0.130702 0.662552 13.790850
 214.000000 0.221441 0.145408 0.646153 14.531631
 215.000000 0.262892 0.145813 0.656449 14.099960
 216.000000 0.256932 0.137485 0.649866 14.499226
 217.000000 0.253943 0.139124 0.638597 15.097611
 218.000000 0.251651 0.137176 0.651168 14.111746
 219.000000 0.258237 0.121208 0.648007 15.110975
 220.000000 0.264934 0.121631 0.645142 15.596320
 221.000000 0.275767 0.129423 0.641377 15.401865
 222.000000 0.289805 0.102927 0.638061 14.283027
 223.000000 0.267133 0.121171 0.649308 14.508624
 224.000000 0.296676 0.131431 0.648274 14.061893
 225.000000 0.282151 0.141236 0.647907 14.534500
 226.000000 0.264237 0.129772 0.646970 13.832067
 227.000000 0.241166 0.124926 0.647085 14.571448
 228.000000 0.242000 0.132138 0.650922 14.376267
 229.000000 0.248556 0.133622 0.646373 14.098918
 230.000000 0.244517 0.132220 0.648869 14.909695
 231.000000 0.265052 0.117448 0.641838 14.533593
 232.000000 0.287095 0.118949 0.645783 13.579838
 233.000000 0.239835 0.130783 0.652270 14.566629
 234.000000 0.269961 0.127039 0.646406 13.731876
 235.000000 0.270581 0.137665 0.649437 14.446295
 236.000000 0.239043 0.106179 0.645340 16.285356
 237.000000 0.269149 0.124595 0.649573 14.764136
 238.000000 0.256211 0.122118 0.633540 14.586439
 239.000000 0.243950 0.144547 0.654055 14.225938
 240.000000 0.240559 0.137797 0.645348 14.193785
 241.000000 0.262585 0.147418 0.660006 14.571474
 242.000000 0.281912 0.140850 0.650867 13.548390
 243.000000 0.252145 0.134541 0.655724 13.767130
 244.000000 0.285445 0.124282 0.660279 12.991060
 245.000000 0.260882 0.138403 0.657881 14.541927
 246.000000 0.259690 0.146539 0.655040 13.997618
 247.000000 0.272388 0.136577 0.662156 13.215341
 248.000000 0.243347 0.121225 0.651939 13.198352
 249.000000 0.247647 0.134315 0.666331 13.771429
 250.000000 0.233461 0.120776 0.660527 14.045451
 251.000000 0.275740 0.138654 0.663882 12.560876
 252.000000 0.266944 0.121429 0.647769 13.281475
 253.000000 0.228954 0.126654 0.653430 13.243813
 254.000000 0.245875 0.136191 0.657107 13.620047
 255.000000 0.233332 0.125233 0.649696 15.722366
 256.000000 0.233957 0.150705 0.663222 13.373031
 257.000000 0.262169 0.159034 0.658838 13.213037
 258.000000 0.247582 0.138688 0.663297 14.966097
 259.000000 0.218892 0.133385 0.648011 14.789628
 260.000000 0.225661 0.136618 0.650495 15.588267
 261.000000 0.263635 0.119233 0.652162 14.257399
 262.000000 0.248760 0.127498 0.655349 14.046196
 263.000000 0.229510 0.095769 0.646200 14.854412
 264.000000 0.242061 0.125400 0.650260 14.788404
 265.000000 0.266801 0.130263 0.651663 14.304227
 266.000000 0.247894 0.122312 0.650171 14.904128
 267.000000 0.239950 0.135855 0.646978 15.426582
 268.000000 0.234388 0.130434 0.650493 15.205763
 269.000000 0.255464 0.136742 0.648925 14.387589
 270.000000 0.248271 0.148446 0.649869 15.160126
 271.000000 0.243302 0.145644 0.656689 14.913934
 272.000000 0.233111 0.149154 0.648075 14.150944
 273.000000 0.249543 0.120712 0.638287 15.332709
 274.000000 0.273816 0.137985 0.651130 14.111769
 275.000000 0.253162 0.149107 0.649058 14.943424
 276.000000 0.249108 0.126285 0.650814 14.379992
 277.000000 0.243065 0.109309 0.635637 15.735931
 278.000000 0.246155 0.118604 0.644047 14.323141
 279.000000 0.235854 0.131804 0.646668 14.699976
 280.000000 0.244903 0.126944 0.649049 14.872865
 281.000000 0.261273 0.139244 0.652014 13.964456
 282.000000 0.251129 0.136112 0.643416 15.181019
 283.000000 0.215666 0.130551 0.643684 15.302252
 284.000000 0.267813 0.145860 0.650724 15.257963
 285.000000 0.253619 0.133714 0.650427 14.827723
 286.000000 0.228042 0.123680 0.649093 14.805713
 287.000000 0.254568 0.122188 0.647362 15.118673
 288.000000 0.225554 0.101303 0.637674 16.572769
 289.000000 0.227346 0.108832 0.644991 14.589961
 290.000000 0.235887 0.125275 0.643721 15.962651
 291.000000 0.249828 0.131643 0.641573 15.351193
 292.000000 0.282026 0.125130 0.646662 13.611658
 293.000000 0.258147 0.139364 0.646212 15.701041
 294.000000 0.249467 0.118311 0.646135 15.484601
 295.000000 0.249572 0.121971 0.642874 13.810009
 296.000000 0.268406 0.121701 0.642065 13.378182
 297.000000 0.241734 0.106492 0.638123 15.200224
 298.000000 0.245447 0.102155 0.639002 15.367237
 299.000000 0.244487 0.132632 0.647567 14.369447
 300.000000 0.231275 0.143559 0.648727 15.366448
 301.000000 0.260015 0.143856 0.653824 14.996543
 302.000000 0.270218 0.153385 0.658735 13.747753
 303.000000 0.234793 0.140734 0.650836 15.734015
 304.000000 0.238042 0.114129 0.643340 15.191565
 305.000000 0.247973 0.119478 0.641982 15.162244
 306.000000 0.239208 0.124759 0.652575 14.729140
 307.000000 0.301331 0.119259 0.643424 14.568305
 308.000000 0.300339 0.117987 0.642579 13.894867
 309.000000 0.267907 0.126971 0.644075 14.498491
 310.000000 0.257415 0.135227 0.645774 14.913868
 311.000000 0.264334 0.150712 0.645764 15.307955
 312.000000 0.293204 0.130098 0.654255 14.545123
 313.000000 0.297512 0.139974 0.655527 14.018048
 314.000000 0.287885 0.145840 0.652663 14.517953
 315.000000 0.277193 0.146503 0.647572 14.723640
 316.000000 0.296491 0.134199 0.657220 13.869888
 317.000000 0.264149 0.128320 0.645896 14.582807
 318.000000 0.292032 0.140065 0.656016 14.398865
 319.000000 0.285513 0.142298 0.657826 13.697700
 320.000000 0.269959 0.122147 0.644415 15.267918
 321.000000 0.282604 0.131957 0.655878 14.522433
 322.000000 0.280479 0.121519 0.638756 14.612681
 323.000000 0.273938 0.125865 0.653269 14.000748
 324.000000 0.290239 0.138855 0.649973 14.469477
 325.000000 0.273073 0.127410 0.659421 14.631363
 326.000000 0.256270 0.131926 0.661638 15.115026
 327.000000 0.285593 0.131261 0.649733 14.429765
 328.000000 0.278037 0.138543 0.656408 15.160672
 329.000000 0.286746 0.130588 0.661864 14.392229
 330.000000 0.292560 0.154324 0.660523 15.290214
 331.000000 0.264079 0.155271 0.656674 15.375412
 332.000000 0.255026 0.132045 0.645677 15.571992
 333.000000 0.282067 0.165857 0.654762 15.418277
 334.000000 0.270571 0.130702 0.645523 13.778064
 335.000000 0.265844 0.123521 0.651151 14.655415
 336.000000 0.286265 0.124617 0.641409 14.009015
 337.000000 0.288121 0.143341 0.655195 13.486671
 338.000000 0.245622 0.175138 0.653624 14.373291
 339.000000 0.257306 0.135158 0.649608 15.318789
 340.000000 0.275953 0.139101 0.651770 14.466599
 341.000000 0.285298 0.138200 0.655397 14.645975
 342.000000 0.265985 0.147530 0.652478 14.354590
 343.000000 0.281268 0.132627 0.645361 15.726939
 344.000000 0.269320 0.144412 0.654868 15.744031
 345.000000 0.246542 0.136756 0.657334 15.189300
 346.000000 0.258219 0.157050 0.664212 15.157896
 347.000000 0.279822 0.140979 0.657833 14.836980
 348.000000 0.292814 0.135088 0.641660 14.532385
 349.000000 0.292296 0.132721 0.643353 14.689477
 350.000000 0.290066 0.142255 0.651565 14.824748
 351.000000 0.266825 0.126412 0.651136 15.308819
 352.000000 0.251516 0.118489 0.649840 14.453879
 353.000000 0.292054 0.154284 0.659717 14.590624
 354.000000 0.254580 0.140453 0.655008 14.264756
 355.000000 0.260516 0.146756 0.658003 14.768141
 356.000000 0.274920 0.130815 0.659588 14.314476
 357.000000 0.276094 0.136883 0.642320 15.956167
 358.000000 0.284941 0.143463 0.648680 14.302754
 359.000000 0.244503 0.136671 0.646339 14.585463
 360.000000 0.253420 0.117563 0.648992 13.885187
 361.000000 0.244810 0.143673 0.655661 14.867617
 362.000000 0.256651 0.136636 0.658326 14.337003
 363.000000 0.263617 0.142369 0.658691 14.858813
 364.000000 0.219185 0.128349 0.652861 15.567766
 365.000000 0.244402 0.139348 0.650125 15.118866
 366.000000 0.244945 0.136038 0.654605 15.176802
 367.000000 0.222861 0.132327 0.647373 14.954111
 368.000000 0.225958 0.125389 0.657638 15.816878
 369.000000 0.229264 0.111685 0.642526 15.958408
 370.000000 0.239788 0.122644 0.651266 15.297260
 371.000000 0.250102 0.130783 0.652440 14.387105
 372.000000 0.232674 0.123763 0.649980 14.352327
 373.000000 0.263265 0.147162 0.658003 15.187589
 374.000000 0.235654 0.146632 0.661170 15.271801
 375.000000 0.261625 0.149335 0.650399 15.036312
 376.000000 0.239135 0.139304 0.645665 15.041699
 377.000000 0.243047 0.142568 0.655449 15.627972
 378.000000 0.267575 0.155492 0.668943 15.083966
 379.000000 0.249961 0.151289 0.661541 14.517244
 380.000000 0.244331 0.140435 0.658714 14.644196
 381.000000 0.238249 0.130277 0.646149 13.980819
 382.000000 0.251229 0.138696 0.652405 14.625242
 383.000000 0.247034 0.148143 0.654048 15.893279
 384.000000 0.233307 0.138217 0.653803 14.697463
 385.000000 0.237832 0.130826 0.649511 14.838391
 386.000000 0.241090 0.143543 0.652464 14.942863
 387.000000 0.257911 0.146069 0.652095 14.952773
 388.000000 0.235041 0.131649 0.650825 15.072463
 389.000000 0.250924 0.151627 0.647355 15.431752
 390.000000 0.239715 0.135810 0.654810 15.012944
 391.000000 0.225064 0.137922 0.658979 13.929234
 392.000000 0.217573 0.150996 0.651962 15.940113
 393.000000 0.236544 0.136965 0.648720 15.373704
 394.000000 0.262554 0.150687 0.651050 14.490550
 395.000000 0.226283 0.124204 0.653997 14.736458
 396.000000 0.255295 0.130992 0.650282 14.775749
 397.000000 0.256452 0.147163 0.661281 14.305449
 398.000000 0.268181 0.159391 0.651798 14.461031
 399.000000 0.232617 0.151058 0.658199 14.807713
 400.000000 0.241767 0.144789 0.652804 15.187484
 401.000000 0.246706 0.154554 0.658624 15.773784
 402.000000 0.229666 0.125610 0.647513 15.386860
 403.000000 0.252370 0.112839 0.645368 14.619627
 404.000000 0.228188 0.106147 0.651707 14.856971
 405.000000 0.261360 0.152518 0.655655 14.382518
 406.000000 0.250525 0.131373 0.655466 14.760392
 407.000000 0.223292 0.130169 0.647859 15.611663
 408.000000 0.231301 0.132508 0.652785 13.634194
 409.000000 0.254655 0.131528 0.649523 13.625382
 410.000000 0.256265 0.131557 0.651523 15.107480
 411.000000 0.230811 0.120815 0.647796 15.163395
 412.000000 0.256473 0.134708 0.640382 14.613870
 413.000000 0.257087 0.129772 0.652691 14.355989
 414.000000 0.271168 0.136555 0.654481 14.405729
 415.000000 0.247212 0.143517 0.653428 15.899786
 416.000000 0.235490 0.151838 0.647878 14.554236
 417.000000 0.268221 0.145045 0.652124 14.330968
 418.000000 0.259315 0.145511 0.662136 15.075588
 419.000000 0.264785 0.130573 0.652188 14.872244
 420.000000 0.263895 0.157525 0.652409 15.272778
 421.000000 0.246441 0.148593 0.652008 15.136030
 422.000000 0.248058 0.146366 0.649904 14.533617
 423.000000 0.257256 0.161138 0.654211 14.245494
 424.000000 0.272392 0.156534 0.648278 14.373759
 425.000000 0.255139 0.172946 0.661998 14.383550
 426.000000 0.234535 0.138426 0.654990 14.776400
 427.000000 0.246401 0.166456 0.658016 15.706774
 428.000000 0.240782 0.163483 0.657044 15.996000
 429.000000 0.257308 0.135647 0.651845 14.543590
 430.000000 0.232303 0.138808 0.649514 15.493596
 431.000000 0.225583 0.139767 0.651882 14.967193
 432.000000 0.239145 0.151995 0.648193 15.270509
 433.000000 0.254705 0.148942 0.656502 14.189065
 434.000000 0.240391 0.136874 0.653236 14.587138
 435.000000 0.212108 0.135328 0.649905 15.177436
 436.000000 0.211917 0.143178 0.647456 15.239540
 437.000000 0.225865 0.145574 0.647740 15.010901
 438.000000 0.218164 0.116771 0.642867 15.688856
 439.000000 0.201836 0.119404 0.641525 16.044687
 440.000000 0.228814 0.129507 0.647856 14.029109
 441.000000 0.212121 0.170721 0.676016 14.620828
 442.000000 0.210635 0.146651 0.655475 15.516525
 443.000000 0.213881 0.151884 0.647758 15.044196
 444.000000 0.218743 0.146737 0.657197 15.071291
 445.000000 0.294692 0.205428 0.681332 11.610267
 446.000000 0.244985 0.157657 0.656305 14.387573
 447.000000 0.237298 0.130170 0.650685 13.650557
 448.000000 0.237733 0.132633 0.651883 14.692396
 449.000000 0.245535 0.158336 0.656463 14.592362
 450.000000 0.248059 0.145993 0.652434 14.452933
 451.000000 0.250225 0.139356 0.657403 15.055340
 452.000000 0.240423 0.134890 0.656088 15.271356
 453.000000 0.236556 0.145925 0.655283 15.310602
 454.000000 0.260981 0.145706 0.654641 15.077053
 455.000000 0.242490 0.156655 0.654640 14.763502
 456.000000 0.275792 0.157536 0.656217 14.606396
 457.000000 0.250515 0.160752 0.659116 14.578601
 458.000000 0.243980 0.146246 0.650423 15.286302
 459.000000 0.246597 0.133513 0.648092 15.171102
 460.000000 0.259352 0.151738 0.646583 15.144517
 461.000000 0.259861 0.159508 0.652742 14.787002
 462.000000 0.288162 0.157449 0.650962 14.368743
 463.000000 0.232421 0.140171 0.651766 14.729264
 464.000000 0.256042 0.151213 0.658784 14.866037
 465.000000 0.224136 0.132547 0.651179 14.652945
 466.000000 0.232094 0.143324 0.643935 15.404097
 467.000000 0.233582 0.125064 0.649128 15.479943
 468.000000 0.213831 0.132560 0.652767 14.776342
 469.000000 0.233124 0.141768 0.655801 14.086531
 470.000000 0.231174 0.144784 0.646383 14.344123
 471.000000 0.215889 0.145520 0.649934 15.906400
 472.000000 0.223341 0.134542 0.645447 15.166735
 473.000000 0.206216 0.152415 0.652656 14.269041
 474.000000 0.251033 0.144871 0.646704 15.123784
 475.000000 0.210794 0.139286 0.645613 14.856666
 476.000000 0.222114 0.129331 0.654622 14.075847
 477.000000 0.221489 0.137334 0.644846 15.024982
 478.000000 0.223499 0.124222 0.657329 14.496914
 479.000000 0.205840 0.151830 0.650294 14.983964
 480.000000 0.214406 0.119845 0.647575 15.606653
 481.000000 0.211338 0.119794 0.645328 14.239631
 482.000000 0.229622 0.159677 0.652332 15.490546
 483.000000 0.247688 0.166730 0.645236 14.920256
 484.000000 0.205406 0.134466 0.645768 14.642137
 485.000000 0.226926 0.140879 0.642167 14.391739
 486.000000 0.260923 0.160276 0.652095 14.428770
 487.000000 0.256083 0.140653 0.658295 13.687069
 488.000000 0.275975 0.146681 0.658545 14.510442
 489.000000 0.256347 0.135974 0.653569 14.953684
 490.000000 0.251262 0.153919 0.660423 14.399074
 491.000000 0.268030 0.148986 0.647056 14.289596
 492.000000 0.252919 0.144979 0.653949 14.677089
 493.000000 0.255960 0.163465 0.652368 14.196618
 494.000000 0.281533 0.148087 0.658198 14.515779
 495.000000 0.296891 0.166733 0.652131 14.845332
 496.000000 0.264909 0.171095 0.660390 14.691012
 497.000000 0.266954 0.141279 0.647206 15.152736
 498.000000 0.260476 0.152115 0.646648 15.331261
 499.000000 0.284823 0.137098 0.650584 14.289235
 500.000000 0.270418 0.153564 0.656809 14.414001
 501.000000 0.258829 0.151656 0.646719 15.355907
 502.000000 0.273381 0.131394 0.638510 15.696571
 503.000000 0.295904 0.145110 0.646996 14.880869
 504.000000 0.297925 0.157877 0.653101 14.562210
 505.000000 0.276255 0.161181 0.648149 16.274412
 506.000000 0.245924 0.148617 0.644058 16.210451
 507.000000 0.268968 0.153322 0.646101 15.653883
 508.000000 0.286817 0.155534 0.653935 15.066658
 509.000000 0.289898 0.134497 0.647546 15.089532
 510.000000 0.274261 0.139432 0.646388 14.341705
 511.000000 0.239492 0.153451 0.656028 15.625513
 512.000000 0.276675 0.178701 0.650801 15.950538
 513.000000 0.270646 0.141381 0.655239 14.642109
 514.000000 0.288355 0.161058 0.658335 15.157717
 515.000000 0.282396 0.151871 0.652875 14.423049
 516.000000 0.281527 0.123735 0.649935 15.438935
 517.000000 0.287447 0.140526 0.650836 13.801181
 518.000000 0.277111 0.139947 0.655574 14.740655
 519.000000 0.312132 0.159850 0.654923 14.491912
 520.000000 0.306570 0.143262 0.655484 15.025887
 521.000000 0.331019 0.155853 0.654877 15.314505
 522.000000 0.304346 0.121386 0.647528 13.985069
 523.000000 0.296226 0.125634 0.648189 15.492217
 524.000000 0.291945 0.140343 0.649855 15.468123
 525.000000 0.343057 0.137604 0.656657 15.059090
 526.000000 0.241575 0.142800 0.653018 15.153736
 527.000000 0.240821 0.131648 0.650445 15.064416
 528.000000 0.245966 0.144326 0.652281 15.323113
 529.000000 0.240045 0.132907 0.643962 15.174863
 530.000000 0.261701 0.146829 0.645869 14.730564
 531.000000 0.215716 0.133891 0.643562 15.295232
 532.000000 0.239444 0.146315 0.651762 16.079612
 533.000000 0.212099 0.134750 0.649622 15.696410
 534.000000 0.233035 0.144082 0.652648 15.794604
 535.000000 0.235983 0.155822 0.652173 14.606719
 536.000000 0.248993 0.146139 0.655101 14.991136
 537.000000 0.258121 0.137645 0.647684 15.003796
 538.000000 0.237210 0.136304 0.649048 14.488823
 539.000000 0.266725 0.139843 0.657006 12.469713
 540.000000 0.249749 0.149967 0.652736 14.140742
 541.000000 0.240163 0.135991 0.651181 15.060091
 542.000000 0.285238 0.162423 0.664332 12.820993
 543.000000 0.258229 0.146596 0.655087 14.953711
 544.000000 0.231972 0.128987 0.651242 15.363549
 545.000000 0.252133 0.130255 0.648869 15.190235
 546.000000 0.248643 0.128780 0.655480 14.852259
 547.000000 0.249563 0.156397 0.664348 14.792271
 548.000000 0.262451 0.144208 0.649008 14.545841
 549.000000 0.242999 0.159274 0.663692 14.304374
 550.000000 0.244824 0.161314 0.654887 15.319993
 551.000000 0.242133 0.137315 0.657137 15.170451
 552.000000 0.230756 0.109100 0.655785 16.152166
 553.000000 0.245642 0.146842 0.655048 14.519660
 554.000000 0.259679 0.141654 0.660225 14.098842
 555.000000 0.269059 0.146839 0.656952 14.029820
 556.000000 0.229549 0.143858 0.653433 15.242671
 557.000000 0.260866 0.161783 0.660674 15.023338
 558.000000 0.245579 0.140169 0.662014 13.557747
 559.000000 0.247850 0.148941 0.662020 15.592237
 560.000000 0.265655 0.124133 0.647814 15.186930
 561.000000 0.251874 0.143971 0.650743 15.568857
 562.000000 0.280827 0.141390 0.652579 14.273243
 563.000000 0.281731 0.154302 0.650540 15.425692
 564.000000 0.241063 0.127594 0.655752 15.537411
 565.000000 0.285488 0.159301 0.663140 14.308913
 566.000000 0.270747 0.148743 0.650054 14.655714
 567.000000 0.265651 0.148698 0.656405 13.929293
 568.000000 0.258340 0.128878 0.644780 15.450048
 569.000000 0.278962 0.140179 0.642180 14.569956
 570.000000 0.271507 0.150183 0.643646 15.153196
 571.000000 0.262192 0.137250 0.649121 14.823514
 572.000000 0.254426 0.146822 0.645233 14.306043
 573.000000 0.268766 0.134886 0.655868 14.577743
 574.000000 0.235060 0.148421 0.647631 14.592467
 575.000000 0.240051 0.140182 0.648122 15.265236
 576.000000 0.248620 0.143040 0.649679 15.128535
 577.000000 0.243998 0.145635 0.654283 15.018878
 578.000000 0.248386 0.160009 0.655718 14.553687
 579.000000 0.264661 0.170404 0.672004 14.995535
 580.000000 0.247747 0.153500 0.653475 14.270758
 581.000000 0.244781 0.156077 0.643829 15.824086
 582.000000 0.226962 0.145747 0.656156 15.349270
 583.000000 0.246330 0.137089 0.655059 15.125196
 584.000000 0.229178 0.137652 0.651034 15.200714
 585.000000 0.248938 0.134764 0.650672 15.206979
 586.000000 0.242706 0.154493 0.659174 15.529302
 587.000000 0.244323 0.155677 0.654901 14.537828
 588.000000 0.232204 0.154671 0.656795 14.360260
 589.000000 0.225507 0.122295 0.645992 14.813897
 590.000000 0.237214 0.115451 0.637308 15.082334
 591.000000 0.235924 0.137670 0.663304 13.947712
 592.000000 0.247269 0.136506 0.658479 15.372608
 593.000000 0.261078 0.145484 0.652124 15.116825
 594.000000 0.217453 0.132710 0.640353 16.119543
 595.000000 0.230710 0.135143 0.640856 15.509173
 596.000000 0.217563 0.121244 0.648501 14.993888
 597.000000 0.225055 0.124748 0.640456 16.650163
 598.000000 0.263490 0.190064 0.665316 14.689279
 599.000000 0.238075 0.145241 0.656790 15.811472
 600.000000 0.220119 0.144944 0.655844 14.820319
 601.000000 0.293609 0.150837 0.651794 13.329746
 602.000000 0.229426 0.155397 0.658299 15.707935
 603.000000 0.252813 0.145156 0.649018 15.369590
 604.000000 0.235696 0.163958 0.656987 15.424527
 605.000000 0.258817 0.155751 0.653817 14.251111
 606.000000 0.219517 0.160529 0.658387 12.457696
 607.000000 0.240726 0.129187 0.646791 14.928337
 608.000000 0.233238 0.169451 0.649652 15.441222
 609.000000 0.230036 0.157000 0.647731 15.914958
 610.000000 0.240493 0.149376 0.653252 15.270359
 611.000000 0.256917 0.151607 0.658329 14.173115
 612.000000 0.239867 0.146503 0.651531 15.490219
 613.000000 0.230730 0.149743 0.640938 15.056106
 614.000000 0.237299 0.155474 0.652148 15.731500
 615.000000 0.253557 0.156451 0.654815 15.676409
 616.000000 0.242238 0.162150 0.658204 15.107003
 617.000000 0.262796 0.161512 0.651352 15.300689
 618.000000 0.247565 0.139610 0.654718 15.474071
 619.000000 0.282462 0.169582 0.659695 14.196538
 620.000000 0.218471 0.141580 0.656606 14.511977
 621.000000 0.211897 0.150229 0.650035 14.278105
 622.000000 0.232944 0.163500 0.655234 15.143037
 623.000000 0.195996 0.136158 0.649389 14.965627
 624.000000 0.219032 0.157720 0.659783 15.328125
 625.000000 0.204284 0.141078 0.650922 15.201816
 626.000000 0.211776 0.141974 0.656156 16.420990
 627.000000 0.219448 0.153167 0.664354 15.203849
 628.000000 0.213729 0.134622 0.658641 15.453779
 629.000000 0.210277 0.144487 0.662797 15.025276
 630.000000 0.242663 0.147215 0.654075 13.702175
 631.000000 0.183252 0.125008 0.644447 14.742941
 632.000000 0.202539 0.160816 0.653345 14.966171
 633.000000 0.223388 0.132099 0.650349 15.033722
 634.000000 0.232472 0.175832 0.650019 14.643060
 635.000000 0.227120 0.171337 0.649575 15.048490
 636.000000 0.206203 0.158650 0.667094 14.581985
 637.000000 0.230888 0.150335 0.652430 15.903405
 638.000000 0.216826 0.161022 0.658540 15.441076
 639.000000 0.225263 0.174083 0.655763 15.120208
 640.000000 0.228852 0.162436 0.664187 14.337234
 641.000000 0.215180 0.147146 0.653123 14.289177
 642.000000 0.244631 0.152427 0.655515 13.909863
 643.000000 0.233001 0.146537 0.648953 14.294098
 644.000000 0.228992 0.162105 0.649331 14.262804
 645.000000 0.212563 0.179887 0.658590 15.942298
 646.000000 0.262184 0.151952 0.654373 15.672325
 647.000000 0.240654 0.135109 0.648327 14.532259
 648.000000 0.256106 0.148791 0.646666 15.101197
 649.000000 0.224370 0.170851 0.653327 16.571608
 650.000000 0.264690 0.184363 0.657959 13.682456
 651.000000 0.238377 0.174024 0.658341 14.841523
 652.000000 0.235568 0.189621 0.665883 15.086853
 653.000000 0.301622 0.204117 0.677281 11.627092
 654.000000 0.292592 0.214407 0.680108 12.110535
 655.000000 0.245659 0.200167 0.662626 15.014083
 656.000000 0.248609 0.176863 0.668383 15.180541
 657.000000 0.258603 0.198235 0.680288 15.383524
 658.000000 0.239837 0.200525 0.672312 15.388744
 659.000000 0.245233 0.216998 0.667039 14.836427
 660.000000 0.281733 0.206980 0.660355 14.946072
 661.000000 0.290140 0.209742 0.673223 13.719530
 662.000000 0.273359 0.199300 0.673706 15.192276
 663.000000 0.282621 0.213504 0.676572 12.802949
 664.000000 0.251794 0.205658 0.673522 14.593047
 665.000000 0.255252 0.205102 0.671818 14.802825
 666.000000 0.234943 0.197616 0.672966 15.647320
 667.000000 0.278634 0.219132 0.671579 15.160474
 668.000000 0.320514 0.213017 0.669828 12.876457
 669.000000 0.270902 0.213274 0.673137 13.791381
 670.000000 0.260596 0.199667 0.665957 14.341966
 671.000000 0.241262 0.185346 0.664547 14.496098
 672.000000 0.218329 0.189227 0.660616 14.782632
 673.000000 0.254296 0.191781 0.665208 13.788183
 674.000000 0.271300 0.201954 0.671222 13.728500
 675.000000 0.263028 0.198521 0.659957 13.683791
 676.000000 0.248548 0.170522 0.654368 14.448440
 677.000000 0.223345 0.146434 0.658213 15.383925
 678.000000 0.242903 0.176943 0.657610 15.644503
 679.000000 0.267047 0.168622 0.656762 14.928686
 680.000000 0.283285 0.150390 0.653662 15.523147
 681.000000 0.292214 0.165999 0.666609 15.503120
 682.000000 0.272826 0.155656 0.653794 15.928777
 683.000000 0.275958 0.152977 0.665785 15.132742
 684.000000 0.264411 0.147070 0.653469 14.986952
 685.000000 0.279017 0.153546 0.656914 15.356491
 686.000000 0.259154 0.149356 0.645518 15.293838
 687.000000 0.262356 0.158098 0.657370 14.444555
 688.000000 0.245704 0.148052 0.649700 15.807720
 689.000000 0.274589 0.163270 0.660488 15.886982
 690.000000 0.263515 0.153379 0.657781 13.359329
 691.000000 0.283504 0.161705 0.654710 13.979633
 692.000000 0.251388 0.138803 0.656408 15.530909
 693.000000 0.261481 0.156374 0.646706 14.777462
 694.000000 0.250402 0.138917 0.651096 15.351072
 695.000000 0.241249 0.132296 0.646565 14.459288
 696.000000 0.242675 0.179681 0.657336 16.262406
 697.000000 0.265471 0.168676 0.649912 15.042099
 698.000000 0.254431 0.187759 0.651492 14.717941
 699.000000 0.276332 0.179669 0.653274 15.104343
 700.000000 0.302555 0.198504 0.664262 14.236028
 701.000000 0.233917 0.209225 0.665066 16.320195
 702.000000 0.268865 0.208322 0.674583 15.330795
 703.000000 0.232599 0.169500 0.658816 14.849735
 704.000000 0.259610 0.161170 0.657068 14.753288
 705.000000 0.259522 0.173435 0.668455 14.317395
 706.000000 0.242797 0.173170 0.656072 14.895425
 707.000000 0.234922 0.148261 0.652676 16.236300
 708.000000 0.274605 0.175338 0.669744 14.578331
 709.000000 0.284477 0.171906 0.656169 15.040258
 710.000000 0.262997 0.192439 0.656682 15.491414
 711.000000 0.258269 0.145246 0.655562 15.462837
 712.000000 0.285107 0.164596 0.658100 14.932230
 713.000000 0.246748 0.169261 0.648417 15.567111
 714.000000 0.240932 0.166391 0.667187 15.626226
 715.000000 0.257133 0.150035 0.647048 15.171315
 716.000000 0.269904 0.160674 0.658105 14.349679
 717.000000 0.257491 0.153466 0.653965 14.928601
 718.000000 0.286218 0.189407 0.664921 15.144034
 719.000000 0.256245 0.169600 0.653258 15.376588
 720.000000 0.286561 0.206248 0.660467 15.735532
 721.000000 0.280175 0.176655 0.657898 14.822171
 722.000000 0.275358 0.194814 0.664427 15.297612
 723.000000 0.281165 0.191664 0.664854 14.011282
 724.000000 0.262957 0.187594 0.660117 15.346565
 725.000000 0.291383 0.179264 0.654642 14.378062
 726.000000 0.275193 0.187727 0.665399 14.475375
 727.000000 0.288402 0.151580 0.653537 13.648406
 728.000000 0.282760 0.150368 0.650870 14.251580
 729.000000 0.274240 0.146850 0.653248 15.251031
 730.000000 0.278478 0.139135 0.652811 14.474453
 731.000000 0.240660 0.128482 0.645652 14.451442
 732.000000 0.247491 0.150835 0.653485 14.613548
 733.000000 0.249974 0.161456 0.645472 14.795226
 734.000000 0.242562 0.153957 0.657209 15.263726
 735.000000 0.263175 0.144161 0.641566 14.656130
 736.000000 0.236548 0.145099 0.638403 15.603091
 737.000000 0.228895 0.132123 0.645847 14.919898
 738.000000 0.227202 0.169177 0.651725 15.187900
 739.000000 0.254411 0.162411 0.648685 14.673701
 740.000000 0.246519 0.141761 0.652883 13.143817
 741.000000 0.233358 0.147380 0.636409 14.793249
 742.000000 0.254544 0.143752 0.643988 13.850725
 743.000000 0.268075 0.160716 0.650916 14.213429
 744.000000 0.235080 0.156940 0.648066 14.107938
 745.000000 0.235482 0.152341 0.654687 14.397994
 746.000000 0.229675 0.150719 0.651765 14.723463
 747.000000 0.264276 0.157223 0.650883 14.264121
 748.000000 0.232465 0.155597 0.643642 15.929789
 749.000000 0.248747 0.163187 0.648918 14.929814
 750.000000 0.211964 0.173112 0.646691 14.633520
 751.000000 0.204812 0.158257 0.642039 15.684280
 752.000000 0.213163 0.165894 0.638321 15.559390
 753.000000 0.245595 0.167793 0.652665 14.447030
 754.000000 0.219241 0.146814 0.641499 15.596704
 755.000000 0.266027 0.163191 0.655264 14.628304
 756.000000 0.208799 0.147454 0.654778 14.513790
 757.000000 0.253210 0.164139 0.656180 13.973261
 758.000000 0.235269 0.150917 0.654478 14.676346
 759.000000 0.259048 0.161246 0.650325 14.170543
 760.000000 0.272370 0.155059 0.650297 13.253195
 761.000000 0.233009 0.169602 0.657834 15.154785
 762.000000 0.253374 0.170652 0.654927 14.698420
 763.000000 0.242894 0.155806 0.654549 15.285684
 764.000000 0.253963 0.149252 0.656657 14.565748
 765.000000 0.249048 0.178474 0.662726 14.961857
 766.000000 0.255248 0.177593 0.666253 14.803219
 767.000000 0.266644 0.158071 0.658361 14.663344
 768.000000 0.269837 0.161583 0.649697 15.272459
 769.000000 0.231238 0.143512 0.647178 14.823715
 770.000000 0.260753 0.155825 0.651593 14.016051
 771.000000 0.250251 0.146039 0.653007 14.195991
 772.000000 0.240354 0.147256 0.647541 14.864176
 773.000000 0.245130 0.135954 0.645829 15.275154
 774.000000 0.238658 0.151241 0.644855 14.705237
 775.000000 0.260464 0.152983 0.641628 14.659035
 776.000000 0.271197 0.126498 0.639931 14.423781
 777.000000 0.241812 0.157547 0.636459 14.836481
 778.000000 0.237174 0.167827 0.654571 15.511389
 779.000000 0.231119 0.146284 0.651252 16.248251
 780.000000 0.246955 0.143023 0.647711 14.883243
 781.000000 0.237156 0.145661 0.648306 14.973310
 782.000000 0.272813 0.150373 0.650113 14.606240
 783.000000 0.238315 0.160592 0.651020 15.315530
 784.000000 0.257972 0.195196 0.670799 13.640513
 785.000000 0.236848 0.147915 0.658715 14.801815
 786.000000 0.256483 0.154852 0.662878 14.022060
 787.000000 0.227625 0.147721 0.657083 15.266797
 788.000000 0.237738 0.163408 0.653707 14.604844
 789.000000 0.250941 0.165127 0.657978 15.449054
 790.000000 0.240015 0.159487 0.659274 15.252882
 791.000000 0.270585 0.171470 0.658225 14.298662
 792.000000 0.255259 0.163546 0.662688 14.537678
 793.000000 0.263146 0.158762 0.659286 14.138286
 794.000000 0.248275 0.174490 0.665153 14.905826
 795.000000 0.216767 0.174927 0.655474 14.802360
 796.000000 0.245130 0.166107 0.656244 14.385500
 797.000000 0.247136 0.172401 0.658093 14.423352
 798.000000 0.207560 0.161797 0.653587 15.469138
 799.000000 0.237710 0.184267 0.668307 14.867457
 800.000000 0.278701 0.180158 0.656360 14.940449
 801.000000 0.285332 0.173401 0.660904 13.994894
 802.000000 0.243497 0.189348 0.658979 14.663830
 803.000000 0.249086 0.155267 0.646810 14.974264
 804.000000 0.231569 0.169367 0.660606 15.217253
 805.000000 0.240751 0.155020 0.652032 15.006393
 806.000000 0.247203 0.168360 0.656722 14.310861
 807.000000 0.205672 0.186708 0.655506 14.602913
 808.000000 0.252100 0.172024 0.650804 15.170669
 809.000000 0.235248 0.170633 0.655992 13.896542
 810.000000 0.243784 0.140759 0.649999 14.479639
 811.000000 0.258867 0.140682 0.655924 14.584589
 812.000000 0.242357 0.158747 0.654216 15.441034
 813.000000 0.216022 0.160966 0.654309 15.684291
 814.000000 0.222697 0.161711 0.655701 15.630043
 815.000000 0.258475 0.207862 0.657137 15.867598
 816.000000 0.256073 0.181047 0.648830 14.140505
 817.000000 0.231153 0.169018 0.647855 15.338499
 818.000000 0.230084 0.196286 0.658525 16.168567
 819.000000 0.216142 0.180475 0.651586 15.370262
 820.000000 0.253238 0.181876 0.659727 13.482347
 821.000000 0.273816 0.166428 0.648103 14.652983
 822.000000 0.242936 0.193931 0.654255 15.880580
 823.000000 0.229122 0.171361 0.660129 14.391634
 824.000000 0.243638 0.178610 0.646959 15.764363
 825.000000 0.277914 0.194285 0.653916 15.210789
 826.000000 0.301418 0.216473 0.673768 12.798925
 827.000000 0.264909 0.185311 0.670291 13.823498
 828.000000 0.239264 0.176751 0.659662 15.878613
 829.000000 0.284975 0.187522 0.670223 13.784826
 830.000000 0.248204 0.162803 0.649254 15.689423
 831.000000 0.255533 0.185385 0.660866 14.725127
 832.000000 0.240657 0.164657 0.654847 14.283948
 833.000000 0.248306 0.184906 0.665145 14.470456
 834.000000 0.269149 0.205020 0.675880 14.146898
 835.000000 0.271493 0.204315 0.664696 13.268933
 836.000000 0.234078 0.208208 0.669611 14.552054
 837.000000 0.246732 0.167130 0.654698 14.159642
 838.000000 0.250876 0.159614 0.653717 14.806251
 839.000000 0.235356 0.190946 0.666518 15.423681
 840.000000 0.242246 0.171452 0.660559 15.304048
 841.000000 0.217607 0.157829 0.650851 15.049656
 842.000000 0.237108 0.138920 0.654868 15.689548
 843.000000 0.231106 0.155345 0.669606 13.951701
 844.000000 0.249428 0.159033 0.652017 14.082437
 845.000000 0.231689 0.151038 0.654625 15.588428
 846.000000 0.233267 0.160306 0.654236 16.179646
 847.000000 0.251686 0.162681 0.663138 14.278853
 848.000000 0.238183 0.181770 0.650490 15.559561
 849.000000 0.244165 0.175266 0.658915 15.935295
 850.000000 0.217988 0.148296 0.653507 15.272651
 851.000000 0.229140 0.134256 0.653597 14.275306
 852.000000 0.228968 0.152586 0.652967 15.232735
 853.000000 0.252048 0.188889 0.664726 16.033697
 854.000000 0.233403 0.164952 0.656236 14.670307
 855.000000 0.250796 0.179246 0.666108 15.171518
 856.000000 0.239247 0.164393 0.650961 15.582397
 857.000000 0.240072 0.165229 0.654761 16.408724
 858.000000 0.247576 0.166140 0.661947 15.494320
 859.000000 0.286815 0.149842 0.653869 14.307794
 860.000000 0.239316 0.164941 0.639593 14.682871
 861.000000 0.240515 0.149601 0.656210 15.548660
 862.000000 0.239703 0.183204 0.661014 15.431173
 863.000000 0.232804 0.165420 0.650082 15.764936
 864.000000 0.232735 0.200476 0.659609 15.242632
 865.000000 0.244401 0.186225 0.648738 14.048626
 866.000000 0.250509 0.149498 0.644146 15.451137
 867.000000 0.244581 0.170700 0.655209 15.070489
 868.000000 0.257171 0.181358 0.652720 15.022219
 869.000000 0.266966 0.177397 0.648027 14.889890
 870.000000 0.246817 0.189149 0.652842 14.799152
 871.000000 0.230868 0.194996 0.657953 15.635754
 872.000000 0.238565 0.192236 0.668916 15.266927
 873.000000 0.279250 0.206686 0.664717 15.196732
 874.000000 0.271895 0.213217 0.665683 13.981365
 875.000000 0.251260 0.212704 0.666596 16.133272
 876.000000 0.234762 0.188686 0.662071 15.462716
 877.000000 0.254924 0.211590 0.668530 14.569857
 878.000000 0.251490 0.206730 0.673267 15.203779
 879.000000 0.268780 0.198199 0.672019 14.788532
 880.000000 0.304658 0.214818 0.670298 14.617511
 881.000000 0.268908 0.201256 0.666855 16.294016
 882.000000 0.248224 0.195271 0.663828 14.121332
 883.000000 0.265224 0.159515 0.652065 15.314941
 884.000000 0.273737 0.178714 0.674843 15.602710
 885.000000 0.285074 0.174616 0.654139 14.651528
 886.000000 0.279403 0.162904 0.655648 14.925491
 887.000000 0.267661 0.180179 0.668759 13.120775
 888.000000 0.268554 0.193116 0.658169 15.277534
 889.000000 0.241984 0.178406 0.659172 15.306329
 890.000000 0.244917 0.153336 0.659709 14.614281
 891.000000 0.256099 0.154577 0.652245 15.293026
 892.000000 0.280898 0.146462 0.671555 13.461747
 893.000000 0.244466 0.173232 0.658618 15.015666
 894.000000 0.296729 0.168722 0.666327 13.604503
 895.000000 0.260308 0.164044 0.658522 14.249201
 896.000000 0.247750 0.149900 0.654358 15.655216
 897.000000 0.254931 0.134113 0.658203 14.400654
 898.000000 0.239409 0.159534 0.656010 14.992270
 899.000000 0.231674 0.130985 0.654719 15.664587
 900.000000 0.242264 0.132149 0.647492 16.088346
 901.000000 0.240525 0.145734 0.655684 15.904230
 902.000000 0.235594 0.154632 0.670356 14.996212
 903.000000 0.248555 0.158417 0.657457 14.699823
 904.000000 0.245863 0.208029 0.677263 14.932423
 905.000000 0.262684 0.166041 0.662819 14.627121
 906.000000 0.222376 0.148767 0.656553 14.642771
 907.000000 0.239158 0.158822 0.660789 15.587407
 908.000000 0.229609 0.147696 0.650182 16.132052
 909.000000 0.238366 0.156887 0.664139 14.466408
 910.000000 0.242858 0.156842 0.652930 15.566941
 911.000000 0.278358 0.160445 0.657250 14.599969
 912.000000 0.231713 0.147509 0.660532 15.860803
 913.000000 0.234689 0.156128 0.660177 15.056552
 914.000000 0.211581 0.132273 0.661450 15.972878
 915.000000 0.241244 0.152992 0.658988 15.422704
 916.000000 0.226031 0.146369 0.656419 15.900661
 917.000000 0.228300 0.141337 0.655839 15.305358
 918.000000 0.234943 0.140018 0.654209 14.960356
 919.000000 0.220973 0.141351 0.649057 15.638681
 920.000000 0.243759 0.141194 0.648259 16.473133
 921.000000 0.271370 0.148133 0.651436 16.201882
 922.000000 0.262413 0.135996 0.655702 14.848519
 923.000000 0.282983 0.147337 0.652178 14.817923
 924.000000 0.248127 0.133652 0.644884 16.550661
 925.000000 0.218482 0.139981 0.646795 16.782779
 926.000000 0.186432 0.152251 0.658640 17.283681
 927.000000 0.170571 0.156951 0.655485 16.733558
 928.000000 0.200900 0.133083 0.653995 17.965981
 929.000000 0.209428 0.149531 0.660035 17.608230
 930.000000 0.209797 0.140949 0.652045 17.017874
 931.000000 0.189047 0.134490 0.644177 17.439135
 932.000000 0.202314 0.140066 0.656867 16.354560
 933.000000 0.212397 0.153524 0.659222 16.662838
 934.000000 0.190654 0.152563 0.661969 17.495410
 935.000000 0.199866 0.159245 0.649497 17.720140
 936.000000 0.175153 0.148630 0.662511 17.391367
 937.000000 0.231166 0.151769 0.660047 17.488159
 938.000000 0.199501 0.163252 0.666371 17.022766
 939.000000 0.192057 0.146433 0.654624 17.100342
 940.000000 0.204662 0.141787 0.659786 17.059497
 941.000000 0.216730 0.152928 0.659804 17.739942
 942.000000 0.205504 0.133396 0.657411 17.315325
 943.000000 0.201143 0.138397 0.665663 17.231127
 944.000000 0.198804 0.151457 0.654515 17.965059
 945.000000 0.233428 0.158482 0.664965 16.131321
 946.000000 0.186104 0.141441 0.655907 17.956719
 947.000000 0.176818 0.139086 0.657496 17.645576
 948.000000 0.202795 0.154577 0.652363 17.254373
 949.000000 0.209107 0.147700 0.670040 17.153428
 950.000000 0.210771 0.138283 0.661500 17.376475
 951.000000 0.206058 0.137943 0.662902 16.590907
 952.000000 0.215384 0.152371 0.666008 16.912637
 953.000000 0.195264 0.153840 0.658688 16.474548
 954.000000 0.226815 0.170561 0.661648 17.137995
 955.000000 0.197592 0.147259 0.657479 17.193228
 956.000000 0.207280 0.149636 0.654150 16.951257
 957.000000 0.211025 0.145694 0.657315 17.568503
 958.000000 0.185338 0.145778 0.655721 16.678100
 959.000000 0.216122 0.154654 0.659933 17.355219
 960.000000 0.207072 0.150617 0.663253 16.910653
 961.000000 0.204088 0.139128 0.653322 17.475384
 962.000000 0.206677 0.140946 0.662753 17.235750
 963.000000 0.185298 0.173199 0.648954 18.960194
 964.000000 0.199913 0.159817 0.652317 17.150756
 965.000000 0.248748 0.145380 0.650524 16.772973
 966.000000 0.199540 0.123649 0.653468 16.835145
 967.000000 0.209082 0.142996 0.654999 17.206859
 968.000000 0.173086 0.151213 0.655573 17.246826
 969.000000 0.212877 0.153780 0.656995 17.389346
 970.000000 0.209728 0.166262 0.660604 16.441976
 971.000000 0.220916 0.155661 0.661112 16.317049
 972.000000 0.190728 0.149325 0.658248 17.609744
 973.000000 0.205754 0.147471 0.655986 17.544621
 974.000000 0.211731 0.145303 0.662983 16.800638
 975.000000 0.224354 0.154867 0.657752 16.835918
 976.000000 0.196504 0.157479 0.660467 17.457410
 977.000000 0.185579 0.136480 0.650827 17.602949
 978.000000 0.208311 0.137867 0.658450 17.134142
 979.000000 0.243326 0.148132 0.650437 17.083372
 980.000000 0.194383 0.143362 0.657758 16.751286
 981.000000 0.214031 0.141598 0.659219 17.085373
 982.000000 0.218264 0.158647 0.651102 17.933142
 983.000000 0.215985 0.148138 0.657424 16.116437
 984.000000 0.184243 0.170104 0.659408 16.361668
 985.000000 0.241424 0.170714 0.655248 16.552199
 986.000000 0.241258 0.145759 0.646858 16.364886
 987.000000 0.207441 0.159902 0.662599 17.137486
 988.000000 0.234118 0.139633 0.653906 17.154442
 989.000000 0.233813 0.136404 0.649084 17.443671
 990.000000 0.214460 0.150081 0.654483 16.816206
 991.000000 0.191662 0.135232 0.652026 18.096207
 992.000000 0.230864 0.146988 0.671151 17.015682
 993.000000 0.236300 0.148548 0.672109 16.514343
 994.000000 0.237884 0.154437 0.647250 17.051602
 995.000000 0.222861 0.130860 0.651525 17.250611
 996.000000 0.244713 0.159008 0.659714 16.393106
 997.000000 0.245782 0.160395 0.660573 17.911149
 998.000000 0.200064 0.154306 0.653980 17.881998
 999.000000 0.220221 0.173451 0.661134 16.772674
 1000.000000 0.185385 0.174622 0.654745 17.747239
 1001.000000 0.211748 0.166164 0.663391 17.477414
 1002.000000 0.228353 0.150599 0.659748 16.197785
 1003.000000 0.225571 0.185611 0.662562 16.589054
 1004.000000 0.229234 0.154315 0.661614 17.225289
 1005.000000 0.232266 0.140288 0.649394 17.150935
 1006.000000 0.216200 0.138301 0.657369 17.093454
 1007.000000 0.217495 0.132273 0.656526 16.768752
 1008.000000 0.257688 0.153157 0.665052 16.341944
 1009.000000 0.256296 0.145938 0.665884 15.865171
 1010.000000 0.212213 0.144216 0.657475 17.324436
 1011.000000 0.234394 0.137257 0.657567 17.008331
 1012.000000 0.258772 0.146439 0.658199 15.922337
 1013.000000 0.238544 0.163524 0.667377 17.412699
 1014.000000 0.194601 0.137105 0.662714 17.425132
 1015.000000 0.208768 0.148586 0.666173 18.125726
 1016.000000 0.193158 0.142073 0.661727 17.627271
 1017.000000 0.197705 0.130716 0.651737 16.731654
 1018.000000 0.214804 0.159306 0.656363 16.826448
 1019.000000 0.215448 0.158001 0.661817 16.898537
 1020.000000 0.179316 0.159197 0.652598 17.444863
 1021.000000 0.194782 0.139648 0.662279 16.563433
 1022.000000 0.198785 0.161652 0.661952 17.856553
 1023.000000 0.203974 0.149719 0.666570 16.391656
 1024.000000 0.238090 0.151980 0.664549 16.773818
 1025.000000 0.174491 0.156790 0.657083 17.810056
 1026.000000 0.239725 0.146288 0.663130 17.064913
 1027.000000 0.201268 0.139461 0.656085 16.905387
 1028.000000 0.215210 0.143029 0.663193 16.783305
 1029.000000 0.227671 0.145278 0.663316 17.161713
 1030.000000 0.193203 0.145496 0.660511 17.199173
 1031.000000 0.205472 0.151972 0.653538 16.203435
 1032.000000 0.202255 0.145987 0.665874 17.039829
 1033.000000 0.249547 0.157149 0.665623 17.710636
 1034.000000 0.189311 0.118099 0.658698 16.618797
 1035.000000 0.206421 0.143572 0.665884 17.032050
 1036.000000 0.217146 0.154105 0.668718 17.276438
 1037.000000 0.216757 0.133709 0.658498 16.872262
 1038.000000 0.218509 0.147655 0.660428 17.408969
 1039.000000 0.194061 0.149084 0.665831 16.778138
 1040.000000 0.201377 0.140466 0.662191 17.462668
 1041.000000 0.179759 0.123540 0.656318 17.696825
 1042.000000 0.195996 0.157163 0.659274 17.325733
 1043.000000 0.223291 0.140492 0.662847 17.686053
 1044.000000 0.199833 0.184624 0.676775 16.284114
 1045.000000 0.182385 0.141324 0.658964 17.811541
 1046.000000 0.212998 0.157463 0.672999 16.335277
 1047.000000 0.216515 0.157246 0.665759 17.147140
 1048.000000 0.208892 0.152705 0.668111 17.573174
 1049.000000 0.210698 0.167798 0.667574 18.114417
 1050.000000 0.193381 0.160344 0.674402 16.953390
 1051.000000 0.197884 0.142277 0.655981 17.358922
 1052.000000 0.207848 0.196755 0.667923 17.195883
 1053.000000 0.262505 0.182847 0.674113 17.338440
 1054.000000 0.206671 0.171660 0.663572 17.352204
 1055.000000 0.221985 0.168291 0.667123 17.457569
 1056.000000 0.241167 0.157717 0.655634 17.773617
 1057.000000 0.229854 0.152208 0.668364 16.936593
 1058.000000 0.224631 0.155614 0.666271 17.232681
 1059.000000 0.243128 0.155771 0.653598 16.964473
 1060.000000 0.223504 0.140051 0.659238 18.349644
 1061.000000 0.209656 0.163903 0.661921 17.095469
 1062.000000 0.219776 0.154009 0.655020 16.890709
 1063.000000 0.219079 0.169324 0.663784 17.172915
 1064.000000 0.218309 0.144375 0.656561 17.710817
 1065.000000 0.264095 0.155794 0.656973 16.742378
 1066.000000 0.217929 0.136330 0.652783 17.044366
 1067.000000 0.206172 0.146753 0.661185 16.869217
 1068.000000 0.238974 0.155185 0.660857 16.717388
 1069.000000 0.279844 0.152429 0.664381 16.553488
 1070.000000 0.245968 0.151971 0.660350 16.969455
 1071.000000 0.252762 0.165464 0.669310 16.638801
 1072.000000 0.235095 0.138214 0.658254 17.726103
 1073.000000 0.277160 0.159043 0.671340 16.014392
 1074.000000 0.194339 0.128629 0.655520 16.530673
 1075.000000 0.211293 0.146488 0.657560 16.070535
 1076.000000 0.193102 0.149878 0.654966 16.494554
 1077.000000 0.213313 0.160309 0.662245 17.215950
 1078.000000 0.206068 0.149131 0.659248 17.002636
 1079.000000 0.217908 0.143072 0.661641 16.369508
 1080.000000 0.214871 0.145876 0.654893 17.244253
 1081.000000 0.216345 0.141875 0.657886 17.071809
 1082.000000 0.194603 0.146650 0.654078 17.090217
 1083.000000 0.172888 0.169983 0.665719 17.256720
 1084.000000 0.196866 0.160802 0.666116 17.471095
 1085.000000 0.206892 0.141675 0.664565 16.864099
 1086.000000 0.201702 0.148210 0.657049 17.654033
 1087.000000 0.197942 0.136368 0.658774 17.013373
 1088.000000 0.203714 0.164893 0.667472 16.651072
 1089.000000 0.195472 0.151962 0.654934 16.473542
 1090.000000 0.192229 0.120839 0.667077 16.629885
 1091.000000 0.206622 0.156477 0.660563 16.812847
 1092.000000 0.195854 0.151148 0.657003 18.342160
 1093.000000 0.225909 0.138776 0.662426 16.723984
 1094.000000 0.192454 0.133454 0.659147 18.764107
 1095.000000 0.204402 0.135267 0.655414 17.296594
 1096.000000 0.185022 0.133640 0.648192 16.820272
 1097.000000 0.202390 0.132096 0.658641 17.415274
 1098.000000 0.211781 0.147588 0.656888 17.342951
 1099.000000 0.187339 0.144878 0.653811 17.230155
 1100.000000 0.243167 0.134798 0.660504 16.969834
 1101.000000 0.232451 0.145538 0.664117 17.006317
 1102.000000 0.241303 0.140499 0.662101 17.518676
 1103.000000 0.251016 0.147183 0.657871 16.024584
 1104.000000 0.229363 0.139022 0.663978 16.583765
 1105.000000 0.241576 0.155148 0.663762 17.179916
 1106.000000 0.240152 0.125512 0.651411 17.184930
 1107.000000 0.220862 0.172403 0.655164 17.267673
 1108.000000 0.216722 0.130950 0.658598 17.379120
 1109.000000 0.248205 0.163260 0.665882 16.811931
 1110.000000 0.215469 0.160912 0.654218 17.814812
 1111.000000 0.208843 0.151726 0.646117 17.030085
 1112.000000 0.218274 0.144181 0.651215 17.417380
 1113.000000 0.196786 0.110269 0.653826 17.067828
 1114.000000 0.248678 0.141493 0.658781 16.811746
 1115.000000 0.219375 0.158250 0.662933 17.026282
 1116.000000 0.210842 0.145843 0.654435 17.377029
 1117.000000 0.232707 0.135750 0.652668 16.934597
 1118.000000 0.246459 0.143595 0.651706 17.594357
 1119.000000 0.219109 0.132839 0.654566 16.673220
 1120.000000 0.235412 0.139898 0.657612 16.949254
 1121.000000 0.236107 0.138994 0.667390 16.392853
 1122.000000 0.227649 0.152410 0.655053 17.234602
 1123.000000 0.233034 0.155790 0.658530 15.936641
 1124.000000 0.218904 0.140973 0.649926 18.083344
 1125.000000 0.253911 0.146985 0.655864 17.011400
 1126.000000 0.235557 0.141875 0.652413 17.592304
 1127.000000 0.228899 0.135945 0.658463 16.879158
 1128.000000 0.252860 0.145365 0.660840 18.011700
 1129.000000 0.210782 0.148630 0.664564 17.764805
 1130.000000 0.177306 0.124850 0.656800 18.211049
 1131.000000 0.167902 0.129826 0.660190 17.406118
 1132.000000 0.163572 0.123502 0.643893 18.829247
 1133.000000 0.166749 0.134280 0.649431 18.434160
 1134.000000 0.170785 0.117286 0.653000 17.153357
 1135.000000 0.148152 0.130444 0.661953 17.853110
 1136.000000 0.165729 0.136654 0.653817 18.705238
 1137.000000 0.162550 0.133996 0.647206 18.297060
 1138.000000 0.163532 0.119471 0.653970 18.486235
 1139.000000 0.171064 0.110139 0.640530 19.265313
 1140.000000 0.166818 0.123742 0.648811 18.578595
 1141.000000 0.166281 0.119660 0.646856 17.830794
 1142.000000 0.150510 0.126432 0.647884 18.780855
 1143.000000 0.168421 0.127273 0.644113 18.262244
 1144.000000 0.160797 0.140530 0.649371 18.129000
 1145.000000 0.154377 0.125935 0.657008 18.497223
 1146.000000 0.163844 0.135917 0.656895 16.924024
 1147.000000 0.161469 0.124480 0.645464 17.708997
 1148.000000 0.153785 0.102068 0.654534 17.236118
 1149.000000 0.138244 0.130204 0.650096 18.934302
 1150.000000 0.162639 0.134730 0.647118 18.792132
 1151.000000 0.186741 0.122320 0.636795 18.571243
 1152.000000 0.145099 0.138795 0.651923 19.980640
 1153.000000 0.170951 0.113450 0.639083 18.697329
 1154.000000 0.160474 0.120098 0.642166 18.361583
 1155.000000 0.146909 0.136969 0.640873 17.929130
 1156.000000 0.132303 0.106836 0.644347 19.736356
 1157.000000 0.172125 0.135942 0.648317 17.837902
 1158.000000 0.143497 0.123437 0.645789 19.406150
 1159.000000 0.147107 0.106413 0.649590 18.650073
 1160.000000 0.176926 0.094733 0.638243 19.118860
 1161.000000 0.178276 0.092380 0.641676 19.533135
 1162.000000 0.156442 0.117615 0.650925 18.175376
 1163.000000 0.181592 0.123322 0.634818 18.696508
 1164.000000 0.169477 0.149608 0.650596 17.962303
 1165.000000 0.166048 0.115113 0.644658 17.710149
 1166.000000 0.163506 0.130472 0.635604 19.347666
 1167.000000 0.177685 0.118468 0.642235 18.081460
 1168.000000 0.149380 0.124883 0.649860 18.777962
 1169.000000 0.172739 0.124809 0.640401 18.193177
 1170.000000 0.200853 0.124045 0.645698 16.803346
 1171.000000 0.188480 0.123585 0.646320 17.058699
 1172.000000 0.201566 0.143910 0.649898 17.126081
 1173.000000 0.203392 0.135584 0.646453 16.772460
 1174.000000 0.183713 0.121467 0.640386 18.191481
 1175.000000 0.205199 0.127143 0.645477 17.202550
 1176.000000 0.214279 0.140644 0.652214 16.636089
 1177.000000 0.206039 0.132013 0.647287 17.971218
 1178.000000 0.195650 0.114082 0.644396 18.510938
 1179.000000 0.182374 0.096608 0.633226 19.856847
 1180.000000 0.196097 0.111228 0.639006 17.834096
 1181.000000 0.197965 0.123449 0.653128 18.077349
 1182.000000 0.178633 0.118860 0.648761 17.801845
 1183.000000 0.190128 0.118675 0.653333 17.426728
 1184.000000 0.161741 0.124069 0.639066 18.934002
 1185.000000 0.176055 0.128357 0.644729 17.463749
 1186.000000 0.154556 0.119284 0.653357 18.605306
 1187.000000 0.189768 0.129388 0.652989 17.417892
 1188.000000 0.166308 0.136030 0.651737 16.978003
 1189.000000 0.182530 0.130113 0.653109 17.434498
 1190.000000 0.164241 0.109209 0.635835 18.620879
 1191.000000 0.135690 0.134957 0.649972 19.154334
 1192.000000 0.153177 0.148289 0.644318 18.549633
 1193.000000 0.145497 0.127001 0.654740 19.158614
 1194.000000 0.149560 0.131538 0.651436 18.040474
 1195.000000 0.184038 0.101814 0.644597 16.001735
 1196.000000 0.195021 0.123473 0.645819 16.606257
 1197.000000 0.186391 0.128597 0.645186 18.285041
 1198.000000 0.155427 0.122539 0.645848 18.558278
 1199.000000 0.174511 0.131742 0.646244 17.922125
 1200.000000 0.159189 0.138787 0.645331 18.226799
 1201.000000 0.171477 0.141026 0.646272 18.314610
 1202.000000 0.183107 0.129231 0.654062 18.158117
 1203.000000 0.169051 0.125882 0.649134 17.644975
 1204.000000 0.174918 0.139502 0.653411 17.107472
 1205.000000 0.169245 0.125249 0.645017 17.873439
 1206.000000 0.148001 0.119118 0.637038 18.697412
 1207.000000 0.142175 0.131200 0.648554 18.212766
 1208.000000 0.160029 0.121294 0.644786 18.689619
 1209.000000 0.170246 0.115669 0.640574 19.100494
 1210.000000 0.185919 0.145229 0.652609 17.161161
 1211.000000 0.161256 0.131182 0.644860 18.791420
 1212.000000 0.174323 0.128633 0.648504 18.864317
 1213.000000 0.179424 0.122862 0.640925 18.702630
 1214.000000 0.167880 0.121016 0.649798 18.833547
 1215.000000 0.161883 0.127054 0.645494 18.420537
 1216.000000 0.158577 0.140010 0.646342 19.267740
 1217.000000 0.141235 0.135778 0.654749 18.848740
 1218.000000 0.172404 0.121742 0.652578 18.376837
 1219.000000 0.151469 0.123907 0.645657 18.710650
 1220.000000 0.170582 0.141045 0.646861 18.641332
 1221.000000 0.178701 0.152786 0.654657 16.762333
 1222.000000 0.172705 0.142986 0.654964 18.066053
 1223.000000 0.160144 0.127688 0.641565 19.338526
 1224.000000 0.163821 0.130119 0.642342 18.190281
 1225.000000 0.159331 0.114161 0.633122 19.332495
 1226.000000 0.155237 0.136833 0.642977 19.025532
 1227.000000 0.153828 0.128984 0.642181 17.960628
 1228.000000 0.160936 0.133124 0.652205 17.625266
 1229.000000 0.163571 0.120448 0.648816 18.236653
 1230.000000 0.174893 0.128788 0.641428 18.309865
 1231.000000 0.167657 0.120959 0.646752 17.436125
 1232.000000 0.187355 0.114345 0.646315 18.037940
 1233.000000 0.181610 0.110830 0.646981 17.795655
 1234.000000 0.149019 0.124358 0.651001 18.019168
 1235.000000 0.172947 0.138990 0.649194 18.821862
 1236.000000 0.206855 0.125053 0.654577 16.189352
 1237.000000 0.146039 0.179479 0.667679 16.006875
 1238.000000 0.158033 0.177053 0.661924 16.884105
 1239.000000 0.154231 0.151795 0.662798 17.143295
 1240.000000 0.160310 0.151640 0.663005 17.778943
 1241.000000 0.127446 0.152238 0.649273 19.458419
 1242.000000 0.155467 0.128803 0.642585 20.044501
 1243.000000 0.180052 0.124828 0.642337 18.336666
 1244.000000 0.182496 0.129358 0.645348 17.655868
 1245.000000 0.147243 0.130375 0.647734 19.046157
 1246.000000 0.197006 0.126950 0.657194 16.983747
 1247.000000 0.180898 0.127783 0.650054 17.871046
 1248.000000 0.165356 0.127706 0.644229 18.392991
 1249.000000 0.165763 0.130358 0.651066 19.080428
 1250.000000 0.187833 0.146620 0.649763 17.287192
 1251.000000 0.192012 0.147271 0.657474 16.895319
 1252.000000 0.153832 0.117051 0.641012 18.721157
 1253.000000 0.152658 0.137150 0.646206 19.113576
 1254.000000 0.156069 0.127097 0.639529 19.256057
 1255.000000 0.164334 0.119455 0.651033 17.328011
 1256.000000 0.160440 0.137131 0.652587 17.780764
 1257.000000 0.161224 0.122371 0.645052 18.365610
 1258.000000 0.162546 0.123168 0.643426 18.457846
 1259.000000 0.134824 0.120596 0.637792 19.275897
 1260.000000 0.153504 0.127448 0.643113 18.660365
 1261.000000 0.173245 0.096116 0.638758 18.529039
 1262.000000 0.176384 0.082057 0.636551 19.800588
 1263.000000 0.181390 0.108346 0.639459 18.572454
 1264.000000 0.175761 0.097009 0.636186 19.897277
 1265.000000 0.183011 0.094472 0.638765 19.207342
 1266.000000 0.172949 0.100463 0.635522 19.112281
 1267.000000 0.161901 0.107369 0.639489 18.408437
 1268.000000 9.949076 0.128347 0.645273 19.830939
 1269.000000 9.924174 0.096339 0.637840 20.027505
 1270.000000 9.897890 0.107641 0.647264 18.646960
 1271.000000 9.881253 0.098588 0.643601 17.476684
 1272.000000 9.908910 0.094483 0.649518 18.851803
 1273.000000 0.203139 0.124537 0.648293 17.099318
 1274.000000 0.202797 0.118879 0.655168 17.728790
 1275.000000 0.208987 0.126282 0.644745 18.454792
 1276.000000 0.217289 0.099088 0.636870 18.336228
 1277.000000 0.215764 0.124043 0.652034 18.141101
 1278.000000 9.933805 0.128665 0.646071 18.237518
 1279.000000 9.948191 0.115721 0.655359 18.049124
 1280.000000 9.911321 0.117524 0.652838 16.987590
 1281.000000 0.200049 0.119291 0.646084 17.183210
 1282.000000 0.176749 0.148441 0.658881 16.984723
 1283.000000 0.211752 0.112094 0.648359 17.084383
 1284.000000 9.970106 0.118745 0.647254 17.807694
 1285.000000 0.214591 0.131125 0.644482 17.306475
 1286.000000 0.212197 0.123594 0.654324 17.958749
 1287.000000 0.211032 0.123334 0.646427 16.834130
 1288.000000 0.196555 0.127731 0.642999 17.504652
 1289.000000 0.214779 0.117234 0.640164 17.674392
 1290.000000 9.942556 0.101889 0.639465 19.565064
 1291.000000 9.943899 0.123375 0.651820 18.282267
 1292.000000 9.942053 0.114939 0.649676 18.440642
 1293.000000 0.219346 0.136241 0.643395 17.346480
 1294.000000 9.916976 0.128464 0.653262 17.070804
 1295.000000 9.930740 0.126528 0.657859 17.312329
 1296.000000 9.924075 0.123871 0.653054 18.662763
 1297.000000 9.934291 0.109859 0.651704 18.891353
 1298.000000 9.958434 0.102904 0.647459 19.041196
 1299.000000 0.204616 0.108487 0.650923 18.297277
 1300.000000 0.231571 0.134022 0.657405 16.772166
 1301.000000 0.217213 0.138175 0.658846 16.601285
 1302.000000 0.203010 0.106959 0.650454 17.139240
 1303.000000 0.203209 0.117791 0.654756 17.145018
 1304.000000 0.248797 0.140929 0.661507 17.964990
 1305.000000 0.211841 0.101127 0.653364 16.981244
 1306.000000 0.217450 0.119337 0.653429 17.024318
 1307.000000 0.205920 0.099880 0.648405 18.530649
 1308.000000 0.205958 0.111316 0.650438 18.212790
 1309.000000 0.214894 0.101730 0.642103 19.737828
 1310.000000 0.207471 0.105076 0.653170 18.060808
 1311.000000 0.229086 0.095624 0.651864 17.703918
 1312.000000 0.241001 0.109158 0.653864 18.955282
 1313.000000 0.234311 0.104372 0.642422 18.797706
 1314.000000 0.208713 0.114264 0.640579 18.443437
 1315.000000 0.203825 0.105718 0.639856 18.817339
 1316.000000 0.223935 0.096900 0.635313 19.616565
 1317.000000 0.216278 0.090327 0.633792 18.831842
 1318.000000 0.203511 0.096056 0.640556 18.965675
 1319.000000 0.240724 0.098513 0.641808 19.119340
 1320.000000 0.221918 0.093647 0.634386 19.544027
 1321.000000 0.209198 0.101118 0.636537 19.139747
 1322.000000 0.215466 0.102718 0.638887 20.137535
 1323.000000 0.198047 0.133289 0.649019 16.082356
 1324.000000 0.196884 0.138762 0.651532 17.787001
 1325.000000 0.193485 0.125499 0.651310 16.915898
 1326.000000 0.185910 0.130451 0.647636 18.420363
 1327.000000 0.176660 0.130971 0.649419 18.021640
 1328.000000 0.165710 0.141758 0.650838 17.829100
 1329.000000 0.203642 0.125069 0.645336 17.219919
 1330.000000 0.217233 0.119841 0.649173 17.349676
 1331.000000 0.202644 0.124997 0.651462 18.455213
 1332.000000 0.184284 0.146167 0.641683 18.904235
 1333.000000 0.184633 0.138206 0.650668 17.356629
 1334.000000 0.172577 0.137511 0.650551 17.046376
 1335.000000 0.158191 0.135877 0.647415 17.888540
 1336.000000 0.105016 0.146704 0.651035 20.185576
 1337.000000 0.118699 0.128383 0.652627 18.769366
 1338.000000 0.188149 0.118811 0.645781 17.854808
 1339.000000 0.171471 0.107169 0.638368 19.649175
 1340.000000 0.144813 0.119287 0.651330 18.545706
 1341.000000 0.161989 0.156473 0.657041 17.748979
 1342.000000 0.133410 0.169930 0.660099 18.598057
 1343.000000 0.127031 0.146961 0.653559 19.194098
 1344.000000 0.154823 0.127134 0.644622 18.357355
 1345.000000 0.172090 0.131093 0.653355 17.861785
 1346.000000 0.186599 0.141567 0.654570 16.699129
 1347.000000 0.168499 0.123850 0.653826 17.578183
 1348.000000 0.153056 0.120472 0.649533 18.316852
 1349.000000 0.170739 0.125395 0.652370 18.221358
 1350.000000 0.151910 0.114220 0.654898 18.223156
 1351.000000 0.172407 0.134580 0.649528 17.598358
 1352.000000 0.163114 0.118615 0.654504 17.253413
 1353.000000 0.172726 0.143592 0.659258 16.755473
 1354.000000 0.175752 0.134656 0.651967 18.126029
 1355.000000 0.177468 0.130869 0.648360 18.017155
 1356.000000 0.138165 0.117365 0.654609 18.494131
 1357.000000 0.162273 0.122574 0.651953 18.941396
 1358.000000 0.128963 0.124613 0.644687 19.984815
 1359.000000 0.156025 0.131990 0.650992 18.004718
 1360.000000 0.164473 0.140956 0.661056 16.835104
 1361.000000 0.189643 0.123015 0.650899 17.545390
 1362.000000 0.173142 0.120916 0.650385 17.798319
 1363.000000 0.214792 0.130885 0.651795 17.064469
 1364.000000 0.212555 0.139346 0.648596 17.462980
 1365.000000 0.194147 0.138070 0.653938 17.520153
 1366.000000 0.161711 0.119506 0.647925 18.752557
 1367.000000 0.178410 0.115352 0.644918 17.651404
 1368.000000 0.191875 0.177051 0.649533 17.332390
 1369.000000 0.181427 0.161342 0.655958 18.391462
 1370.000000 0.138148 0.154585 0.662345 18.972175
 1371.000000 0.132854 0.161340 0.647990 20.442871
 1372.000000 0.147508 0.170445 0.657327 18.617255
 1373.000000 0.153458 0.165844 0.656340 19.531270
 1374.000000 0.162449 0.157614 0.663837 18.058966
 1375.000000 0.147752 0.182886 0.663245 18.918801
 1376.000000 0.161909 0.164798 0.657301 18.394821
 1377.000000 0.197136 0.187397 0.663535 18.592450
 1378.000000 0.172512 0.190959 0.661280 17.962461
 1379.000000 0.196649 0.197068 0.668685 17.280362
 1380.000000 0.202334 0.179153 0.666399 17.681444
 1381.000000 0.193946 0.165515 0.667572 18.481235
 1382.000000 0.165874 0.186267 0.674208 17.962425
 1383.000000 0.166832 0.190943 0.673796 16.542985
 1384.000000 0.128954 0.166996 0.667352 18.582845
 1385.000000 0.153370 0.180813 0.658716 18.051354
 1386.000000 0.132988 0.155628 0.653971 18.124117
 1387.000000 0.146536 0.152364 0.659239 18.496169
 1388.000000 0.170723 0.143278 0.652642 18.041892
 1389.000000 0.167111 0.133181 0.645217 18.418961
 1390.000000 0.165886 0.130718 0.651639 17.893782
 1391.000000 0.169729 0.141932 0.649561 18.119975
 1392.000000 0.165499 0.135270 0.646235 17.685930
 1393.000000 0.173632 0.121342 0.651436 17.424922
 1394.000000 0.165822 0.127304 0.639859 18.399936
 1395.000000 0.146625 0.125859 0.642066 18.616966
 1396.000000 0.146664 0.134226 0.660916 18.421682
 1397.000000 0.162386 0.151109 0.654435 18.392276
 1398.000000 0.176463 0.131734 0.646425 18.182787
 1399.000000 0.168382 0.144091 0.651879 18.073786
 1400.000000 0.143330 0.138239 0.648337 18.905148
 1401.000000 0.169669 0.147297 0.654193 18.221579
 1402.000000 0.149729 0.127975 0.650314 19.272961
 1403.000000 0.159138 0.130076 0.648413 18.638727
 1404.000000 0.157527 0.130774 0.653440 19.602225
 1405.000000 0.196695 0.136533 0.653610 17.100695
 1406.000000 0.159412 0.131958 0.648392 19.217297
 1407.000000 0.138415 0.171861 0.657893 18.900163
 1408.000000 0.154005 0.134720 0.654287 18.360426
 1409.000000 0.150804 0.143563 0.650520 18.664275
 1410.000000 0.170554 0.145890 0.654968 17.813881
 1411.000000 0.172855 0.145638 0.658881 16.954129
 1412.000000 0.188278 0.165884 0.656528 17.712355
 1413.000000 0.184311 0.175238 0.651440 17.315044
 1414.000000 0.232517 0.166919 0.668652 15.615874
 1415.000000 0.220075 0.182647 0.670032 17.137342
 1416.000000 0.246756 0.155924 0.670545 16.880116
 1417.000000 0.238633 0.161650 0.655723 17.239321
 1418.000000 0.251034 0.150278 0.660304 16.920695
 1419.000000 0.220873 0.146528 0.660220 17.672060
 1420.000000 0.281420 0.127541 0.665989 17.395285
 1421.000000 0.218342 0.156471 0.661249 17.647543
 1422.000000 0.226917 0.166736 0.665978 16.820422
 1423.000000 0.227626 0.135022 0.659496 17.432631
 1424.000000 0.229033 0.149075 0.666839 17.586996
 1425.000000 0.220400 0.136602 0.651982 17.606689
 1426.000000 0.253944 0.152182 0.666897 17.607442
 1427.000000 0.207590 0.169129 0.656147 17.397800
 1428.000000 0.195383 0.152939 0.661361 17.735020
 1429.000000 0.183675 0.154209 0.662705 17.261150
 1430.000000 0.200905 0.154600 0.667541 16.891507
 1431.000000 0.201919 0.158875 0.664153 16.749778
 1432.000000 0.189952 0.177319 0.666501 17.481776
 1433.000000 0.208082 0.165912 0.664654 16.771853
 1434.000000 0.207849 0.147012 0.668206 17.119567
 1435.000000 0.195199 0.186799 0.666501 16.683114
 1436.000000 0.186837 0.174005 0.660868 17.667875
 1437.000000 0.233078 0.142525 0.658474 16.527871
 1438.000000 0.197483 0.163938 0.657327 16.860279
 1439.000000 0.174458 0.157811 0.648447 18.739278
 1440.000000 0.190869 0.146684 0.664053 17.456044
 1441.000000 0.202943 0.149916 0.656741 16.871852
 1442.000000 0.202975 0.179470 0.664822 17.008706
 1443.000000 0.190476 0.133931 0.653288 17.454195
 1444.000000 0.205619 0.144137 0.656933 17.234191
 1445.000000 0.197051 0.178095 0.657763 16.788322
 1446.000000 0.180391 0.150502 0.663009 18.040110
 1447.000000 0.203976 0.154897 0.659959 17.047711
 1448.000000 0.189830 0.139593 0.655968 16.804706
 1449.000000 0.204758 0.142358 0.652364 17.002761
 1450.000000 0.218336 0.150454 0.662110 17.196824
 1451.000000 0.201115 0.159308 0.657129 17.279376
 1452.000000 0.236351 0.155867 0.661157 18.091301
 1453.000000 0.189657 0.146335 0.659450 17.796943
 1454.000000 0.213541 0.152144 0.657410 17.144830
 1455.000000 0.207560 0.173534 0.670463 17.813182
 1456.000000 0.227544 0.168108 0.663299 17.408413
 1457.000000 0.240912 0.153822 0.653861 16.720528
 1458.000000 0.212984 0.176639 0.656401 17.815652
 1459.000000 0.216070 0.174622 0.660641 15.823041
 1460.000000 0.194887 0.163052 0.650147 17.857464
 1461.000000 0.235823 0.149226 0.653174 17.506663
 1462.000000 0.235853 0.129382 0.661402 16.729743
 1463.000000 0.220436 0.178546 0.654692 16.847519
 1464.000000 0.218766 0.186490 0.660165 17.563547
 1465.000000 0.220091 0.174109 0.653376 16.646004
 1466.000000 0.212344 0.171634 0.655838 17.355521
 1467.000000 0.233561 0.177080 0.653153 17.145718
 1468.000000 0.204489 0.163351 0.659230 17.734470
 1469.000000 0.248447 0.154755 0.658950 16.884206
 1470.000000 0.260627 0.156792 0.655238 17.729400
 1471.000000 0.233810 0.174921 0.658346 17.608622
 1472.000000 0.246278 0.159470 0.655370 16.520070
 1473.000000 0.253133 0.158991 0.653408 17.239041
 1474.000000 0.178203 0.145361 0.650109 16.894727
 1475.000000 0.245241 0.159651 0.650955 17.168739
 1476.000000 0.225592 0.151319 0.659286 17.698995
 1477.000000 0.229891 0.138282 0.656231 16.923578
 1478.000000 0.254503 0.146887 0.652848 17.237353
 1479.000000 0.212791 0.145866 0.651882 17.319501
 1480.000000 0.223869 0.148350 0.654123 16.500121
 1481.000000 0.245466 0.131883 0.648658 16.603435
 1482.000000 0.233227 0.167268 0.664673 16.559916
 1483.000000 0.209544 0.176573 0.652657 17.141179
 1484.000000 0.238142 0.172262 0.666625 16.689332
 1485.000000 0.231024 0.205679 0.682606 16.353405
 1486.000000 0.225222 0.192182 0.664499 16.859016
 1487.000000 0.250331 0.171006 0.667317 16.767546
 1488.000000 0.204656 0.180681 0.661703 17.130378
 1489.000000 0.212178 0.202094 0.668626 17.721255
 1490.000000 0.217795 0.156727 0.665945 18.012297
 1491.000000 0.251157 0.150853 0.661327 16.580899
 1492.000000 0.256697 0.143059 0.662170 17.041181
 1493.000000 0.237492 0.167464 0.654910 18.096205
 1494.000000 0.214153 0.138677 0.654279 17.707055
 1495.000000 0.224880 0.155323 0.653879 17.900448
 1496.000000 0.256933 0.136856 0.667166 16.823144
 1497.000000 0.228100 0.141849 0.650302 17.867012
 1498.000000 0.226261 0.143964 0.655506 17.210127
 1499.000000 0.261984 0.149727 0.670551 16.587511
 1500.000000 0.253390 0.180562 0.666809 15.673320
 1501.000000 0.249550 0.178057 0.668973 16.486250
 1502.000000 0.224699 0.194125 0.664573 17.793106
 1503.000000 0.211828 0.161882 0.660911 17.090487
 1504.000000 0.249454 0.142133 0.662482 16.095791
 1505.000000 0.205550 0.126679 0.656447 17.168334
 1506.000000 0.224356 0.156961 0.659545 17.964602
 1507.000000 0.211925 0.161557 0.656921 17.171944
 1508.000000 0.206187 0.146492 0.655271 17.750221
 1509.000000 0.247530 0.151104 0.664956 17.165160
 1510.000000 0.231833 0.150901 0.658963 17.062584
 1511.000000 0.265879 0.149978 0.660080 17.521681
 1512.000000 0.218609 0.145152 0.658850 17.655431
 1513.000000 0.210388 0.149353 0.656118 17.140092
 1514.000000 0.218831 0.130562 0.656670 16.934626
 1515.000000 0.236673 0.153853 0.652480 17.129223
 1516.000000 0.235090 0.150625 0.652484 17.133947
 1517.000000 0.227876 0.158309 0.655371 16.727349
 1518.000000 0.240892 0.140882 0.659640 17.870684
 1519.000000 0.218097 0.152455 0.649831 17.447148
 1520.000000 0.228963 0.146646 0.660884 16.411145
 1521.000000 0.255702 0.148156 0.668379 17.873208
 1522.000000 0.213744 0.144068 0.655212 17.505418
 1523.000000 0.202299 0.151896 0.659589 17.535099
 1524.000000 0.234596 0.147933 0.660046 17.369427
 1525.000000 0.231731 0.148190 0.660147 17.089550
 1526.000000 0.206883 0.147457 0.652495 16.847411
 1527.000000 0.229490 0.159364 0.659164 16.842021
 1528.000000 0.204073 0.178194 0.663679 16.857923
 1529.000000 0.205701 0.158306 0.671746 17.149351
 1530.000000 0.206624 0.167469 0.657163 16.553739
 1531.000000 0.216924 0.186879 0.655294 16.482568
 1532.000000 0.204103 0.160546 0.654590 17.122837
 1533.000000 0.243633 0.183834 0.658307 17.909280
 1534.000000 0.222982 0.173579 0.646829 17.457063
 1535.000000 0.244431 0.203261 0.665421 16.632207
 1536.000000 0.238594 0.133558 0.647617 17.901882
 1537.000000 0.237974 0.167698 0.662770 16.466519
 1538.000000 0.194546 0.188596 0.656104 17.938104
 1539.000000 0.209027 0.195879 0.665225 17.203355
 1540.000000 0.227836 0.195850 0.657106 16.545768
 1541.000000 0.223708 0.188415 0.655564 17.767236
 1542.000000 0.235156 0.185354 0.654339 18.320460
 1543.000000 0.233272 0.152321 0.654347 16.370960
 1544.000000 0.268953 0.145933 0.662477 17.221516
 1545.000000 0.197883 0.155635 0.653207 18.309670
 1546.000000 0.237321 0.164661 0.657880 17.464557
 1547.000000 0.243798 0.162094 0.655733 18.120390
 1548.000000 0.237607 0.161679 0.666687 16.489765
 1549.000000 0.213347 0.152619 0.652436 16.928723
 1550.000000 0.203181 0.149653 0.658080 17.440031
 1551.000000 0.203836 0.137872 0.656304 16.370711
 1552.000000 0.196428 0.134294 0.645614 17.666382
 1553.000000 0.180620 0.160686 0.662963 16.593781
 1554.000000 0.200307 0.166539 0.671662 15.631933
 1555.000000 0.204544 0.171969 0.669645 17.959365
 1556.000000 0.212649 0.158600 0.671246 17.327172
 1557.000000 0.202102 0.167158 0.676189 16.806156
 1558.000000 0.205773 0.167147 0.681005 17.194716
 1559.000000 0.213792 0.140790 0.667551 17.406737
 1560.000000 0.203573 0.156569 0.676498 17.424056
 1561.000000 0.204101 0.149003 0.670961 16.697441
 1562.000000 0.188672 0.153036 0.661546 17.123042
 1563.000000 0.210351 0.173325 0.667297 16.591183
 1564.000000 0.211846 0.175252 0.672015 17.009959
 1565.000000 0.207600 0.158388 0.680535 16.503986
 1566.000000 0.212086 0.147351 0.671326 16.575231
 1567.000000 0.260694 0.166598 0.680238 16.406117
 1568.000000 0.225316 0.152278 0.665105 16.359809
 1569.000000 0.211972 0.165319 0.670618 17.631972
 1570.000000 0.224129 0.155867 0.672163 16.609168
 1571.000000 0.209826 0.134494 0.667475 17.315124
 1572.000000 0.217182 0.144375 0.667092 16.170527
 1573.000000 0.193021 0.134025 0.668682 18.596148
 1574.000000 0.218038 0.159144 0.668086 17.586941
 1575.000000 0.221012 0.144402 0.663218 16.590241
 1576.000000 0.182786 0.148913 0.664289 17.018077
 1577.000000 0.194445 0.145174 0.666953 16.976048
 1578.000000 0.223771 0.151114 0.671616 16.799429
 1579.000000 0.235991 0.158229 0.669404 17.281911
 1580.000000 0.179780 0.161334 0.669407 16.782247
 1581.000000 0.221205 0.145096 0.675639 15.825953
 1582.000000 0.213061 0.126166 0.662303 16.971928
 1583.000000 0.206266 0.165912 0.679000 17.366737
 1584.000000 0.228089 0.149552 0.671564 17.147662
 1585.000000 0.235828 0.145619 0.663500 16.637918
 1586.000000 0.227103 0.153546 0.672656 17.574454
 1587.000000 0.268017 0.156072 0.670210 15.796245
 1588.000000 0.239907 0.147860 0.667037 17.701754
 1589.000000 0.231501 0.131989 0.665678 16.474265
 1590.000000 0.224153 0.159743 0.663052 17.580203
 1591.000000 0.234975 0.153120 0.670684 16.056906
 1592.000000 0.249252 0.166822 0.666332 16.529731
 1593.000000 0.236038 0.131689 0.668064 16.359493
 1594.000000 0.225335 0.156752 0.655048 17.654137
 1595.000000 0.230758 0.145684 0.658734 16.407337
 1596.000000 0.230453 0.147780 0.662902 17.764946
 1597.000000 0.221936 0.140553 0.660935 16.349966
 1598.000000 0.224339 0.149717 0.667079 16.575844
 1599.000000 0.246824 0.157810 0.672621 16.363830
 1600.000000 0.239824 0.148319 0.657753 17.189988
 1601.000000 0.244824 0.141232 0.665131 16.682218
 1602.000000 0.277260 0.163315 0.658841 16.046053
 1603.000000 0.230281 0.187924 0.663711 17.605997
 1604.000000 0.248412 0.180647 0.670178 16.332164
 1605.000000 0.205850 0.154648 0.660371 17.234929
 1606.000000 0.227632 0.154102 0.662757 16.951399
 1607.000000 0.215595 0.143813 0.657100 18.135396
 1608.000000 0.236385 0.140790 0.664520 16.661507
 1609.000000 0.247485 0.154186 0.666510 15.973262
 1610.000000 0.225195 0.151393 0.666145 17.156347
 1611.000000 0.230774 0.142649 0.661367 16.413260
 1612.000000 0.249446 0.166571 0.664132 16.304951
 1613.000000 0.240238 0.160914 0.667131 18.020199
 1614.000000 0.208962 0.146123 0.667629 17.233750
 1615.000000 0.215563 0.161891 0.680047 16.865326
 1616.000000 0.215568 0.158736 0.675429 16.884460
 1617.000000 0.181081 0.156955 0.658915 17.639976
 1618.000000 0.210044 0.155356 0.657190 16.928081
 1619.000000 0.223283 0.174289 0.655621 16.965601
 1620.000000 0.218476 0.186808 0.656766 17.338776
 1621.000000 0.200529 0.161147 0.658411 17.521803
 1622.000000 0.190515 0.175663 0.660182 17.099830
 1623.000000 0.191371 0.162221 0.660244 18.012156
 1624.000000 0.195033 0.181033 0.667524 17.698820
 1625.000000 0.202875 0.167269 0.673780 16.591293
 1626.000000 0.201182 0.143396 0.661454 17.115802
 1627.000000 0.222953 0.147741 0.673072 16.861733
 1628.000000 0.211910 0.145535 0.668411 17.567933
 1629.000000 0.189149 0.152145 0.669323 17.099946
 1630.000000 0.194394 0.148890 0.663337 16.804101
 1631.000000 0.194919 0.137118 0.656707 16.824903
 1632.000000 0.252130 0.163998 0.679646 16.922694
 1633.000000 0.272887 0.158993 0.656400 18.260190
 1634.000000 0.224431 0.132813 0.655573 17.465074
 1635.000000 0.220866 0.142393 0.662656 17.488717
 1636.000000 0.230802 0.151812 0.659615 16.859869
 1637.000000 0.205282 0.139111 0.662430 17.183289
 1638.000000 0.230016 0.150779 0.663628 16.902392
 1639.000000 0.232003 0.143643 0.663701 17.306038
 1640.000000 0.258568 0.135301 0.657087 16.878905
 1641.000000 0.227798 0.144910 0.650645 17.271011
 1642.000000 0.190002 0.151617 0.657391 16.988113
 1643.000000 0.217162 0.146741 0.669188 17.262047
 1644.000000 0.207109 0.145040 0.659406 17.031390
 1645.000000 0.193468 0.165137 0.667357 16.517671
