#! FIELDS time d1 d2
 0.000000 0.038053 0.149284
 1.000000 0.026434 0.123112
 2.000000 0.061438 0.143294
 3.000000 0.011325 0.104699
 4.000000 0.047019 0.157763
 5.000000 0.042417 0.157302
 6.000000 0.046546 0.168285
 7.000000 0.009670 0.109694
 8.000000 0.044138 0.154742
 9.000000 0.011895 0.121621
 10.000000 0.023162 0.147368
 11.000000 0.023880 0.125837
 12.000000 0.055836 0.162286
 13.000000 0.043766 0.159592
 14.000000 0.055849 0.162659
 15.000000 0.059834 0.187310
 16.000000 0.035548 0.131208
 17.000000 0.053632 0.163910
 18.000000 0.050963 0.143362
 19.000000 0.027607 0.145713
 20.000000 0.041113 0.147211
 21.000000 0.044292 0.148129
 22.000000 0.036094 0.133283
 23.000000 0.033404 0.134349
 24.000000 0.041292 0.145058
 25.000000 0.039969 0.143866
 26.000000 0.029255 0.139953
 27.000000 0.038205 0.156897
 28.000000 0.051412 0.186040
 29.000000 0.026402 0.139915
 30.000000 0.010367 0.136449
 31.000000 0.029235 0.151338
 32.000000 0.024874 0.121096
 33.000000 0.042265 0.139290
 34.000000 0.005220 0.112104
 35.000000 0.038610 0.149105
 36.000000 0.025314 0.133464
 37.000000 0.035861 0.155211
 38.000000 0.017753 0.110730
 39.000000 0.035501 0.121426
 40.000000 0.022383 0.154476
 41.000000 0.047327 0.164492
 42.000000 0.028329 0.145158
 43.000000 0.050453 0.187064
 44.000000 0.037401 0.145646
 45.000000 0.026151 0.136136
 46.000000 0.063236 0.181808
 47.000000 0.045338 0.165703
 48.000000 0.028068 0.144730
 49.000000 0.027575 0.123886
 50.000000 0.028889 0.145127
 51.000000 0.058895 0.161600
 52.000000 0.044048 0.164501
 53.000000 0.054351 0.170911
 54.000000 0.026213 0.139367
 55.000000 0.009488 0.107414
 56.000000 0.024030 0.127291
 57.000000 0.002321 0.121836
 58.000000 0.014538 0.106834
 59.000000 0.055038 0.165499
 60.000000 0.028931 0.145398
 61.000000 0.016761 0.142756
 62.000000 0.020035 0.141408
 63.000000 0.053498 0.168365
 64.000000 0.040268 0.135699
 65.000000 0.066594 0.168425
 66.000000 0.031890 0.158648
 67.000000 0.033722 0.134401
 68.000000 0.020514 0.105088
 69.000000 0.025902 0.145171
 70.000000 0.013018 0.146556
 71.000000 0.003590 0.120163
 72.000000 0.003083 0.097318
 73.000000 0.016732 0.133190
 74.000000 0.005462 0.125173
 75.000000 0.031472 0.135418
 76.000000 0.056361 0.165619
 77.000000 0.045809 0.142276
 78.000000 0.028439 0.122526
 79.000000 0.039386 0.141152
 80.000000 0.022934 0.125337
 81.000000 0.044623 0.153990
 82.000000 0.056944 0.179533
 83.000000 0.036511 0.151678
 84.000000 0.027370 0.138626
 85.000000 0.031510 0.141244
 86.000000 0.000667 0.102501
 87.000000 0.123010 0.228936
 88.000000 0.065594 0.175273
 89.000000 0.084906 0.196483
 90.000000 0.069429 0.198517
 91.000000 0.119483 0.232804
 92.000000 0.112727 0.233369
 93.000000 0.069350 0.182602
 94.000000 0.205368 0.267443
 95.000000 0.080124 0.192060
 96.000000 0.083879 0.186769
 97.000000 0.081349 0.197853
 98.000000 0.096933 0.211781
 99.000000 0.068726 0.177553
 100.000000 0.077844 0.204653
 101.000000 0.077840 0.196373
 102.000000 0.072423 0.195609
 103.000000 0.079597 0.185482
 104.000000 0.082233 0.203541
 105.000000 0.089729 0.226097
 106.000000 0.085325 0.205760
 107.000000 0.085053 0.209454
 108.000000 0.067716 0.188906
 109.000000 0.067900 0.183256
 110.000000 0.065826 0.174576
 111.000000 0.087219 0.208311
 112.000000 0.084711 0.195839
 113.000000 0.079411 0.199428
 114.000000 0.077430 0.184298
 115.000000 0.078229 0.194350
 116.000000 0.095273 0.205415
 117.000000 0.060985 0.177040
 118.000000 0.077579 0.199731
 119.000000 0.084304 0.206056
 120.000000 0.078125 0.194781
 121.000000 0.076623 0.195913
 122.000000 0.075950 0.180925
 123.000000 0.083070 0.198675
 124.000000 0.068609 0.191459
 125.000000 0.091863 0.202766
 126.000000 0.064467 0.175646
 127.000000 0.179433 0.253947
 128.000000 0.195487 0.254112
 129.000000 0.205372 0.271376
 130.000000 0.182610 0.252568
 131.000000 0.226938 0.311130
 132.000000 0.203978 0.256042
 133.000000 0.175321 0.248622
 134.000000 0.150606 0.203903
 135.000000 0.130340 0.199264
 136.000000 0.138757 0.207094
 137.000000 0.175902 0.246331
 138.000000 0.158048 0.215567
 139.000000 0.176354 0.249160
 140.000000 0.167499 0.227213
 141.000000 0.169981 0.221751
 142.000000 0.200958 0.258192
 143.000000 0.197525 0.249778
 144.000000 0.186544 0.235758
 145.000000 0.216796 0.299787
 146.000000 0.233816 0.281976
 147.000000 0.206534 0.273989
 148.000000 0.224600 0.281259
 149.000000 0.241178 0.296212
 150.000000 0.197506 0.246688
 151.000000 0.234786 0.308023
 152.000000 0.258891 0.330349
 153.000000 0.258944 0.332025
 154.000000 0.275325 0.387637
 155.000000 0.256378 0.355669
 156.000000 0.278866 0.395289
 157.000000 0.245744 0.368709
 158.000000 0.259263 0.372879
 159.000000 0.245389 0.378967
 160.000000 0.236868 0.370853
 161.000000 0.308529 0.423520
 162.000000 0.300533 0.405861
 163.000000 0.252062 0.355837
 164.000000 0.233659 0.355927
 165.000000 0.236426 0.338664
 166.000000 0.216573 0.325336
 167.000000 0.293279 0.389343
 168.000000 0.257413 0.356246
 169.000000 0.307368 0.412689
 170.000000 0.258372 0.345581
 171.000000 0.285377 0.373821
 172.000000 0.317330 0.392550
 173.000000 0.302091 0.387688
 174.000000 0.251292 0.335118
 175.000000 0.237283 0.319284
 176.000000 0.278012 0.372964
 177.000000 0.331362 0.401625
 178.000000 0.272100 0.352515
 179.000000 0.259475 0.340379
 180.000000 0.268681 0.365052
 181.000000 0.307668 0.392187
 182.000000 0.231504 0.317349
 183.000000 0.287051 0.369337
 184.000000 0.312965 0.409641
 185.000000 0.331315 0.450465
 186.000000 0.349840 0.432649
 187.000000 0.324194 0.432507
 188.000000 0.373134 0.491268
 189.000000 0.359048 0.452769
 190.000000 0.399534 0.465059
 191.000000 0.401155 0.470910
 192.000000 0.355857 0.422793
 193.000000 0.333685 0.398841
 194.000000 0.372310 0.435474
 195.000000 0.368738 0.442357
 196.000000 0.376614 0.475728
 197.000000 0.410911 0.480088
 198.000000 0.401866 0.463792
 199.000000 0.339000 0.404323
 200.000000 0.402627 0.459280
 201.000000 0.409297 0.469489
 202.000000 0.411448 0.475634
 203.000000 0.406446 0.432834
 204.000000 0.363323 0.445906
 205.000000 0.441676 0.491034
 206.000000 0.472930 0.514830
 207.000000 0.414547 0.452827
 208.000000 0.461466 0.495747
 209.000000 0.409066 0.463404
 210.000000 0.332690 0.387128
 211.000000 0.359832 0.424697
 212.000000 0.317431 0.391612
 213.000000 0.325911 0.384486
 214.000000 0.327707 0.400398
 215.000000 0.315262 0.374149
 216.000000 0.324172 0.394714
 217.000000 0.342860 0.404068
 218.000000 0.384089 0.434498
 219.000000 0.342695 0.417648
 220.000000 0.354481 0.430756
 221.000000 0.425487 0.459935
 222.000000 0.409564 0.442458
 223.000000 0.391990 0.447894
 224.000000 0.387866 0.430723
 225.000000 0.343556 0.431687
 226.000000 0.332551 0.414941
 227.000000 0.387776 0.442673
 228.000000 0.398377 0.456328
 229.000000 0.330981 0.432256
 230.000000 0.329212 0.409977
 231.000000 0.335536 0.431271
 232.000000 0.372900 0.437717
 233.000000 0.340473 0.407844
 234.000000 0.335372 0.374793
 235.000000 0.429552 0.484169
 236.000000 0.395824 0.461116
 237.000000 0.356243 0.426976
 238.000000 0.310011 0.390944
 239.000000 0.300987 0.353584
 240.000000 0.301732 0.359186
 241.000000 0.343568 0.410070
 242.000000 0.369953 0.425517
 243.000000 0.391780 0.438118
 244.000000 0.441925 0.487332
 245.000000 0.496764 0.533475
 246.000000 0.556241 0.593372
 247.000000 0.575625 0.613927
 248.000000 0.527079 0.569763
 249.000000 0.480665 0.554583
 250.000000 0.510785 0.569157
 251.000000 0.507910 0.562314
 252.000000 0.539035 0.604196
 253.000000 0.494715 0.547185
 254.000000 0.497349 0.557068
 255.000000 0.508367 0.552841
 256.000000 0.550316 0.591216
 257.000000 0.509978 0.575248
 258.000000 0.509449 0.554704
 259.000000 0.453843 0.502802
 260.000000 0.523417 0.545045
 261.000000 0.571107 0.607361
 262.000000 0.578022 0.601643
 263.000000 0.563014 0.577392
 264.000000 0.558647 0.560717
 265.000000 0.539143 0.552287
 266.000000 0.484520 0.532615
 267.000000 0.456520 0.510295
 268.000000 0.496581 0.536817
 269.000000 0.461592 0.511639
 270.000000 0.468572 0.516774
 271.000000 0.440721 0.481251
 272.000000 0.444492 0.483450
 273.000000 0.472553 0.506671
 274.000000 0.463995 0.518058
 275.000000 0.459922 0.495337
 276.000000 0.427326 0.480541
 277.000000 0.438050 0.506262
 278.000000 0.486769 0.506623
 279.000000 0.431420 0.462001
 280.000000 0.427645 0.457747
 281.000000 0.494730 0.526217
 282.000000 0.486742 0.547163
 283.000000 0.542773 0.579582
 284.000000 0.417158 0.431311
 285.000000 0.396424 0.466898
 286.000000 0.377211 0.411212
 287.000000 0.377951 0.424493
 288.000000 0.392596 0.441424
 289.000000 0.403219 0.440699
 290.000000 0.394497 0.449582
 291.000000 0.366499 0.422329
 292.000000 0.337931 0.410546
 293.000000 0.432680 0.453831
 294.000000 0.407715 0.444754
 295.000000 0.357084 0.398529
 296.000000 0.402527 0.451351
 297.000000 0.362046 0.410136
 298.000000 0.369993 0.418204
 299.000000 0.380572 0.436201
 300.000000 0.389075 0.443600
 301.000000 0.442987 0.486238
 302.000000 0.417543 0.461428
 303.000000 0.467676 0.500136
 304.000000 0.514401 0.523204
 305.000000 0.509737 0.524940
 306.000000 0.493863 0.498628
 307.000000 0.491972 0.490496
 308.000000 0.551205 0.583481
 309.000000 0.581133 0.589493
 310.000000 0.609603 0.618641
 311.000000 0.583694 0.584379
 312.000000 0.597515 0.585515
 313.000000 0.580408 0.601081
 314.000000 0.558633 0.573395
 315.000000 0.603501 0.615891
 316.000000 0.555948 0.572643
 317.000000 0.529986 0.576031
 318.000000 0.518268 0.523294
 319.000000 0.561265 0.561709
 320.000000 0.541776 0.536525
 321.000000 0.562862 0.540709
 322.000000 0.601960 0.608858
 323.000000 0.577402 0.598593
 324.000000 0.602678 0.595522
 325.000000 0.666380 0.674557
 326.000000 0.652137 0.664411
 327.000000 0.654361 0.682036
 328.000000 0.638273 0.651498
 329.000000 0.644237 0.636614
 330.000000 0.540295 0.571340
 331.000000 0.623345 0.637755
 332.000000 0.643735 0.674592
 333.000000 0.665113 0.689923
 334.000000 0.655121 0.686151
 335.000000 0.611601 0.653648
 336.000000 0.640537 0.672959
 337.000000 0.635013 0.660849
 338.000000 0.588459 0.593021
 339.000000 0.580645 0.599874
 340.000000 0.542167 0.542392
 341.000000 0.519586 0.547366
 342.000000 0.478595 0.512937
 343.000000 0.528011 0.555366
 344.000000 0.512531 0.549978
 345.000000 0.528218 0.546095
 346.000000 0.468782 0.497604
 347.000000 0.489076 0.535690
 348.000000 0.476105 0.528226
 349.000000 0.452460 0.499717
 350.000000 0.493738 0.557243
 351.000000 0.454249 0.520134
 352.000000 0.465703 0.540651
 353.000000 0.460643 0.545073
 354.000000 0.468278 0.527317
 355.000000 0.476740 0.559368
 356.000000 0.470246 0.533439
 357.000000 0.449492 0.507977
 358.000000 0.480418 0.540874
 359.000000 0.433662 0.511305
 360.000000 0.437340 0.508734
 361.000000 0.463794 0.513004
 362.000000 0.463395 0.520456
 363.000000 0.470209 0.524179
 364.000000 0.456345 0.507709
 365.000000 0.455233 0.533939
 366.000000 0.503182 0.548720
 367.000000 0.411803 0.480474
 368.000000 0.452679 0.515558
 369.000000 0.425133 0.499611
 370.000000 0.402433 0.502194
 371.000000 0.430498 0.537756
 372.000000 0.419325 0.522303
 373.000000 0.391272 0.508539
 374.000000 0.374615 0.470662
 375.000000 0.384660 0.490646
 376.000000 0.381257 0.479257
 377.000000 0.434795 0.514407
 378.000000 0.382747 0.481875
 379.000000 0.396825 0.487599
 380.000000 0.372515 0.478432
 381.000000 0.395364 0.496945
 382.000000 0.426162 0.517043
 383.000000 0.357009 0.447543
 384.000000 0.426678 0.480383
 385.000000 0.450284 0.511917
 386.000000 0.449983 0.495588
 387.000000 0.437651 0.491049
 388.000000 0.429022 0.490824
 389.000000 0.460818 0.523934
 390.000000 0.505340 0.535889
 391.000000 0.427041 0.477124
 392.000000 0.454097 0.504630
 393.000000 0.503800 0.542015
 394.000000 0.582162 0.595477
 395.000000 0.551469 0.587727
 396.000000 0.538250 0.541035
 397.000000 0.585800 0.615838
 398.000000 0.589862 0.612796
 399.000000 0.523502 0.572126
 400.000000 0.592320 0.613589
 401.000000 0.537807 0.583975
 402.000000 0.557780 0.565136
 403.000000 0.527160 0.547300
 404.000000 0.520919 0.563275
 405.000000 0.556895 0.595292
 406.000000 0.577321 0.606927
 407.000000 0.549903 0.574090
 408.000000 0.556291 0.608293
 409.000000 0.608793 0.642198
 410.000000 0.608796 0.628871
 411.000000 0.573107 0.576205
 412.000000 0.549458 0.555958
 413.000000 0.557833 0.559570
 414.000000 0.510924 0.548724
 415.000000 0.585785 0.584685
 416.000000 0.562481 0.605294
 417.000000 0.486838 0.534009
 418.000000 0.475546 0.506963
 419.000000 0.542822 0.579478
 420.000000 0.491581 0.570455
 421.000000 0.512260 0.558778
 422.000000 0.460756 0.506976
 423.000000 0.489787 0.521798
 424.000000 0.437159 0.508319
 425.000000 0.501481 0.526292
 426.000000 0.491944 0.558606
 427.000000 0.586264 0.616113
 428.000000 0.585760 0.599483
 429.000000 0.582639 0.600989
 430.000000 0.571226 0.599121
 431.000000 0.551047 0.591065
 432.000000 0.569482 0.588209
 433.000000 0.532289 0.566780
 434.000000 0.478327 0.572115
 435.000000 0.511031 0.552518
 436.000000 0.483972 0.566155
 437.000000 0.525085 0.545510
 438.000000 0.593154 0.629564
 439.000000 0.552080 0.611738
 440.000000 0.611178 0.658921
 441.000000 0.607884 0.627266
 442.000000 0.631623 0.659581
 443.000000 0.606779 0.601758
 444.000000 0.623525 0.628179
 445.000000 0.662300 0.640350
 446.000000 0.588702 0.598894
 447.000000 0.579251 0.594390
 448.000000 0.579141 0.610321
#! FIELDS time d1 d2
 0.000000 0.038053 0.149284
 1.000000 0.041838 0.140766
 2.000000 0.021667 0.145940
 3.000000 0.036388 0.150955
 4.000000 0.046120 0.143768
 5.000000 0.051502 0.167100
 6.000000 0.062239 0.172690
 7.000000 0.022436 0.152207
 8.000000 0.068803 0.175676
 9.000000 0.031764 0.133553
 10.000000 0.056078 0.163464
 11.000000 0.094105 0.212438
 12.000000 0.070247 0.199934
 13.000000 0.094890 0.216040
 14.000000 0.079225 0.188203
 15.000000 0.093331 0.203920
 16.000000 0.084733 0.223670
 17.000000 0.087303 0.211548
 18.000000 0.063614 0.192585
 19.000000 0.090835 0.200262
 20.000000 0.106561 0.205465
 21.000000 0.069509 0.201300
 22.000000 0.061516 0.157810
 23.000000 0.066789 0.184697
 24.000000 0.085780 0.199569
 25.000000 0.064334 0.178108
 26.000000 0.027103 0.130601
 27.000000 0.056564 0.179856
 28.000000 0.009233 0.105907
 29.000000 0.032232 0.167485
 30.000000 0.042082 0.163605
 31.000000 0.039552 0.143962
 32.000000 0.060379 0.164186
 33.000000 0.040956 0.144709
 34.000000 0.039037 0.163603
 35.000000 0.054476 0.153617
 36.000000 0.063252 0.156441
 37.000000 0.037348 0.156627
 38.000000 0.029607 0.167779
 39.000000 0.036786 0.132084
 40.000000 0.047209 0.160063
 41.000000 0.018365 0.137675
 42.000000 0.002887 0.127024
 43.000000 0.014473 0.127735
 44.000000 0.006756 0.104743
 45.000000 0.019918 0.134732
 46.000000 0.003716 0.102366
 47.000000 0.002718 0.100425
 48.000000 0.015437 0.118254
 49.000000 0.001564 0.112847
 50.000000 0.001118 0.113682
 51.000000 0.027698 0.126448
 52.000000 0.002223 0.092488
 53.000000 0.023068 0.107442
 54.000000 0.022192 0.107619
 55.000000 0.030717 0.132989
 56.000000 0.015263 0.115886
 57.000000 0.001536 0.097268
 58.000000 0.003671 0.095440
 59.000000 0.026222 0.143109
 60.000000 0.017964 0.113666
 61.000000 0.025881 0.121656
 62.000000 0.019232 0.106080
 63.000000 0.063915 0.149816
 64.000000 0.038784 0.133848
 65.000000 0.046602 0.119451
 66.000000 0.002115 0.115411
 67.000000 0.028971 0.127582
 68.000000 0.042917 0.157843
 69.000000 0.045795 0.149156
 70.000000 0.049846 0.149271
 71.000000 0.022575 0.107012
 72.000000 0.036291 0.127190
 73.000000 0.046091 0.154157
 74.000000 0.041171 0.147703
 75.000000 0.062551 0.171462
 76.000000 0.065195 0.181377
 77.000000 0.057661 0.173137
 78.000000 0.037544 0.147579
 79.000000 0.039984 0.152067
 80.000000 0.034447 0.143808
 81.000000 0.051220 0.163591
 82.000000 0.041887 0.158473
 83.000000 0.033810 0.131858
 84.000000 0.057159 0.156206
 85.000000 0.037267 0.138484
 86.000000 0.053498 0.160554
 87.000000 0.018222 0.121244
 88.000000 0.030617 0.104780
 89.000000 0.036198 0.129789
 90.000000 0.060484 0.167706
 91.000000 0.048884 0.123850
 92.000000 0.032952 0.157830
 93.000000 0.017834 0.104288
 94.000000 0.022736 0.135261
 95.000000 0.047433 0.143065
 96.000000 0.051507 0.173099
 97.000000 0.013632 0.111758
 98.000000 0.033659 0.124279
 99.000000 0.033610 0.140903
 100.000000 0.010911 0.122231
 101.000000 0.046539 0.149486
 102.000000 0.060127 0.186058
 103.000000 0.044089 0.123040
 104.000000 0.041217 0.158719
 105.000000 0.048203 0.149036
 106.000000 0.057452 0.171120
 107.000000 0.064542 0.183022
 108.000000 0.014419 0.085528
 109.000000 0.037689 0.143997
 110.000000 0.017294 0.110406
 111.000000 0.047774 0.165833
 112.000000 0.055085 0.154113
 113.000000 0.031009 0.155473
 114.000000 0.044460 0.154560
 115.000000 0.001433 0.092901
 116.000000 0.023491 0.114046
 117.000000 0.035867 0.148471
 118.000000 0.062313 0.181816
 119.000000 0.023937 0.129168
 120.000000 0.047761 0.155114
 121.000000 0.028656 0.142693
 122.000000 0.030524 0.134044
 123.000000 0.023820 0.119769
 124.000000 0.043598 0.147613
 125.000000 0.013838 0.127852
 126.000000 0.016242 0.124902
 127.000000 0.014020 0.110308
 128.000000 0.035277 0.136711
 129.000000 0.015968 0.118202
 130.000000 0.016182 0.115334
 131.000000 0.048548 0.169711
 132.000000 0.000850 0.090632
 133.000000 0.015816 0.112180
 134.000000 0.035519 0.140275
 135.000000 0.048067 0.142041
 136.000000 0.046099 0.165348
 137.000000 0.033804 0.148564
 138.000000 0.024038 0.119645
 139.000000 0.001833 0.112015
 140.000000 0.023076 0.125733
 141.000000 0.017235 0.130771
 142.000000 0.022352 0.135648
 143.000000 0.033306 0.151582
 144.000000 0.030723 0.136574
 145.000000 0.027445 0.141774
 146.000000 0.036345 0.147378
 147.000000 0.035375 0.144299
 148.000000 0.033369 0.128149
 149.000000 0.054723 0.183019
 150.000000 0.031767 0.104978
 151.000000 0.033206 0.139296
 152.000000 0.046244 0.162078
 153.000000 0.053444 0.174169
 154.000000 0.041369 0.146633
 155.000000 0.023738 0.131071
 156.000000 0.053336 0.181163
 157.000000 0.018692 0.120185
 158.000000 0.047802 0.154614
 159.000000 0.038455 0.158929
 160.000000 0.030900 0.142190
 161.000000 0.042494 0.144044
 162.000000 0.030807 0.131578
 163.000000 0.055886 0.171166
 164.000000 0.056288 0.148567
 165.000000 0.039203 0.165074
 166.000000 0.030973 0.124031
 167.000000 0.049056 0.173085
 168.000000 0.041348 0.163548
 169.000000 0.020897 0.107460
 170.000000 0.045578 0.151067
 171.000000 0.036219 0.150409
 172.000000 0.039002 0.155139
 173.000000 0.029621 0.138928
 174.000000 0.038888 0.134655
 175.000000 0.033963 0.130048
 176.000000 0.035775 0.140675
 177.000000 0.019256 0.124796
 178.000000 0.035524 0.143766
 179.000000 0.031323 0.140029
 180.000000 0.015573 0.104063
 181.000000 0.019914 0.128413
 182.000000 0.018060 0.130303
 183.000000 0.036713 0.135069
 184.000000 0.015464 0.129344
 185.000000 0.059905 0.171264
 186.000000 0.049361 0.154897
 187.000000 0.028988 0.128482
 188.000000 0.025563 0.137528
 189.000000 0.033003 0.146685
 190.000000 0.044587 0.165134
 191.000000 0.055586 0.181997
 192.000000 0.039493 0.150889
 193.000000 0.045115 0.159021
 194.000000 0.021130 0.133432
 195.000000 0.035646 0.146215
 196.000000 0.055050 0.172551
 197.000000 0.033434 0.152939
 198.000000 0.057542 0.179164
 199.000000 0.052329 0.162240
 200.000000 0.033235 0.136516
 201.000000 0.025389 0.140673
 202.000000 0.014768 0.108831
 203.000000 0.050319 0.167165
 204.000000 0.040932 0.156766
 205.000000 0.046223 0.161462
 206.000000 0.025384 0.130897
 207.000000 0.048320 0.178019
 208.000000 0.027348 0.140777
 209.000000 0.028008 0.138424
 210.000000 0.036105 0.149421
 211.000000 0.025203 0.133723
 212.000000 0.044099 0.150502
 213.000000 0.033668 0.120402
 214.000000 0.024234 0.132129
 215.000000 0.019308 0.109200
 216.000000 0.012925 0.124477
 217.000000 0.036525 0.157216
 218.000000 0.035450 0.128257
 219.000000 0.031593 0.145344
 220.000000 0.025826 0.131488
 221.000000 0.012734 0.096101
 222.000000 0.038242 0.153723
 223.000000 0.030042 0.131502
 224.000000 0.055809 0.155050
 225.000000 0.072002 0.199647
 226.000000 0.070652 0.183695
 227.000000 0.091232 0.207865
 228.000000 0.076241 0.183503
 229.000000 0.065034 0.173761
 230.000000 0.153132 0.244513
 231.000000 0.165493 0.257859
 232.000000 0.174471 0.264248
 233.000000 0.138696 0.257959
 234.000000 0.139831 0.223945
 235.000000 0.159102 0.252187
 236.000000 0.133256 0.211367
 237.000000 0.152425 0.248016
 238.000000 0.141492 0.241551
 239.000000 0.164332 0.251495
 240.000000 0.177410 0.254247
 241.000000 0.166576 0.255700
 242.000000 0.166127 0.236466
 243.000000 0.160319 0.242148
 244.000000 0.152893 0.240299
 245.000000 0.179559 0.268900
 246.000000 0.185224 0.257980
 247.000000 0.182220 0.275859
 248.000000 0.174308 0.266438
 249.000000 0.192276 0.258580
 250.000000 0.157606 0.236037
 251.000000 0.147421 0.237113
 252.000000 0.152326 0.234178
 253.000000 0.166543 0.254989
 254.000000 0.145112 0.248393
 255.000000 0.137489 0.231868
 256.000000 0.154746 0.244518
 257.000000 0.153130 0.237568
 258.000000 0.115251 0.240232
 259.000000 0.152066 0.262597
 260.000000 0.135040 0.230047
 261.000000 0.152506 0.225942
 262.000000 0.166785 0.252040
 263.000000 0.153036 0.234054
 264.000000 0.167289 0.246953
 265.000000 0.157066 0.263800
 266.000000 0.102417 0.220241
 267.000000 0.124616 0.239746
 268.000000 0.118714 0.214739
 269.000000 0.122341 0.248923
 270.000000 0.127226 0.179000
 271.000000 0.114187 0.176079
 272.000000 0.118851 0.170476
 273.000000 0.126093 0.172291
 274.000000 0.114764 0.172338
 275.000000 0.115670 0.179408
 276.000000 0.122039 0.162739
 277.000000 0.113374 0.160574
 278.000000 0.127549 0.149087
 279.000000 0.118904 0.196307
 280.000000 0.116805 0.190957
 281.000000 0.132936 0.175540
 282.000000 0.131284 0.162092
 283.000000 0.139850 0.164760
 284.000000 0.122439 0.163489
 285.000000 0.119430 0.162199
 286.000000 0.124649 0.162177
 287.000000 0.119318 0.199656
 288.000000 0.117943 0.160274
 289.000000 0.127868 0.194688
 290.000000 0.137742 0.192234
 291.000000 0.179500 0.223480
 292.000000 0.123947 0.170790
 293.000000 0.120896 0.183467
 294.000000 0.120136 0.173631
 295.000000 0.127568 0.181363
 296.000000 0.115239 0.158728
 297.000000 0.115091 0.162390
 298.000000 0.116146 0.182083
 299.000000 0.108625 0.201600
 300.000000 0.118478 0.166590
 301.000000 0.136581 0.163379
 302.000000 0.153081 0.165786
 303.000000 0.116981 0.172662
 304.000000 0.120777 0.159288
 305.000000 0.126011 0.173180
 306.000000 0.106762 0.178612
 307.000000 0.112116 0.164836
 308.000000 0.101408 0.159893
 309.000000 0.113699 0.172872
 310.000000 0.103361 0.184260
 311.000000 0.110421 0.168837
 312.000000 0.113710 0.157748
 313.000000 0.113043 0.185037
 314.000000 0.097223 0.147641
 315.000000 0.111424 0.163694
 316.000000 0.114172 0.181789
 317.000000 0.122879 0.177456
 318.000000 0.111094 0.163551
 319.000000 0.148378 0.183299
 320.000000 0.111707 0.183528
 321.000000 0.108654 0.185687
 322.000000 0.108543 0.153670
 323.000000 0.129577 0.199103
 324.000000 0.135996 0.183548
 325.000000 0.113174 0.153186
 326.000000 0.116448 0.182248
 327.000000 0.124017 0.178280
 328.000000 0.138090 0.192751
 329.000000 0.113322 0.168512
 330.000000 0.142539 0.190576
 331.000000 0.142849 0.202124
 332.000000 0.130816 0.178864
 333.000000 0.146665 0.211083
 334.000000 0.129600 0.209726
 335.000000 0.141506 0.195069
 336.000000 0.152411 0.174195
 337.000000 0.170730 0.232736
 338.000000 0.172612 0.204302
 339.000000 0.139131 0.177040
 340.000000 0.164032 0.224087
 341.000000 0.162532 0.231597
 342.000000 0.178321 0.209314
 343.000000 0.165554 0.222276
 344.000000 0.152526 0.218984
 345.000000 0.170520 0.229258
 346.000000 0.186053 0.227936
 347.000000 0.161603 0.189357
 348.000000 0.174490 0.239689
 349.000000 0.170715 0.219485
 350.000000 0.187961 0.248017
 351.000000 0.180366 0.227129
 352.000000 0.169610 0.235967
 353.000000 0.160372 0.218091
 354.000000 0.190592 0.236878
 355.000000 0.199798 0.243617
 356.000000 0.200266 0.234795
 357.000000 0.177813 0.231489
 358.000000 0.181806 0.257049
 359.000000 0.148290 0.215469
 360.000000 0.133790 0.229375
 361.000000 0.156200 0.225454
 362.000000 0.203124 0.244048
 363.000000 0.198820 0.262670
 364.000000 0.193089 0.242810
 365.000000 0.167906 0.263001
 366.000000 0.207258 0.244209
 367.000000 0.219091 0.291283
 368.000000 0.227869 0.263624
 369.000000 0.217763 0.274990
 370.000000 0.159916 0.199836
 371.000000 0.180987 0.217789
 372.000000 0.193374 0.238413
 373.000000 0.158005 0.222308
 374.000000 0.165282 0.209232
 375.000000 0.159431 0.234841
 376.000000 0.166629 0.220362
 377.000000 0.179256 0.246910
 378.000000 0.192179 0.259378
 379.000000 0.164504 0.209702
 380.000000 0.202363 0.262801
 381.000000 0.194425 0.219662
 382.000000 0.164823 0.220983
 383.000000 0.175332 0.253101
 384.000000 0.160946 0.204071
 385.000000 0.208746 0.272781
 386.000000 0.137451 0.214027
 387.000000 0.144589 0.163857
 388.000000 0.149715 0.191739
 389.000000 0.153569 0.191514
 390.000000 0.144339 0.187607
 391.000000 0.144233 0.176630
 392.000000 0.139038 0.195991
 393.000000 0.155926 0.180609
 394.000000 0.155907 0.197867
 395.000000 0.165907 0.193551
 396.000000 0.194063 0.241177
 397.000000 0.169672 0.222351
 398.000000 0.169133 0.228142
 399.000000 0.204287 0.233717
 400.000000 0.216538 0.268956
 401.000000 0.192369 0.246581
 402.000000 0.203014 0.240341
 403.000000 0.198639 0.240091
 404.000000 0.206700 0.276822
 405.000000 0.177994 0.239516
 406.000000 0.168651 0.249327
 407.000000 0.145136 0.222570
 408.000000 0.164581 0.237084
 409.000000 0.174881 0.218413
 410.000000 0.145010 0.204614
 411.000000 0.153136 0.229710
 412.000000 0.192053 0.251400
 413.000000 0.186954 0.235083
 414.000000 0.222912 0.262980
 415.000000 0.219099 0.275344
 416.000000 0.217039 0.263118
 417.000000 0.215160 0.241783
 418.000000 0.220240 0.245314
 419.000000 0.233456 0.277527
 420.000000 0.204812 0.249454
 421.000000 0.225893 0.294995
 422.000000 0.240510 0.272090
 423.000000 0.222720 0.288822
 424.000000 0.228106 0.289863
 425.000000 0.218002 0.251733
 426.000000 0.184450 0.230684
 427.000000 0.176452 0.227881
 428.000000 0.184634 0.241431
 429.000000 0.170557 0.219687
 430.000000 0.183608 0.234103
 431.000000 0.166388 0.219642
 432.000000 0.197673 0.253152
 433.000000 0.216624 0.262332
 434.000000 0.180140 0.228826
 435.000000 0.157716 0.198512
 436.000000 0.152736 0.225143
 437.000000 0.176297 0.220720
 438.000000 0.194198 0.246783
 439.000000 0.193267 0.242782
 440.000000 0.191495 0.223452
 441.000000 0.177554 0.260138
 442.000000 0.163777 0.236144
 443.000000 0.181484 0.227907
 444.000000 0.194805 0.245848
 445.000000 0.175022 0.237185
 446.000000 0.167633 0.213276
 447.000000 0.181642 0.254044
 448.000000 0.216266 0.267540
#! FIELDS time d1 d2
 0.000000 0.038053 0.149284
 1.000000 0.044104 0.126462
 2.000000 0.063575 0.170663
 3.000000 0.030338 0.141132
 4.000000 0.008849 0.125722
 5.000000 0.042377 0.147288
 6.000000 0.052529 0.151572
 7.000000 0.019840 0.138092
 8.000000 0.026296 0.124658
 9.000000 0.011397 0.107342
 10.000000 0.028191 0.123704
 11.000000 0.003840 0.103257
 12.000000 0.003154 0.107037
 13.000000 0.035218 0.129643
 14.000000 0.040892 0.141637
 15.000000 0.029058 0.143883
 16.000000 0.049713 0.171141
 17.000000 0.036753 0.138215
 18.000000 0.037372 0.132059
 19.000000 0.052047 0.150441
 20.000000 0.068244 0.167856
 21.000000 0.025427 0.123962
 22.000000 0.046956 0.145213
 23.000000 0.041095 0.159425
 24.000000 0.037420 0.152628
 25.000000 0.055225 0.173490
 26.000000 0.039988 0.153915
 27.000000 0.020683 0.132220
 28.000000 0.048626 0.159830
 29.000000 0.037650 0.136411
 30.000000 0.059848 0.184408
 31.000000 0.046835 0.162104
 32.000000 0.047178 0.153513
 33.000000 0.047560 0.160665
 34.000000 0.063893 0.188309
 35.000000 0.041742 0.146453
 36.000000 0.057914 0.166313
 37.000000 0.028354 0.135512
 38.000000 0.054447 0.172299
 39.000000 0.044080 0.159586
 40.000000 0.028571 0.144338
 41.000000 0.033707 0.158487
 42.000000 0.044600 0.175638
 43.000000 0.063883 0.188940
 44.000000 0.001803 0.119455
 45.000000 0.030420 0.140008
 46.000000 0.030258 0.132697
 47.000000 0.022733 0.122885
 48.000000 0.024382 0.152387
 49.000000 0.035769 0.129176
 50.000000 0.033444 0.157965
 51.000000 0.025926 0.146686
 52.000000 0.026995 0.146811
 53.000000 0.032493 0.148750
 54.000000 0.046396 0.167005
 55.000000 0.052808 0.163289
 56.000000 0.039688 0.170671
 57.000000 0.045243 0.168975
 58.000000 0.038114 0.143818
 59.000000 0.030518 0.133277
 60.000000 0.047736 0.163121
 61.000000 0.023933 0.146938
 62.000000 0.032695 0.161914
 63.000000 0.042554 0.157926
 64.000000 0.050520 0.165189
 65.000000 0.032625 0.152147
 66.000000 0.027651 0.150887
 67.000000 0.030583 0.160330
 68.000000 0.042683 0.145262
 69.000000 0.055435 0.175774
 70.000000 0.027342 0.130029
 71.000000 0.028333 0.138573
 72.000000 0.058371 0.166800
 73.000000 0.034393 0.159752
 74.000000 0.050801 0.170165
 75.000000 0.054191 0.175902
 76.000000 0.040318 0.185440
 77.000000 0.054543 0.179666
 78.000000 0.028859 0.154007
 79.000000 0.037422 0.140751
 80.000000 0.068888 0.180004
 81.000000 0.039233 0.148202
 82.000000 0.031152 0.127339
 83.000000 0.019872 0.154893
 84.000000 0.021527 0.135476
 85.000000 0.038949 0.156389
 86.000000 0.022216 0.127790
 87.000000 0.039552 0.162227
 88.000000 0.038176 0.166914
 89.000000 0.033596 0.139733
 90.000000 0.056789 0.160861
 91.000000 0.047916 0.191001
 92.000000 0.057491 0.169831
 93.000000 0.035003 0.148241
 94.000000 0.033550 0.161082
 95.000000 0.024498 0.134965
 96.000000 0.055800 0.179563
 97.000000 0.039988 0.156050
 98.000000 0.063006 0.191174
 99.000000 0.047207 0.165532
 100.000000 0.019318 0.144575
 101.000000 0.042887 0.166072
 102.000000 0.053546 0.162766
 103.000000 0.040577 0.163476
 104.000000 0.028700 0.153546
 105.000000 0.009890 0.137375
 106.000000 0.022932 0.149402
 107.000000 0.021107 0.136760
 108.000000 0.044925 0.156400
 109.000000 0.048879 0.176723
 110.000000 0.043005 0.176004
 111.000000 0.016496 0.145479
 112.000000 0.073997 0.185908
 113.000000 0.028152 0.157703
 114.000000 0.047104 0.166676
 115.000000 0.037567 0.168984
 116.000000 0.030446 0.142117
 117.000000 0.042057 0.130965
 118.000000 0.045100 0.174552
 119.000000 0.045677 0.164836
 120.000000 0.034661 0.163589
 121.000000 0.036711 0.148339
 122.000000 0.038325 0.172879
 123.000000 0.043395 0.153973
 124.000000 0.033189 0.165792
 125.000000 0.034210 0.153113
 126.000000 0.048349 0.159336
 127.000000 0.053660 0.169851
 128.000000 0.031121 0.141526
 129.000000 0.032143 0.148964
 130.000000 0.047335 0.164337
 131.000000 0.040634 0.152035
 132.000000 0.056217 0.163034
 133.000000 0.018719 0.126430
 134.000000 0.042117 0.179296
 135.000000 0.024356 0.134372
 136.000000 0.032870 0.143774
 137.000000 0.063790 0.184306
 138.000000 0.041022 0.151008
 139.000000 0.001213 0.122065
 140.000000 0.042444 0.155898
 141.000000 0.047970 0.158155
 142.000000 0.026504 0.151141
 143.000000 0.053423 0.155105
 144.000000 0.002522 0.085770
 145.000000 0.015079 0.130835
 146.000000 0.028164 0.140770
 147.000000 0.038402 0.158734
 148.000000 0.055140 0.180795
 149.000000 0.016900 0.131612
 150.000000 0.049480 0.167876
 151.000000 0.015743 0.139563
 152.000000 0.042322 0.164647
 153.000000 0.051614 0.159470
 154.000000 0.035220 0.136808
 155.000000 0.047716 0.157061
 156.000000 0.032224 0.148566
 157.000000 0.046371 0.135853
 158.000000 0.029487 0.121298
 159.000000 0.036541 0.127655
 160.000000 0.026910 0.140280
 161.000000 0.020285 0.141388
 162.000000 0.048770 0.171568
 163.000000 0.044635 0.157504
 164.000000 0.036346 0.131437
 165.000000 0.017124 0.127867
 166.000000 0.050901 0.166860
 167.000000 0.036994 0.177712
 168.000000 0.049506 0.163791
 169.000000 0.036141 0.127421
 170.000000 0.061765 0.175879
 171.000000 0.032521 0.134780
 172.000000 0.037527 0.150689
 173.000000 0.069429 0.167135
 174.000000 0.037569 0.137279
 175.000000 0.049488 0.162058
 176.000000 0.063902 0.180433
 177.000000 0.029351 0.124318
 178.000000 0.019094 0.138443
 179.000000 0.021545 0.145595
 180.000000 0.042758 0.145234
 181.000000 0.036605 0.148748
 182.000000 0.051678 0.154319
 183.000000 0.057392 0.180536
 184.000000 0.041113 0.141482
 185.000000 0.070837 0.183944
 186.000000 0.051465 0.147079
 187.000000 0.004407 0.092389
 188.000000 0.068912 0.178989
 189.000000 0.056155 0.144654
 190.000000 0.019368 0.121579
 191.000000 0.033412 0.164967
 192.000000 0.025637 0.128025
 193.000000 0.044622 0.161730
 194.000000 0.018069 0.133052
 195.000000 0.030303 0.150103
 196.000000 0.025083 0.144998
 197.000000 0.028716 0.147333
 198.000000 0.036150 0.137829
 199.000000 0.019245 0.130541
 200.000000 0.030882 0.126098
 201.000000 0.018200 0.139227
 202.000000 0.026711 0.132837
 203.000000 0.062344 0.177439
 204.000000 0.038837 0.142939
 205.000000 0.024523 0.131168
 206.000000 0.044861 0.148017
 207.000000 0.059003 0.165136
 208.000000 0.028407 0.127869
 209.000000 0.047979 0.159491
 210.000000 0.050827 0.148490
 211.000000 0.033893 0.132487
 212.000000 0.020590 0.124930
 213.000000 0.047461 0.163522
 214.000000 0.023033 0.123554
 215.000000 0.037188 0.129378
 216.000000 0.021592 0.133637
 217.000000 0.015494 0.101359
 218.000000 0.031662 0.146420
 219.000000 0.022582 0.137513
 220.000000 0.033702 0.129526
 221.000000 0.002677 0.110146
 222.000000 0.036136 0.130632
 223.000000 0.031243 0.143759
 224.000000 0.038099 0.136882
 225.000000 0.055383 0.175367
 226.000000 0.032315 0.165429
 227.000000 0.039419 0.150474
 228.000000 0.054604 0.169684
 229.000000 0.040070 0.155265
 230.000000 0.037891 0.151159
 231.000000 0.062136 0.174370
 232.000000 0.000972 0.093826
 233.000000 0.006545 0.110567
 234.000000 0.040727 0.161234
 235.000000 0.044005 0.143583
 236.000000 0.036319 0.136332
 237.000000 0.042091 0.158348
 238.000000 0.058108 0.164600
 239.000000 0.043837 0.151181
 240.000000 0.049855 0.159514
 241.000000 0.039955 0.145555
 242.000000 0.054839 0.175855
 243.000000 0.021196 0.116647
 244.000000 0.036585 0.146350
 245.000000 0.013226 0.115185
 246.000000 0.046675 0.157105
 247.000000 0.013158 0.129834
 248.000000 0.037347 0.136943
 249.000000 0.035870 0.142012
 250.000000 0.038489 0.151817
 251.000000 0.019029 0.143469
 252.000000 0.045058 0.164269
 253.000000 0.024762 0.155409
 254.000000 0.036232 0.160918
 255.000000 0.020211 0.130153
 256.000000 0.020141 0.126557
 257.000000 0.050035 0.141432
 258.000000 0.038939 0.165086
 259.000000 0.052285 0.175364
 260.000000 0.018766 0.130272
 261.000000 0.053621 0.167646
 262.000000 0.043808 0.170299
 263.000000 0.044349 0.165235
 264.000000 0.053433 0.157812
 265.000000 0.058311 0.164082
 266.000000 0.032675 0.149750
 267.000000 0.050506 0.159659
 268.000000 0.021448 0.125753
 269.000000 0.045035 0.154021
 270.000000 0.040799 0.142525
 271.000000 0.054908 0.154584
 272.000000 0.039109 0.141691
 273.000000 0.041180 0.153752
 274.000000 0.035023 0.150214
 275.000000 0.061267 0.166512
 276.000000 0.017045 0.140465
 277.000000 0.035002 0.140730
 278.000000 0.027675 0.127032
 279.000000 0.031785 0.133705
 280.000000 0.044913 0.166968
 281.000000 0.031055 0.144203
 282.000000 0.017854 0.117774
 283.000000 0.017245 0.126218
 284.000000 0.041049 0.159045
 285.000000 0.049652 0.151802
 286.000000 0.022009 0.127376
 287.000000 0.016857 0.130656
 288.000000 0.002853 0.104603
 289.000000 0.063409 0.188416
 290.000000 0.033127 0.143914
 291.000000 0.043426 0.163073
 292.000000 0.025215 0.138106
 293.000000 0.027707 0.151129
 294.000000 0.012162 0.129103
 295.000000 0.042295 0.143140
 296.000000 0.043670 0.153968
 297.000000 0.042113 0.155172
 298.000000 0.045339 0.143919
 299.000000 0.027673 0.120554
 300.000000 0.042117 0.165416
 301.000000 0.049820 0.151727
 302.000000 0.022109 0.137635
 303.000000 0.019551 0.140434
 304.000000 0.072291 0.163295
 305.000000 0.055743 0.148753
 306.000000 0.009138 0.106802
 307.000000 0.017015 0.125376
 308.000000 0.027925 0.147709
 309.000000 0.041836 0.143156
 310.000000 0.054228 0.164352
 311.000000 0.016699 0.126300
 312.000000 0.020964 0.135492
 313.000000 0.029338 0.127563
 314.000000 0.024426 0.129160
 315.000000 0.036737 0.131446
 316.000000 0.028132 0.132485
 317.000000 0.038713 0.141309
 318.000000 0.023016 0.143592
 319.000000 0.040913 0.153040
 320.000000 0.042545 0.157456
 321.000000 0.029692 0.155388
 322.000000 0.043868 0.160389
 323.000000 0.049004 0.158122
 324.000000 0.053865 0.168883
 325.000000 0.027978 0.144669
 326.000000 0.045013 0.149480
 327.000000 0.050240 0.159475
 328.000000 0.034561 0.163813
 329.000000 0.052277 0.156148
 330.000000 0.052250 0.159678
 331.000000 0.036659 0.149119
 332.000000 0.058563 0.156206
 333.000000 0.038315 0.161970
 334.000000 0.044872 0.158207
 335.000000 0.030987 0.111364
 336.000000 0.030864 0.144297
 337.000000 0.021928 0.138083
 338.000000 0.035945 0.142118
 339.000000 0.036025 0.146486
 340.000000 0.061649 0.166631
 341.000000 0.043144 0.150364
 342.000000 0.002438 0.097422
 343.000000 0.037029 0.152429
 344.000000 0.044604 0.163679
 345.000000 0.068866 0.184937
 346.000000 0.033435 0.129436
 347.000000 0.082428 0.174586
 348.000000 0.026688 0.135379
 349.000000 0.021924 0.125916
 350.000000 0.030763 0.143770
 351.000000 0.046671 0.158268
 352.000000 0.015049 0.112021
 353.000000 0.018397 0.116604
 354.000000 0.023644 0.124812
 355.000000 0.002186 0.104085
 356.000000 0.037012 0.139515
 357.000000 0.040506 0.142843
 358.000000 0.017652 0.126017
 359.000000 0.054376 0.175248
 360.000000 0.037352 0.138041
 361.000000 0.047361 0.146494
 362.000000 0.039697 0.167988
 363.000000 0.039609 0.150158
 364.000000 0.024011 0.129640
 365.000000 0.015657 0.134738
 366.000000 0.048237 0.151795
 367.000000 0.000850 0.109017
 368.000000 0.018925 0.140450
 369.000000 0.019755 0.142834
 370.000000 0.041574 0.154560
 371.000000 0.033108 0.148301
 372.000000 0.016637 0.131564
 373.000000 0.034738 0.135918
 374.000000 0.028754 0.139088
 375.000000 0.040056 0.141495
 376.000000 0.040553 0.158127
 377.000000 0.043883 0.150493
 378.000000 0.036324 0.134179
 379.000000 0.025189 0.142919
 380.000000 0.039121 0.139501
 381.000000 0.025435 0.137501
 382.000000 0.046921 0.158582
 383.000000 0.022341 0.130259
 384.000000 0.036422 0.166702
 385.000000 0.040872 0.158706
 386.000000 0.056249 0.174598
 387.000000 0.035089 0.154012
 388.000000 0.035550 0.146194
 389.000000 0.038289 0.137457
 390.000000 0.019126 0.110906
 391.000000 0.050952 0.147171
 392.000000 0.014100 0.142106
 393.000000 0.028370 0.139878
 394.000000 0.050943 0.161581
 395.000000 0.017085 0.147891
 396.000000 0.001394 0.130865
 397.000000 0.046729 0.156619
 398.000000 0.046037 0.159669
 399.000000 0.027440 0.121152
 400.000000 0.017528 0.130808
 401.000000 0.042580 0.160075
 402.000000 0.042357 0.153815
 403.000000 0.030361 0.150259
 404.000000 0.029692 0.141042
 405.000000 0.029724 0.154552
 406.000000 0.043844 0.162831
 407.000000 0.010308 0.114671
 408.000000 0.053256 0.193189
 409.000000 0.026589 0.130728
 410.000000 0.037798 0.157403
 411.000000 0.013259 0.122746
 412.000000 0.050696 0.163217
 413.000000 0.038360 0.155915
 414.000000 0.041797 0.169197
 415.000000 0.036946 0.159108
 416.000000 0.047867 0.159299
 417.000000 0.010832 0.122824
 418.000000 0.016563 0.105799
 419.000000 0.015127 0.092746
 420.000000 0.031395 0.130579
 421.000000 0.022576 0.128967
 422.000000 0.015988 0.124911
 423.000000 0.037414 0.155023
 424.000000 0.015666 0.110245
 425.000000 0.016524 0.135354
 426.000000 0.058911 0.156590
 427.000000 0.012130 0.133737
 428.000000 0.050036 0.176179
 429.000000 0.024941 0.127492
 430.000000 0.056998 0.172541
 431.000000 0.026391 0.139417
 432.000000 0.024463 0.121473
 433.000000 0.001453 0.107115
 434.000000 0.034746 0.140923
 435.000000 0.017026 0.124770
 436.000000 0.047172 0.154804
 437.000000 0.028858 0.128597
 438.000000 0.046332 0.143093
 439.000000 0.044573 0.152099
 440.000000 0.055949 0.158432
 441.000000 0.039001 0.150379
 442.000000 0.004950 0.115904
 443.000000 0.066785 0.196732
 444.000000 0.020710 0.137992
 445.000000 0.038082 0.150524
 446.000000 0.052404 0.168645
 447.000000 0.016952 0.124835
 448.000000 0.011188 0.111768
#! FIELDS time d1 d2
 0.000000 0.038053 0.149284
 1.000000 0.025757 0.132111
 2.000000 0.045376 0.154739
 3.000000 0.046014 0.144953
 4.000000 0.011473 0.130731
 5.000000 0.006011 0.117357
 6.000000 0.070917 0.185686
 7.000000 0.052305 0.156969
 8.000000 0.031947 0.152336
 9.000000 0.057992 0.173143
 10.000000 0.007335 0.121388
 11.000000 0.036076 0.131177
 12.000000 0.053742 0.154900
 13.000000 0.048153 0.162582
 14.000000 0.045439 0.146989
 15.000000 0.038762 0.143783
 16.000000 0.016704 0.126296
 17.000000 0.038459 0.160167
 18.000000 0.053101 0.169109
 19.000000 0.045292 0.150316
 20.000000 0.021274 0.132611
 21.000000 0.030361 0.149172
 22.000000 0.097407 0.225569
 23.000000 0.072092 0.188444
 24.000000 0.071348 0.182627
 25.000000 0.072099 0.193777
 26.000000 0.074946 0.193174
 27.000000 0.092591 0.202053
 28.000000 0.066335 0.171406
 29.000000 0.081297 0.177961
 30.000000 0.066966 0.167563
 31.000000 0.079247 0.189576
 32.000000 0.075653 0.191646
 33.000000 0.065819 0.177432
 34.000000 0.075756 0.188480
 35.000000 0.063713 0.189327
 36.000000 0.066785 0.178241
 37.000000 0.070003 0.167218
 38.000000 0.078455 0.197007
 39.000000 0.066709 0.184159
 40.000000 0.079549 0.186179
 41.000000 0.066067 0.193635
 42.000000 0.088771 0.198403
 43.000000 0.069502 0.193058
 44.000000 0.075358 0.176636
 45.000000 0.090534 0.194438
 46.000000 0.023968 0.113603
 47.000000 0.026995 0.153344
 48.000000 0.022812 0.136218
 49.000000 0.048426 0.158150
 50.000000 0.063373 0.160987
 51.000000 0.044063 0.141209
 52.000000 0.033167 0.134125
 53.000000 0.057510 0.152035
 54.000000 0.034204 0.132208
 55.000000 0.029404 0.128021
 56.000000 0.048102 0.144289
 57.000000 0.038790 0.152607
 58.000000 0.047709 0.148807
 59.000000 0.038444 0.171260
 60.000000 0.039082 0.159314
 61.000000 0.019483 0.134668
 62.000000 0.011620 0.114080
 63.000000 0.046711 0.138234
 64.000000 0.045711 0.145002
 65.000000 0.050205 0.160096
 66.000000 0.037508 0.161442
 67.000000 0.057908 0.164615
 68.000000 0.037766 0.099617
 69.000000 0.019011 0.130686
 70.000000 0.021593 0.125379
 71.000000 0.009525 0.110055
 72.000000 0.029247 0.160726
 73.000000 0.033974 0.147311
 74.000000 0.015457 0.109756
 75.000000 0.042725 0.135026
 76.000000 0.031275 0.139842
 77.000000 0.039284 0.147190
 78.000000 0.062648 0.162927
 79.000000 0.045509 0.160122
 80.000000 0.052678 0.166235
 81.000000 0.034955 0.157705
 82.000000 0.063422 0.174306
 83.000000 0.018455 0.114787
 84.000000 0.056010 0.153691
 85.000000 0.046138 0.167854
 86.000000 0.050165 0.153735
 87.000000 0.062524 0.176309
 88.000000 0.046155 0.154867
 89.000000 0.057783 0.157518
 90.000000 0.046860 0.143671
 91.000000 0.027093 0.126821
 92.000000 0.001344 0.121835
 93.000000 0.055478 0.184314
 94.000000 0.038551 0.153787
 95.000000 0.040432 0.142505
 96.000000 0.026243 0.125716
 97.000000 0.056051 0.162407
 98.000000 0.022889 0.133126
 99.000000 0.017737 0.138561
 100.000000 0.062429 0.197035
 101.000000 0.045148 0.148674
 102.000000 0.029786 0.135838
 103.000000 0.046160 0.143075
 104.000000 0.053509 0.154293
 105.000000 0.036921 0.145104
 106.000000 0.048704 0.162603
 107.000000 0.049051 0.166578
 108.000000 0.020860 0.115455
 109.000000 0.026144 0.151680
 110.000000 0.051465 0.166266
 111.000000 0.039043 0.141967
 112.000000 0.039346 0.143205
 113.000000 0.040008 0.155486
 114.000000 0.018096 0.129410
 115.000000 0.001118 0.121284
 116.000000 0.046672 0.169357
 117.000000 0.057875 0.178685
 118.000000 0.017771 0.130540
 119.000000 0.047462 0.171636
 120.000000 0.052505 0.159384
 121.000000 0.033910 0.141080
 122.000000 0.028502 0.149207
 123.000000 0.014027 0.121286
 124.000000 0.019909 0.133701
 125.000000 0.056419 0.163974
 126.000000 0.035632 0.139170
 127.000000 0.038277 0.145201
 128.000000 0.046422 0.172899
 129.000000 0.028561 0.148690
 130.000000 0.046064 0.157125
 131.000000 0.001795 0.117300
 132.000000 0.037708 0.151224
 133.000000 0.037106 0.125659
 134.000000 0.022145 0.131437
 135.000000 0.023175 0.134303
 136.000000 0.039448 0.156376
 137.000000 0.002061 0.105548
 138.000000 0.036793 0.138313
 139.000000 0.059149 0.178355
 140.000000 0.017727 0.108843
 141.000000 0.040941 0.130044
 142.000000 0.049958 0.153994
 143.000000 0.025797 0.155682
 144.000000 0.016830 0.124160
 145.000000 0.039718 0.158395
 146.000000 0.019769 0.145720
 147.000000 0.020057 0.130699
 148.000000 0.054223 0.140193
 149.000000 0.053502 0.180394
 150.000000 0.041497 0.162494
 151.000000 0.052309 0.178729
 152.000000 0.047149 0.147049
 153.000000 0.023773 0.148750
 154.000000 0.017559 0.128079
 155.000000 0.004767 0.119494
 156.000000 0.020929 0.129002
 157.000000 0.029025 0.135075
 158.000000 0.065094 0.184256
 159.000000 0.028445 0.144903
 160.000000 0.033029 0.139839
 161.000000 0.048757 0.164429
 162.000000 0.024770 0.147027
 163.000000 0.033865 0.126248
 164.000000 0.029838 0.140192
 165.000000 0.001384 0.093285
 166.000000 0.011276 0.129097
 167.000000 0.046978 0.158184
 168.000000 0.042964 0.152326
 169.000000 0.035392 0.151897
 170.000000 0.000167 0.128406
 171.000000 0.016869 0.137351
 172.000000 0.020819 0.102428
 173.000000 0.012425 0.080419
 174.000000 0.047966 0.160020
 175.000000 0.018909 0.132400
 176.000000 0.040756 0.161477
 177.000000 0.029767 0.141258
 178.000000 0.023838 0.135015
 179.000000 0.044498 0.159829
 180.000000 0.020518 0.140719
 181.000000 0.040814 0.151978
 182.000000 0.034046 0.132175
 183.000000 0.031987 0.138900
 184.000000 0.032732 0.158020
 185.000000 0.014017 0.115696
 186.000000 0.037167 0.139607
 187.000000 0.026960 0.128097
 188.000000 0.021847 0.106223
 189.000000 0.032692 0.148224
 190.000000 0.054735 0.168477
 191.000000 0.039041 0.139413
 192.000000 0.017642 0.122129
 193.000000 0.041815 0.158321
 194.000000 0.057031 0.173547
 195.000000 0.033767 0.148356
 196.000000 0.054005 0.162622
 197.000000 0.051974 0.177023
 198.000000 0.039726 0.140264
 199.000000 0.035398 0.153671
 200.000000 0.039946 0.140869
 201.000000 0.022554 0.118531
 202.000000 0.021282 0.119962
 203.000000 0.055574 0.160075
 204.000000 0.039946 0.162993
 205.000000 0.047605 0.146658
 206.000000 0.036093 0.135677
 207.000000 0.031491 0.122352
 208.000000 0.050998 0.173885
 209.000000 0.021826 0.115839
 210.000000 0.045594 0.161929
 211.000000 0.029165 0.147941
 212.000000 0.056560 0.184438
 213.000000 0.001863 0.102511
 214.000000 0.042365 0.147297
 215.000000 0.067876 0.188218
 216.000000 0.022142 0.121267
 217.000000 0.015928 0.111218
 218.000000 0.022518 0.134924
 219.000000 0.021667 0.153023
 220.000000 0.048741 0.139540
 221.000000 0.039442 0.127098
 222.000000 0.009488 0.114678
 223.000000 0.014894 0.085868
 224.000000 0.043690 0.145311
 225.000000 0.021554 0.129626
 226.000000 0.052246 0.165013
 227.000000 0.015121 0.124715
 228.000000 0.018453 0.117125
 229.000000 0.052109 0.156337
 230.000000 0.071471 0.179468
 231.000000 0.052404 0.148424
 232.000000 0.055231 0.172750
 233.000000 0.049298 0.170610
 234.000000 0.040411 0.139350
 235.000000 0.028669 0.135458
 236.000000 0.036201 0.138398
 237.000000 0.018817 0.129314
 238.000000 0.023901 0.137087
 239.000000 0.005747 0.117427
 240.000000 0.027953 0.154704
 241.000000 0.064914 0.171058
 242.000000 0.048658 0.152127
 243.000000 0.041605 0.156751
 244.000000 0.048412 0.171325
 245.000000 0.046272 0.160044
 246.000000 0.049344 0.178702
 247.000000 0.038766 0.158596
 248.000000 0.023968 0.128139
 249.000000 0.034450 0.133711
 250.000000 0.027874 0.124945
 251.000000 0.052139 0.161765
 252.000000 0.062913 0.172337
 253.000000 0.038541 0.130560
 254.000000 0.034354 0.136368
 255.000000 0.034249 0.110748
 256.000000 0.001893 0.106299
 257.000000 0.003420 0.138362
 258.000000 0.006128 0.143917
 259.000000 0.003253 0.118024
 260.000000 0.018400 0.077942
 261.000000 0.010636 0.098521
 262.000000 0.014458 0.124953
 263.000000 0.015802 0.129039
 264.000000 0.018358 0.104090
 265.000000 0.003292 0.097101
 266.000000 0.003358 0.123833
 267.000000 0.011931 0.106345
 268.000000 0.014190 0.129643
 269.000000 0.033327 0.155511
 270.000000 0.050494 0.172591
 271.000000 0.031294 0.135308
 272.000000 0.047485 0.172301
 273.000000 0.016475 0.127598
 274.000000 0.015426 0.118074
 275.000000 0.031010 0.141348
 276.000000 0.028847 0.140182
 277.000000 0.043954 0.155519
 278.000000 0.018217 0.126495
 279.000000 0.020835 0.121329
 280.000000 0.014550 0.118160
 281.000000 0.041419 0.160813
 282.000000 0.010495 0.108276
 283.000000 0.020749 0.117627
 284.000000 0.017808 0.128523
 285.000000 0.016131 0.119332
 286.000000 0.037660 0.135786
 287.000000 0.031515 0.140900
 288.000000 0.035978 0.150149
 289.000000 0.025627 0.144444
 290.000000 0.060750 0.179360
 291.000000 0.030435 0.136741
 292.000000 0.061765 0.170815
 293.000000 0.028762 0.139064
 294.000000 0.054064 0.171758
 295.000000 0.037404 0.147716
 296.000000 0.039509 0.156740
 297.000000 0.043185 0.149177
 298.000000 0.025570 0.134124
 299.000000 0.016541 0.127649
 300.000000 0.049034 0.152127
 301.000000 0.093901 0.237217
 302.000000 0.093034 0.193229
 303.000000 0.093999 0.208909
 304.000000 0.050366 0.160379
 305.000000 0.046887 0.156745
 306.000000 0.054435 0.165498
 307.000000 0.022943 0.134889
 308.000000 0.029989 0.135190
 309.000000 0.018736 0.116598
 310.000000 0.033718 0.150001
 311.000000 0.024724 0.133736
 312.000000 0.043311 0.150576
 313.000000 0.038331 0.151811
 314.000000 0.035916 0.146089
 315.000000 0.011496 0.117517
 316.000000 0.062994 0.176074
 317.000000 0.034295 0.133952
 318.000000 0.036727 0.153269
 319.000000 0.063303 0.186965
 320.000000 0.019713 0.117868
 321.000000 0.018892 0.124752
 322.000000 0.041095 0.130315
 323.000000 0.023566 0.149174
 324.000000 0.060165 0.175357
 325.000000 0.036745 0.148468
 326.000000 0.036972 0.159828
 327.000000 0.036563 0.142970
 328.000000 0.029393 0.133066
 329.000000 0.041304 0.155863
 330.000000 0.058338 0.186573
 331.000000 0.056141 0.179194
 332.000000 0.038770 0.166525
 333.000000 0.028384 0.156950
 334.000000 0.034465 0.151147
 335.000000 0.055768 0.180058
 336.000000 0.054984 0.174896
 337.000000 0.047052 0.180234
 338.000000 0.030557 0.140076
 339.000000 0.016727 0.122312
 340.000000 0.021531 0.134081
 341.000000 0.059459 0.169111
 342.000000 0.026943 0.130071
 343.000000 0.023815 0.138178
 344.000000 0.075877 0.198239
 345.000000 0.058423 0.183187
 346.000000 0.047945 0.173570
 347.000000 0.048736 0.160237
 348.000000 0.017597 0.120818
 349.000000 0.045736 0.154902
 350.000000 0.042228 0.144265
 351.000000 0.052733 0.173462
 352.000000 0.012913 0.117924
 353.000000 0.049774 0.148226
 354.000000 0.026978 0.139513
 355.000000 0.051816 0.163320
 356.000000 0.042015 0.149669
 357.000000 0.022577 0.125256
 358.000000 0.056911 0.178171
 359.000000 0.049262 0.151293
 360.000000 0.038247 0.148721
 361.000000 0.034550 0.149189
 362.000000 0.045831 0.153508
 363.000000 0.013649 0.112281
 364.000000 0.017296 0.146704
 365.000000 0.036107 0.135916
 366.000000 0.026514 0.138662
 367.000000 0.022653 0.103277
 368.000000 0.025943 0.124348
 369.000000 0.040886 0.139106
 370.000000 0.042032 0.128916
 371.000000 0.035779 0.136432
 372.000000 0.039661 0.148050
 373.000000 0.026596 0.129117
 374.000000 0.038846 0.147886
 375.000000 0.026883 0.117366
 376.000000 0.028379 0.138591
 377.000000 0.041853 0.143806
 378.000000 0.038950 0.168675
 379.000000 0.042401 0.144275
 380.000000 0.031760 0.156003
 381.000000 0.052721 0.162513
 382.000000 0.033013 0.146261
 383.000000 0.052848 0.165941
 384.000000 0.013696 0.131049
 385.000000 0.020820 0.139072
 386.000000 0.022034 0.136854
 387.000000 0.060812 0.166381
 388.000000 0.033393 0.158808
 389.000000 0.021180 0.136688
 390.000000 0.058908 0.173289
 391.000000 0.013447 0.121284
 392.000000 0.029345 0.141677
 393.000000 0.015079 0.101425
 394.000000 0.020764 0.136090
 395.000000 0.041019 0.145127
 396.000000 0.017535 0.136648
 397.000000 0.049336 0.161624
 398.000000 0.035648 0.153258
 399.000000 0.011168 0.116618
 400.000000 0.008538 0.122522
 401.000000 0.017495 0.127481
 402.000000 0.031057 0.140365
 403.000000 0.001915 0.093130
 404.000000 0.016399 0.121976
 405.000000 0.051472 0.161664
 406.000000 0.047705 0.160987
 407.000000 0.042771 0.165918
 408.000000 0.060702 0.186734
 409.000000 0.024967 0.128490
 410.000000 0.037925 0.155574
 411.000000 0.043495 0.143236
 412.000000 0.042821 0.149587
 413.000000 0.002517 0.124838
 414.000000 0.052353 0.162839
 415.000000 0.033448 0.153143
 416.000000 0.042896 0.137001
 417.000000 0.043506 0.147584
 418.000000 0.044095 0.142925
 419.000000 0.012812 0.118199
 420.000000 0.046226 0.160612
 421.000000 0.053584 0.166280
 422.000000 0.039219 0.151906
 423.000000 0.056121 0.170055
 424.000000 0.046190 0.162006
 425.000000 0.032182 0.144218
 426.000000 0.040605 0.149345
 427.000000 0.024504 0.126412
 428.000000 0.016500 0.136509
 429.000000 0.060870 0.172665
 430.000000 0.011101 0.122851
 431.000000 0.030255 0.145794
 432.000000 0.039105 0.166210
 433.000000 0.024131 0.129893
 434.000000 0.002322 0.124373
 435.000000 0.026107 0.124063
 436.000000 0.036456 0.135810
 437.000000 0.015770 0.146393
 438.000000 0.041736 0.154971
 439.000000 0.019471 0.112454
 440.000000 0.063261 0.160231
 441.000000 0.019199 0.124379
 442.000000 0.060985 0.179114
 443.000000 0.003613 0.112732
 444.000000 0.034410 0.159955
 445.000000 0.019770 0.123959
 446.000000 0.021278 0.131912
 447.000000 0.038478 0.157026
 448.000000 0.037598 0.166895
#! FIELDS time d1 d2
 0.000000 0.038053 0.149284
 1.000000 0.067102 0.180543
 2.000000 0.027929 0.138102
 3.000000 0.012122 0.114341
 4.000000 0.039635 0.146055
 5.000000 0.030003 0.128951
 6.000000 0.076812 0.208719
 7.000000 0.098793 0.201410
 8.000000 0.083161 0.193127
 9.000000 0.102805 0.217660
 10.000000 0.070510 0.187854
 11.000000 0.099584 0.221552
 12.000000 0.111782 0.226443
 13.000000 0.149714 0.251673
 14.000000 0.155401 0.237381
 15.000000 0.182681 0.269052
 16.000000 0.133822 0.239133
 17.000000 0.200151 0.262768
 18.000000 0.201396 0.258620
 19.000000 0.171494 0.229783
 20.000000 0.130708 0.216560
 21.000000 0.157804 0.234667
 22.000000 0.129299 0.230206
 23.000000 0.147313 0.225386
 24.000000 0.134344 0.240309
 25.000000 0.153174 0.221581
 26.000000 0.151683 0.242994
 27.000000 0.185470 0.272801
 28.000000 0.164622 0.256523
 29.000000 0.136919 0.224569
 30.000000 0.115066 0.236792
 31.000000 0.151644 0.253420
 32.000000 0.143521 0.240990
 33.000000 0.159643 0.257017
 34.000000 0.166334 0.246433
 35.000000 0.182040 0.243590
 36.000000 0.129004 0.218402
 37.000000 0.138530 0.207833
 38.000000 0.161467 0.246327
 39.000000 0.149658 0.232542
 40.000000 0.148359 0.250125
 41.000000 0.110670 0.212016
 42.000000 0.135436 0.241502
 43.000000 0.088811 0.202318
 44.000000 0.062141 0.200752
 45.000000 0.070839 0.192690
 46.000000 0.018540 0.128011
 47.000000 0.058454 0.183884
 48.000000 0.016556 0.125759
 49.000000 0.024514 0.135481
 50.000000 0.022227 0.125014
 51.000000 0.025044 0.117372
 52.000000 0.031967 0.124634
 53.000000 0.035813 0.152932
 54.000000 0.028358 0.126236
 55.000000 0.025424 0.147039
 56.000000 0.023907 0.126598
 57.000000 0.052297 0.159848
 58.000000 0.030370 0.099037
 59.000000 0.049276 0.151594
 60.000000 0.044329 0.147063
 61.000000 0.003734 0.105486
 62.000000 0.044445 0.174536
 63.000000 0.015909 0.115255
 64.000000 0.010331 0.087233
 65.000000 0.049048 0.153874
 66.000000 0.072575 0.169832
 67.000000 0.050041 0.163430
 68.000000 0.041205 0.159427
 69.000000 0.030337 0.150674
 70.000000 0.050924 0.171220
 71.000000 0.017229 0.111141
 72.000000 0.024307 0.129932
 73.000000 0.026999 0.122460
 74.000000 0.042250 0.159250
 75.000000 0.015414 0.108845
 76.000000 0.018112 0.133505
 77.000000 0.063245 0.167310
 78.000000 0.022091 0.125214
 79.000000 0.052479 0.154015
 80.000000 0.034906 0.145983
 81.000000 0.058243 0.159298
 82.000000 0.011291 0.102327
 83.000000 0.042621 0.151245
 84.000000 0.024724 0.132046
 85.000000 0.059332 0.129223
 86.000000 0.038556 0.153197
 87.000000 0.049492 0.157046
 88.000000 0.017972 0.144360
 89.000000 0.045080 0.149214
 90.000000 0.021122 0.124263
 91.000000 0.016161 0.126870
 92.000000 0.013325 0.133054
 93.000000 0.047247 0.152550
 94.000000 0.068036 0.149860
 95.000000 0.105269 0.174261
 96.000000 0.099280 0.181161
 97.000000 0.096827 0.203919
 98.000000 0.088284 0.182616
 99.000000 0.089730 0.192440
 100.000000 0.089010 0.176644
 101.000000 0.105148 0.207351
 102.000000 0.088773 0.169893
 103.000000 0.085185 0.167245
 104.000000 0.100217 0.184302
 105.000000 0.094085 0.172073
 106.000000 0.082039 0.162970
 107.000000 0.067558 0.156856
 108.000000 0.060337 0.166935
 109.000000 0.064417 0.144096
 110.000000 0.063486 0.161328
 111.000000 0.063525 0.161514
 112.000000 0.066495 0.148664
 113.000000 0.066152 0.152246
 114.000000 0.072019 0.175530
 115.000000 0.085313 0.155197
 116.000000 0.069290 0.140509
 117.000000 0.087739 0.174216
 118.000000 0.072460 0.157634
 119.000000 0.059714 0.156821
 120.000000 0.058503 0.157683
 121.000000 0.073004 0.160848
 122.000000 0.075746 0.169032
 123.000000 0.062609 0.163662
 124.000000 0.058111 0.148049
 125.000000 0.067546 0.165476
 126.000000 0.081648 0.167451
 127.000000 0.063980 0.143852
 128.000000 0.063778 0.162772
 129.000000 0.081548 0.147503
 130.000000 0.073417 0.132036
 131.000000 0.076726 0.154365
 132.000000 0.063931 0.161209
 133.000000 0.053503 0.146214
 134.000000 0.076061 0.153216
 135.000000 0.078457 0.161563
 136.000000 0.060266 0.162702
 137.000000 0.079489 0.147267
 138.000000 0.065245 0.152745
 139.000000 0.100502 0.221697
 140.000000 0.091072 0.193063
 141.000000 0.089035 0.193995
 142.000000 0.099554 0.204541
 143.000000 0.101567 0.213399
 144.000000 0.066840 0.167633
 145.000000 0.080313 0.184455
 146.000000 0.055453 0.174951
 147.000000 0.069655 0.148780
 148.000000 0.052936 0.148852
 149.000000 0.064731 0.147994
 150.000000 0.002478 0.085913
 151.000000 0.004613 0.102009
 152.000000 0.003625 0.110229
 153.000000 0.018715 0.119296
 154.000000 0.002566 0.116815
 155.000000 0.006067 0.139072
 156.000000 0.004905 0.143162
 157.000000 0.004564 0.154351
 158.000000 0.001067 0.126242
 159.000000 0.002455 0.139305
 160.000000 0.004153 0.139872
 161.000000 0.030641 0.149802
 162.000000 0.061328 0.150980
 163.000000 0.083076 0.167653
 164.000000 0.054105 0.172607
 165.000000 0.064788 0.151019
 166.000000 0.084498 0.185324
 167.000000 0.073254 0.170578
 168.000000 0.057229 0.166208
 169.000000 0.056528 0.153965
 170.000000 0.079422 0.145419
 171.000000 0.063698 0.150178
 172.000000 0.069986 0.156236
 173.000000 0.074348 0.159710
 174.000000 0.073291 0.160582
 175.000000 0.073090 0.159302
 176.000000 0.043218 0.146158
 177.000000 0.085947 0.183263
 178.000000 0.084130 0.172231
 179.000000 0.071118 0.174409
 180.000000 0.071123 0.155411
 181.000000 0.082374 0.159283
 182.000000 0.077301 0.168372
 183.000000 0.068119 0.171144
 184.000000 0.084525 0.188014
 185.000000 0.080600 0.162146
 186.000000 0.082589 0.177828
 187.000000 0.073733 0.171169
 188.000000 0.066474 0.137208
 189.000000 0.072701 0.164532
 190.000000 0.060891 0.159866
 191.000000 0.094537 0.184550
 192.000000 0.107393 0.203923
 193.000000 0.071029 0.181432
 194.000000 0.088495 0.194072
 195.000000 0.104060 0.198794
 196.000000 0.086548 0.159506
 197.000000 0.082067 0.186878
 198.000000 0.068337 0.170016
 199.000000 0.094100 0.205441
 200.000000 0.090945 0.182004
 201.000000 0.094136 0.186605
 202.000000 0.089544 0.163929
 203.000000 0.078593 0.187714
 204.000000 0.092086 0.194800
 205.000000 0.108544 0.180665
 206.000000 0.081872 0.176965
 207.000000 0.094415 0.185082
 208.000000 0.113735 0.186274
 209.000000 0.091121 0.208595
 210.000000 0.104217 0.189198
 211.000000 0.108401 0.213950
 212.000000 0.107194 0.185927
 213.000000 0.088517 0.191537
 214.000000 0.108259 0.232767
 215.000000 0.086724 0.200309
 216.000000 0.094913 0.177236
 217.000000 0.089449 0.195905
 218.000000 0.107057 0.194016
 219.000000 0.112274 0.227751
 220.000000 0.097810 0.179098
 221.000000 0.086578 0.195618
 222.000000 0.094215 0.205462
 223.000000 0.100362 0.208588
 224.000000 0.101192 0.199802
 225.000000 0.112289 0.207419
 226.000000 0.111655 0.203010
 227.000000 0.089923 0.196928
 228.000000 0.095417 0.204589
 229.000000 0.078615 0.177933
 230.000000 0.062098 0.152451
 231.000000 0.056529 0.137677
 232.000000 0.061063 0.161408
 233.000000 0.074722 0.180507
 234.000000 0.078711 0.175011
 235.000000 0.059289 0.165975
 236.000000 0.060074 0.150719
 237.000000 0.065168 0.147914
 238.000000 0.073297 0.159761
 239.000000 0.075446 0.163422
 240.000000 0.065582 0.166262
 241.000000 0.060979 0.153534
 242.000000 0.071676 0.182312
 243.000000 0.055450 0.150217
 244.000000 0.057741 0.161870
 245.000000 0.076224 0.165475
 246.000000 0.060048 0.147348
 247.000000 0.076913 0.177915
 248.000000 0.072843 0.175664
 249.000000 0.073616 0.161717
 250.000000 0.079971 0.173387
 251.000000 0.073872 0.153579
 252.000000 0.076653 0.152557
 253.000000 0.067192 0.157227
 254.000000 0.063375 0.161010
 255.000000 0.088570 0.192916
 256.000000 0.082445 0.180560
 257.000000 0.073171 0.169246
 258.000000 0.074793 0.168318
 259.000000 0.062116 0.155876
 260.000000 0.067326 0.162621
 261.000000 0.064400 0.159449
 262.000000 0.067504 0.155561
 263.000000 0.074496 0.154116
 264.000000 0.067964 0.161668
 265.000000 0.052559 0.129196
 266.000000 0.083260 0.190042
 267.000000 0.077364 0.145250
 268.000000 0.063155 0.146709
 269.000000 0.078159 0.152597
 270.000000 0.076622 0.170269
 271.000000 0.062654 0.168446
 272.000000 0.067348 0.163346
 273.000000 0.079809 0.158627
 274.000000 0.062284 0.135784
 275.000000 0.100930 0.192651
 276.000000 0.096269 0.175201
 277.000000 0.085810 0.169567
 278.000000 0.095250 0.182071
 279.000000 0.094103 0.171943
 280.000000 0.090467 0.169556
 281.000000 0.075001 0.172301
 282.000000 0.068900 0.155439
 283.000000 0.071846 0.184242
 284.000000 0.051964 0.145807
 285.000000 0.081393 0.184631
 286.000000 0.070059 0.162882
 287.000000 0.079970 0.170843
 288.000000 0.067156 0.161736
 289.000000 0.078931 0.167778
 290.000000 0.057169 0.128755
 291.000000 0.062346 0.153390
 292.000000 0.083837 0.159359
 293.000000 0.078595 0.143786
 294.000000 0.070723 0.151855
 295.000000 0.067970 0.163991
 296.000000 0.061827 0.153019
 297.000000 0.060776 0.140911
 298.000000 0.068946 0.161509
 299.000000 0.076541 0.155103
 300.000000 0.071357 0.158557
 301.000000 0.090443 0.184994
 302.000000 0.101210 0.184669
 303.000000 0.094619 0.190112
 304.000000 0.083196 0.178667
 305.000000 0.096036 0.192787
 306.000000 0.096594 0.192535
 307.000000 0.083647 0.172404
 308.000000 0.088073 0.178133
 309.000000 0.089222 0.165275
 310.000000 0.095087 0.172074
 311.000000 0.095441 0.193335
 312.000000 0.091302 0.196490
 313.000000 0.094468 0.188610
 314.000000 0.110976 0.213597
 315.000000 0.088425 0.190671
 316.000000 0.104202 0.193751
 317.000000 0.068847 0.160808
 318.000000 0.070437 0.157560
 319.000000 0.067294 0.147961
 320.000000 0.063519 0.144367
 321.000000 0.089717 0.200208
 322.000000 0.078189 0.179865
 323.000000 0.095529 0.202596
 324.000000 0.084954 0.178904
 325.000000 0.091763 0.186370
 326.000000 0.109823 0.202846
 327.000000 0.089385 0.173824
 328.000000 0.080407 0.177386
 329.000000 0.092526 0.184308
 330.000000 0.086254 0.161967
 331.000000 0.088420 0.182727
 332.000000 0.092289 0.192566
 333.000000 0.083687 0.183335
 334.000000 0.088863 0.192558
 335.000000 0.109859 0.201750
 336.000000 0.052467 0.155785
 337.000000 0.075776 0.168058
 338.000000 0.092751 0.193896
 339.000000 0.096931 0.192172
 340.000000 0.098810 0.194774
 341.000000 0.091430 0.194792
 342.000000 0.060292 0.147924
 343.000000 0.061303 0.141704
 344.000000 0.063325 0.158197
 345.000000 0.066289 0.145699
 346.000000 0.074374 0.165938
 347.000000 0.063311 0.152348
 348.000000 0.048308 0.133690
 349.000000 0.064888 0.147486
 350.000000 0.069038 0.161238
 351.000000 0.071289 0.151004
 352.000000 0.064998 0.173222
 353.000000 0.080635 0.169843
 354.000000 0.076064 0.171428
 355.000000 0.072720 0.151590
 356.000000 0.067268 0.153137
 357.000000 0.067243 0.149674
 358.000000 0.059843 0.158433
 359.000000 0.056876 0.139359
 360.000000 0.071613 0.145641
 361.000000 0.055191 0.141391
 362.000000 0.070557 0.164108
 363.000000 0.081017 0.155911
 364.000000 0.081499 0.173469
 365.000000 0.060823 0.158485
 366.000000 0.068156 0.153269
 367.000000 0.081598 0.149674
 368.000000 0.075693 0.181090
 369.000000 0.067324 0.163851
 370.000000 0.068895 0.169462
 371.000000 0.081047 0.168377
 372.000000 0.068291 0.153986
 373.000000 0.071045 0.171404
 374.000000 0.092975 0.191236
 375.000000 0.108316 0.203407
 376.000000 0.101774 0.201477
 377.000000 0.091493 0.194927
 378.000000 0.080163 0.179471
 379.000000 0.090829 0.199515
 380.000000 0.084535 0.173478
 381.000000 0.065702 0.173844
 382.000000 0.054465 0.138045
 383.000000 0.064885 0.160622
 384.000000 0.050670 0.156785
 385.000000 0.064724 0.170787
 386.000000 0.065832 0.171494
 387.000000 0.065231 0.154830
 388.000000 0.073324 0.160840
 389.000000 0.068221 0.158615
 390.000000 0.070516 0.151982
 391.000000 0.062678 0.160069
 392.000000 0.066209 0.163090
 393.000000 0.066141 0.182050
 394.000000 0.059881 0.146618
 395.000000 0.061657 0.154953
 396.000000 0.071582 0.180438
 397.000000 0.070977 0.162969
 398.000000 0.072407 0.162178
 399.000000 0.078045 0.180248
 400.000000 0.077889 0.178209
 401.000000 0.070769 0.183254
 402.000000 0.059232 0.153294
 403.000000 0.068266 0.158945
 404.000000 0.087639 0.183756
 405.000000 0.086780 0.170128
 406.000000 0.094604 0.205538
 407.000000 0.091593 0.193116
 408.000000 0.098936 0.187177
 409.000000 0.079963 0.179722
 410.000000 0.056753 0.148985
 411.000000 0.057054 0.162517
 412.000000 0.082226 0.174850
 413.000000 0.111994 0.207083
 414.000000 0.089720 0.197588
 415.000000 0.103472 0.205886
 416.000000 0.103124 0.209688
 417.000000 0.101396 0.197717
 418.000000 0.092510 0.200346
 419.000000 0.095273 0.200085
 420.000000 0.104778 0.191881
 421.000000 0.088033 0.190691
 422.000000 0.096881 0.203858
 423.000000 0.099701 0.199896
 424.000000 0.113514 0.198783
 425.000000 0.107582 0.194193
 426.000000 0.102048 0.173233
 427.000000 0.125210 0.214235
 428.000000 0.116562 0.218004
 429.000000 0.106786 0.204867
 430.000000 0.111378 0.215540
 431.000000 0.109157 0.203599
 432.000000 0.097691 0.196367
 433.000000 0.096517 0.197169
 434.000000 0.114031 0.227393
 435.000000 0.085821 0.162581
 436.000000 0.095819 0.181107
 437.000000 0.093709 0.193258
 438.000000 0.100436 0.209042
 439.000000 0.118794 0.208261
 440.000000 0.106640 0.194472
 441.000000 0.087309 0.190118
 442.000000 0.061784 0.168809
 443.000000 0.072074 0.164794
 444.000000 0.073631 0.177963
 445.000000 0.076626 0.177156
 446.000000 0.082110 0.159967
 447.000000 0.071588 0.174866
 448.000000 0.067405 0.171991
#! FIELDS time d1 d2
 0.000000 0.038053 0.149284
 1.000000 0.045661 0.151593
 2.000000 0.047089 0.154011
 3.000000 0.057842 0.163573
 4.000000 0.035151 0.144543
 5.000000 0.049454 0.166861
 6.000000 0.024209 0.134943
 7.000000 0.038037 0.125419
 8.000000 0.056932 0.162847
 9.000000 0.044926 0.153017
 10.000000 0.041160 0.153764
 11.000000 0.038199 0.141173
 12.000000 0.034426 0.146885
 13.000000 0.030036 0.107339
 14.000000 0.045945 0.147475
 15.000000 0.065505 0.167973
 16.000000 0.023879 0.138206
 17.000000 0.029606 0.127386
 18.000000 0.076308 0.170823
 19.000000 0.068135 0.151784
 20.000000 0.066463 0.157086
 21.000000 0.063876 0.151315
 22.000000 0.075291 0.162846
 23.000000 0.060021 0.147298
 24.000000 0.055086 0.157445
 25.000000 0.104351 0.177438
 26.000000 0.099050 0.181301
 27.000000 0.117185 0.204978
 28.000000 0.103600 0.194348
 29.000000 0.100428 0.186382
 30.000000 0.122288 0.230926
 31.000000 0.111825 0.211459
 32.000000 0.092454 0.181582
 33.000000 0.094113 0.178956
 34.000000 0.094845 0.168047
 35.000000 0.088897 0.191268
 36.000000 0.093360 0.202537
 37.000000 0.101498 0.199060
 38.000000 0.099701 0.182751
 39.000000 0.101834 0.187942
 40.000000 0.117497 0.207778
 41.000000 0.108976 0.190808
 42.000000 0.057001 0.138154
 43.000000 0.059522 0.156440
 44.000000 0.069934 0.160942
 45.000000 0.056223 0.141815
 46.000000 0.047330 0.148704
 47.000000 0.058390 0.153690
 48.000000 0.057540 0.141041
 49.000000 0.065072 0.164639
 50.000000 0.063024 0.151141
 51.000000 0.070478 0.164976
 52.000000 0.064198 0.164281
 53.000000 0.071292 0.150068
 54.000000 0.067718 0.143897
 55.000000 0.075262 0.162475
 56.000000 0.053013 0.129863
 57.000000 0.103869 0.195402
 58.000000 0.107250 0.178694
 59.000000 0.124136 0.241305
 60.000000 0.101475 0.189231
 61.000000 0.091950 0.195116
 62.000000 0.062639 0.159335
 63.000000 0.069086 0.151832
 64.000000 0.077504 0.183093
 65.000000 0.066870 0.136848
 66.000000 0.063294 0.148981
 67.000000 0.078958 0.186133
 68.000000 0.068546 0.166545
 69.000000 0.061276 0.149917
 70.000000 0.055935 0.141808
 71.000000 0.063910 0.147398
 72.000000 0.079005 0.173824
 73.000000 0.082026 0.166210
 74.000000 0.074018 0.155395
 75.000000 0.080168 0.153535
 76.000000 0.077829 0.160610
 77.000000 0.090252 0.175712
 78.000000 0.075163 0.178213
 79.000000 0.089663 0.166997
 80.000000 0.081070 0.185365
 81.000000 0.079382 0.159088
 82.000000 0.067997 0.164649
 83.000000 0.079470 0.159360
 84.000000 0.059555 0.142190
 85.000000 0.085386 0.189012
 86.000000 0.107270 0.208024
 87.000000 0.099291 0.213597
 88.000000 0.097552 0.179361
 89.000000 0.124351 0.230005
 90.000000 0.099790 0.197378
 91.000000 0.126585 0.234246
 92.000000 0.115493 0.201058
 93.000000 0.096967 0.178857
 94.000000 0.100405 0.192345
 95.000000 0.092228 0.195665
 96.000000 0.094608 0.203808
 97.000000 0.116144 0.206244
 98.000000 0.120854 0.225689
 99.000000 0.116200 0.201604
 100.000000 0.115707 0.191896
 101.000000 0.091955 0.190730
 102.000000 0.099330 0.204251
 103.000000 0.106660 0.199610
 104.000000 0.099138 0.188027
 105.000000 0.086738 0.184839
 106.000000 0.105513 0.195003
 107.000000 0.093356 0.196101
 108.000000 0.096448 0.203861
 109.000000 0.089505 0.189651
 110.000000 0.094585 0.178049
 111.000000 0.094929 0.189527
 112.000000 0.091552 0.183828
 113.000000 0.090512 0.179388
 114.000000 0.120714 0.197903
 115.000000 0.096459 0.199687
 116.000000 0.094504 0.171982
 117.000000 0.097936 0.189078
 118.000000 0.059283 0.150717
 119.000000 0.064304 0.151292
 120.000000 0.070492 0.168236
 121.000000 0.059163 0.159011
 122.000000 0.062696 0.150522
 123.000000 0.045968 0.141294
 124.000000 0.096905 0.206693
 125.000000 0.087743 0.196146
 126.000000 0.088562 0.207987
 127.000000 0.075037 0.174334
 128.000000 0.071493 0.169765
 129.000000 0.067566 0.162883
 130.000000 0.060861 0.144839
 131.000000 0.061839 0.158049
 132.000000 0.060612 0.161438
 133.000000 0.077532 0.179054
 134.000000 0.061066 0.166505
 135.000000 0.065854 0.162696
 136.000000 0.084000 0.191923
 137.000000 0.079607 0.176672
 138.000000 0.064881 0.179770
 139.000000 0.062435 0.162902
 140.000000 0.076537 0.188615
 141.000000 0.119877 0.216123
 142.000000 0.179751 0.253676
 143.000000 0.189848 0.252556
 144.000000 0.214887 0.297959
 145.000000 0.175889 0.250488
 146.000000 0.182706 0.276177
 147.000000 0.173522 0.242278
 148.000000 0.166683 0.238903
 149.000000 0.210865 0.274037
 150.000000 0.253542 0.316347
 151.000000 0.205742 0.274187
 152.000000 0.220255 0.250638
 153.000000 0.167153 0.218769
 154.000000 0.131116 0.178580
 155.000000 0.160664 0.238182
 156.000000 0.152178 0.219009
 157.000000 0.154733 0.245782
 158.000000 0.154439 0.269779
 159.000000 0.160158 0.275304
 160.000000 0.133034 0.177978
 161.000000 0.158671 0.234701
 162.000000 0.145371 0.215491
 163.000000 0.154479 0.228389
 164.000000 0.120624 0.175186
 165.000000 0.128272 0.213969
 166.000000 0.142855 0.206499
 167.000000 0.136418 0.194508
 168.000000 0.130264 0.192123
 169.000000 0.157157 0.231472
 170.000000 0.215212 0.273953
 171.000000 0.190095 0.252084
 172.000000 0.197289 0.262678
 173.000000 0.196511 0.254945
 174.000000 0.209728 0.297250
 175.000000 0.210611 0.279209
 176.000000 0.225914 0.307893
 177.000000 0.207716 0.284586
 178.000000 0.187936 0.252675
 179.000000 0.186832 0.244318
 180.000000 0.154963 0.211311
 181.000000 0.126446 0.191888
 182.000000 0.131087 0.183878
 183.000000 0.140168 0.189222
 184.000000 0.155875 0.207791
 185.000000 0.136580 0.181710
 186.000000 0.125848 0.195308
 187.000000 0.138547 0.220204
 188.000000 0.138754 0.198096
 189.000000 0.126758 0.185166
 190.000000 0.146603 0.207806
 191.000000 0.142880 0.189490
 192.000000 0.101541 0.170349
 193.000000 0.123559 0.159965
 194.000000 0.107047 0.157903
 195.000000 0.143210 0.234415
 196.000000 0.127469 0.189911
 197.000000 0.112101 0.171349
 198.000000 0.126093 0.176329
 199.000000 0.127466 0.166822
 200.000000 0.117578 0.150325
 201.000000 0.104483 0.168108
 202.000000 0.117810 0.186620
 203.000000 0.119162 0.189662
 204.000000 0.134245 0.205382
 205.000000 0.130877 0.182237
 206.000000 0.150541 0.196502
 207.000000 0.152016 0.208165
 208.000000 0.192860 0.263789
 209.000000 0.196104 0.281207
 210.000000 0.185478 0.239863
 211.000000 0.187696 0.241958
 212.000000 0.195226 0.242225
 213.000000 0.182522 0.262442
 214.000000 0.176659 0.233344
 215.000000 0.175152 0.238032
 216.000000 0.195587 0.269788
 217.000000 0.213605 0.256497
 218.000000 0.200866 0.247070
 219.000000 0.203994 0.269335
 220.000000 0.163403 0.251078
 221.000000 0.147617 0.201404
 222.000000 0.139704 0.190230
 223.000000 0.142034 0.224084
 224.000000 0.128375 0.194702
 225.000000 0.155138 0.193991
 226.000000 0.161746 0.215208
 227.000000 0.152869 0.192479
 228.000000 0.141320 0.201037
 229.000000 0.139278 0.182259
 230.000000 0.149409 0.202719
 231.000000 0.157923 0.227198
 232.000000 0.146979 0.200378
 233.000000 0.117888 0.192479
 234.000000 0.135736 0.178921
 235.000000 0.138656 0.219428
 236.000000 0.129815 0.190526
 237.000000 0.120377 0.195060
 238.000000 0.122126 0.186914
 239.000000 0.152506 0.221140
 240.000000 0.175334 0.247875
 241.000000 0.126557 0.185310
 242.000000 0.169220 0.238221
 243.000000 0.185883 0.239812
 244.000000 0.205513 0.259681
 245.000000 0.184781 0.248443
 246.000000 0.235963 0.294025
 247.000000 0.222442 0.284259
 248.000000 0.227801 0.309005
 249.000000 0.230612 0.320009
 250.000000 0.173488 0.240564
 251.000000 0.175090 0.255701
 252.000000 0.226419 0.282999
 253.000000 0.223305 0.289556
 254.000000 0.217910 0.282839
 255.000000 0.230051 0.297080
 256.000000 0.220180 0.278092
 257.000000 0.210939 0.276897
 258.000000 0.229097 0.312642
 259.000000 0.208538 0.261563
 260.000000 0.207034 0.261013
 261.000000 0.211337 0.262678
 262.000000 0.239965 0.306504
 263.000000 0.219863 0.258008
 264.000000 0.222179 0.276012
 265.000000 0.251738 0.300911
 266.000000 0.207154 0.265058
 267.000000 0.253990 0.329064
 268.000000 0.239962 0.295991
 269.000000 0.240360 0.310097
 270.000000 0.244638 0.326710
 271.000000 0.258037 0.336934
 272.000000 0.231372 0.309022
 273.000000 0.226492 0.279497
 274.000000 0.235231 0.304989
 275.000000 0.245674 0.332428
 276.000000 0.213450 0.254839
 277.000000 0.261505 0.349012
 278.000000 0.208191 0.273080
 279.000000 0.252459 0.320033
 280.000000 0.261877 0.335764
 281.000000 0.173022 0.232310
 282.000000 0.166596 0.240228
 283.000000 0.189139 0.236590
 284.000000 0.194442 0.243235
 285.000000 0.235713 0.309678
 286.000000 0.220956 0.280938
 287.000000 0.187737 0.220855
 288.000000 0.273499 0.345229
 289.000000 0.250046 0.298067
 290.000000 0.253264 0.324141
 291.000000 0.248466 0.305467
 292.000000 0.257635 0.314538
 293.000000 0.251155 0.332469
 294.000000 0.206013 0.263906
 295.000000 0.284666 0.355375
 296.000000 0.267357 0.332447
 297.000000 0.237191 0.316256
 298.000000 0.213208 0.284588
 299.000000 0.196112 0.235759
 300.000000 0.186915 0.234795
 301.000000 0.209818 0.268518
 302.000000 0.176256 0.229521
 303.000000 0.177912 0.250384
 304.000000 0.177409 0.232150
 305.000000 0.197950 0.250079
 306.000000 0.212104 0.270843
 307.000000 0.215344 0.275155
 308.000000 0.210879 0.278878
 309.000000 0.274109 0.349539
 310.000000 0.226540 0.301553
 311.000000 0.173831 0.223929
 312.000000 0.155571 0.229847
 313.000000 0.199257 0.239698
 314.000000 0.276500 0.287217
 315.000000 0.287381 0.287441
 316.000000 0.290508 0.294675
 317.000000 0.272213 0.270639
 318.000000 0.292154 0.303969
 319.000000 0.288690 0.285959
 320.000000 0.278050 0.287841
 321.000000 0.304465 0.297299
 322.000000 0.277726 0.286653
 323.000000 0.287803 0.288699
 324.000000 0.255470 0.267060
 325.000000 0.297349 0.275624
 326.000000 0.299455 0.314516
 327.000000 0.265557 0.299300
 328.000000 0.278880 0.298333
 329.000000 0.271397 0.315926
 330.000000 0.273845 0.346773
 331.000000 0.260221 0.310861
 332.000000 0.262179 0.314673
 333.000000 0.268259 0.321044
 334.000000 0.232346 0.307738
 335.000000 0.254423 0.315732
 336.000000 0.267056 0.324873
 337.000000 0.314587 0.385273
 338.000000 0.328296 0.414562
 339.000000 0.330797 0.391578
 340.000000 0.305898 0.380680
 341.000000 0.324112 0.386728
 342.000000 0.331923 0.406899
 343.000000 0.285195 0.334864
 344.000000 0.310218 0.413013
 345.000000 0.304247 0.378656
 346.000000 0.323806 0.372580
 347.000000 0.339520 0.395122
 348.000000 0.327969 0.390299
 349.000000 0.341053 0.421343
 350.000000 0.330046 0.404420
 351.000000 0.337990 0.401974
 352.000000 0.321786 0.397018
 353.000000 0.300255 0.357569
 354.000000 0.284781 0.394693
 355.000000 0.276213 0.421640
 356.000000 0.306933 0.409749
 357.000000 0.297385 0.405457
 358.000000 0.300624 0.405746
 359.000000 0.284899 0.383112
 360.000000 0.273914 0.365902
 361.000000 0.300129 0.416788
 362.000000 0.324275 0.446038
 363.000000 0.261814 0.400311
 364.000000 0.266111 0.430905
 365.000000 0.273454 0.402653
 366.000000 0.264631 0.352666
 367.000000 0.265083 0.380944
 368.000000 0.246716 0.386975
 369.000000 0.279349 0.382459
 370.000000 0.243385 0.385969
 371.000000 0.254098 0.389685
 372.000000 0.349006 0.426747
 373.000000 0.296700 0.421000
 374.000000 0.276114 0.385688
 375.000000 0.292066 0.394368
 376.000000 0.270851 0.373339
 377.000000 0.258528 0.401128
 378.000000 0.260200 0.375233
 379.000000 0.244203 0.382197
 380.000000 0.260862 0.406605
 381.000000 0.268959 0.414189
 382.000000 0.259219 0.386636
 383.000000 0.247970 0.376362
 384.000000 0.244858 0.378155
 385.000000 0.250606 0.402220
 386.000000 0.272343 0.409168
 387.000000 0.252786 0.375560
 388.000000 0.273256 0.409510
 389.000000 0.264042 0.409663
 390.000000 0.230115 0.353685
 391.000000 0.235744 0.374179
 392.000000 0.291868 0.399835
 393.000000 0.306356 0.437272
 394.000000 0.246253 0.360270
 395.000000 0.275382 0.386940
 396.000000 0.275431 0.383387
 397.000000 0.314822 0.398205
 398.000000 0.334297 0.421791
 399.000000 0.350461 0.442985
 400.000000 0.281553 0.382164
 401.000000 0.306376 0.400172
 402.000000 0.276943 0.355461
 403.000000 0.259427 0.339421
 404.000000 0.291664 0.343857
 405.000000 0.284878 0.352937
 406.000000 0.278550 0.391556
 407.000000 0.277573 0.377841
 408.000000 0.308930 0.358126
 409.000000 0.280749 0.356185
 410.000000 0.250336 0.350375
 411.000000 0.289613 0.363351
 412.000000 0.236071 0.353167
 413.000000 0.273947 0.362809
 414.000000 0.252485 0.348762
 415.000000 0.229678 0.352069
 416.000000 0.249555 0.375600
 417.000000 0.236688 0.351880
 418.000000 0.236683 0.345665
 419.000000 0.230366 0.328450
 420.000000 0.252926 0.378387
 421.000000 0.221781 0.314171
 422.000000 0.224682 0.334973
 423.000000 0.219200 0.320971
 424.000000 0.245877 0.348332
 425.000000 0.266511 0.312810
 426.000000 0.211974 0.285817
 427.000000 0.229279 0.290502
 428.000000 0.220460 0.291760
 429.000000 0.244022 0.311574
 430.000000 0.248774 0.304114
 431.000000 0.249244 0.288683
 432.000000 0.242804 0.289915
 433.000000 0.234941 0.304458
 434.000000 0.240717 0.310372
 435.000000 0.221920 0.289300
 436.000000 0.286143 0.322966
 437.000000 0.214913 0.276426
 438.000000 0.218976 0.310299
 439.000000 0.190739 0.281363
 440.000000 0.200666 0.298170
 441.000000 0.189256 0.283211
 442.000000 0.174895 0.286604
 443.000000 0.180855 0.301009
 444.000000 0.206635 0.305010
 445.000000 0.195265 0.311152
 446.000000 0.164992 0.274118
 447.000000 0.208276 0.296450
 448.000000 0.229163 0.319354
