#! FIELDS time d1 d2
 0.000000 0.038053 0.149284
 1.000000 0.045661 0.151593
 2.000000 0.047089 0.154011
 3.000000 0.057842 0.163573
 4.000000 0.035151 0.144543
 5.000000 0.049454 0.166861
 6.000000 0.024209 0.134943
 7.000000 0.038037 0.125419
 8.000000 0.056932 0.162847
 9.000000 0.044926 0.153017
 10.000000 0.041160 0.153764
 11.000000 0.038199 0.141173
 12.000000 0.034426 0.146885
 13.000000 0.030036 0.107339
 14.000000 0.045945 0.147475
 15.000000 0.065505 0.167973
 16.000000 0.023879 0.138206
 17.000000 0.029606 0.127386
 18.000000 0.076308 0.170823
 19.000000 0.068135 0.151784
 20.000000 0.066463 0.157086
 21.000000 0.063876 0.151315
 22.000000 0.075291 0.162846
 23.000000 0.060021 0.147298
 24.000000 0.055086 0.157445
 25.000000 0.104351 0.177438
 26.000000 0.099050 0.181301
 27.000000 0.117185 0.204978
 28.000000 0.103600 0.194348
 29.000000 0.100428 0.186382
 30.000000 0.122288 0.230926
 31.000000 0.111825 0.211459
 32.000000 0.092454 0.181582
 33.000000 0.094113 0.178956
 34.000000 0.094845 0.168047
 35.000000 0.088897 0.191268
 36.000000 0.093360 0.202537
 37.000000 0.101498 0.199060
 38.000000 0.099701 0.182751
 39.000000 0.101834 0.187942
 40.000000 0.117497 0.207778
 41.000000 0.108976 0.190808
 42.000000 0.057001 0.138154
 43.000000 0.059522 0.156440
 44.000000 0.069934 0.160942
 45.000000 0.056223 0.141815
 46.000000 0.047330 0.148704
 47.000000 0.058390 0.153690
 48.000000 0.057540 0.141041
 49.000000 0.065072 0.164639
 50.000000 0.063024 0.151141
 51.000000 0.070478 0.164976
 52.000000 0.064198 0.164281
 53.000000 0.071292 0.150068
 54.000000 0.067718 0.143897
 55.000000 0.075262 0.162475
 56.000000 0.053013 0.129863
 57.000000 0.103869 0.195402
 58.000000 0.107250 0.178694
 59.000000 0.124136 0.241305
 60.000000 0.101475 0.189231
 61.000000 0.091950 0.195116
 62.000000 0.062639 0.159335
 63.000000 0.069086 0.151832
 64.000000 0.077504 0.183093
 65.000000 0.066870 0.136848
 66.000000 0.063294 0.148981
 67.000000 0.078958 0.186133
 68.000000 0.068546 0.166545
 69.000000 0.061276 0.149917
 70.000000 0.055935 0.141808
 71.000000 0.063910 0.147398
 72.000000 0.079005 0.173824
 73.000000 0.082026 0.166210
 74.000000 0.074018 0.155395
 75.000000 0.080168 0.153535
 76.000000 0.077829 0.160610
 77.000000 0.090252 0.175712
 78.000000 0.075163 0.178213
 79.000000 0.089663 0.166997
 80.000000 0.081070 0.185365
 81.000000 0.079382 0.159088
 82.000000 0.067997 0.164649
 83.000000 0.079470 0.159360
 84.000000 0.059555 0.142190
 85.000000 0.085386 0.189012
 86.000000 0.107270 0.208024
 87.000000 0.099291 0.213597
 88.000000 0.097552 0.179361
 89.000000 0.124351 0.230005
 90.000000 0.099790 0.197378
 91.000000 0.126585 0.234246
 92.000000 0.115493 0.201058
 93.000000 0.096967 0.178857
 94.000000 0.100405 0.192345
 95.000000 0.092228 0.195665
 96.000000 0.094608 0.203808
 97.000000 0.116144 0.206244
 98.000000 0.120854 0.225689
 99.000000 0.116200 0.201604
 100.000000 0.115707 0.191896
 101.000000 0.091955 0.190730
 102.000000 0.099330 0.204251
 103.000000 0.106660 0.199610
 104.000000 0.099138 0.188027
 105.000000 0.086738 0.184839
 106.000000 0.105513 0.195003
 107.000000 0.093356 0.196101
 108.000000 0.096448 0.203861
 109.000000 0.089505 0.189651
 110.000000 0.094585 0.178049
 111.000000 0.094929 0.189527
 112.000000 0.091552 0.183828
 113.000000 0.090512 0.179388
 114.000000 0.120714 0.197903
 115.000000 0.096459 0.199687
 116.000000 0.094504 0.171982
 117.000000 0.097936 0.189078
 118.000000 0.059283 0.150717
 119.000000 0.064304 0.151292
 120.000000 0.070492 0.168236
 121.000000 0.059163 0.159011
 122.000000 0.062696 0.150522
 123.000000 0.045968 0.141294
 124.000000 0.096905 0.206693
 125.000000 0.087743 0.196146
 126.000000 0.088562 0.207987
 127.000000 0.075037 0.174334
 128.000000 0.071493 0.169765
 129.000000 0.067566 0.162883
 130.000000 0.060861 0.144839
 131.000000 0.061839 0.158049
 132.000000 0.060612 0.161438
 133.000000 0.077532 0.179054
 134.000000 0.061066 0.166505
 135.000000 0.065854 0.162696
 136.000000 0.084000 0.191923
 137.000000 0.079607 0.176672
 138.000000 0.064881 0.179770
 139.000000 0.062435 0.162902
 140.000000 0.076537 0.188615
 141.000000 0.119877 0.216123
 142.000000 0.179751 0.253676
 143.000000 0.189848 0.252556
 144.000000 0.214887 0.297959
 145.000000 0.175889 0.250488
 146.000000 0.182706 0.276177
 147.000000 0.173522 0.242278
 148.000000 0.166683 0.238903
 149.000000 0.210865 0.274037
 150.000000 0.253542 0.316347
 151.000000 0.205742 0.274187
 152.000000 0.220255 0.250638
 153.000000 0.167153 0.218769
 154.000000 0.131116 0.178580
 155.000000 0.160664 0.238182
 156.000000 0.152178 0.219009
 157.000000 0.154733 0.245782
 158.000000 0.154439 0.269779
 159.000000 0.160158 0.275304
 160.000000 0.133034 0.177978
 161.000000 0.158671 0.234701
 162.000000 0.145371 0.215491
 163.000000 0.154479 0.228389
 164.000000 0.120624 0.175186
 165.000000 0.128272 0.213969
 166.000000 0.142855 0.206499
 167.000000 0.136418 0.194508
 168.000000 0.130264 0.192123
 169.000000 0.157157 0.231472
 170.000000 0.215212 0.273953
 171.000000 0.190095 0.252084
 172.000000 0.197289 0.262678
 173.000000 0.196511 0.254945
 174.000000 0.209728 0.297250
 175.000000 0.210611 0.279209
 176.000000 0.225914 0.307893
 177.000000 0.207716 0.284586
 178.000000 0.187936 0.252675
 179.000000 0.186832 0.244318
 180.000000 0.154963 0.211311
 181.000000 0.126446 0.191888
 182.000000 0.131087 0.183878
 183.000000 0.140168 0.189222
 184.000000 0.155875 0.207791
 185.000000 0.136580 0.181710
 186.000000 0.125848 0.195308
 187.000000 0.138547 0.220204
 188.000000 0.138754 0.198096
 189.000000 0.126758 0.185166
 190.000000 0.146603 0.207806
 191.000000 0.142880 0.189490
 192.000000 0.101541 0.170349
 193.000000 0.123559 0.159965
 194.000000 0.107047 0.157903
 195.000000 0.143210 0.234415
 196.000000 0.127469 0.189911
 197.000000 0.112101 0.171349
 198.000000 0.126093 0.176329
 199.000000 0.127466 0.166822
 200.000000 0.117578 0.150325
 201.000000 0.104483 0.168108
 202.000000 0.117810 0.186620
 203.000000 0.119162 0.189662
 204.000000 0.134245 0.205382
 205.000000 0.130877 0.182237
 206.000000 0.150541 0.196502
 207.000000 0.152016 0.208165
 208.000000 0.192860 0.263789
 209.000000 0.196104 0.281207
 210.000000 0.185478 0.239863
 211.000000 0.187696 0.241958
 212.000000 0.195226 0.242225
 213.000000 0.182522 0.262442
 214.000000 0.176659 0.233344
 215.000000 0.175152 0.238032
 216.000000 0.195587 0.269788
 217.000000 0.213605 0.256497
 218.000000 0.200866 0.247070
 219.000000 0.203994 0.269335
 220.000000 0.163403 0.251078
 221.000000 0.147617 0.201404
 222.000000 0.139704 0.190230
 223.000000 0.142034 0.224084
 224.000000 0.128375 0.194702
 225.000000 0.155138 0.193991
 226.000000 0.161746 0.215208
 227.000000 0.152869 0.192479
 228.000000 0.141320 0.201037
 229.000000 0.139278 0.182259
 230.000000 0.149409 0.202719
 231.000000 0.157923 0.227198
 232.000000 0.146979 0.200378
 233.000000 0.117888 0.192479
 234.000000 0.135736 0.178921
 235.000000 0.138656 0.219428
 236.000000 0.129815 0.190526
 237.000000 0.120377 0.195060
 238.000000 0.122126 0.186914
 239.000000 0.152506 0.221140
 240.000000 0.175334 0.247875
 241.000000 0.126557 0.185310
 242.000000 0.169220 0.238221
 243.000000 0.185883 0.239812
 244.000000 0.205513 0.259681
 245.000000 0.184781 0.248443
 246.000000 0.235963 0.294025
 247.000000 0.222442 0.284259
 248.000000 0.227801 0.309005
 249.000000 0.230612 0.320009
 250.000000 0.173488 0.240564
 251.000000 0.175090 0.255701
 252.000000 0.226419 0.282999
 253.000000 0.223305 0.289556
 254.000000 0.217910 0.282839
 255.000000 0.230051 0.297080
 256.000000 0.220180 0.278092
 257.000000 0.210939 0.276897
 258.000000 0.229097 0.312642
 259.000000 0.208538 0.261563
 260.000000 0.207034 0.261013
 261.000000 0.211337 0.262678
 262.000000 0.239965 0.306504
 263.000000 0.219863 0.258008
 264.000000 0.222179 0.276012
 265.000000 0.251738 0.300911
 266.000000 0.207154 0.265058
 267.000000 0.253990 0.329064
 268.000000 0.239962 0.295991
 269.000000 0.240360 0.310097
 270.000000 0.244638 0.326710
 271.000000 0.258037 0.336934
 272.000000 0.231372 0.309022
 273.000000 0.226492 0.279497
 274.000000 0.235231 0.304989
 275.000000 0.245674 0.332428
 276.000000 0.213450 0.254839
 277.000000 0.261505 0.349012
 278.000000 0.208191 0.273080
 279.000000 0.252459 0.320033
 280.000000 0.261877 0.335764
 281.000000 0.173022 0.232310
 282.000000 0.166596 0.240228
 283.000000 0.189139 0.236590
 284.000000 0.194442 0.243235
 285.000000 0.235713 0.309678
 286.000000 0.220956 0.280938
 287.000000 0.187737 0.220855
 288.000000 0.273499 0.345229
 289.000000 0.250046 0.298067
 290.000000 0.253264 0.324141
 291.000000 0.248466 0.305467
 292.000000 0.257635 0.314538
 293.000000 0.251155 0.332469
 294.000000 0.206013 0.263906
 295.000000 0.284666 0.355375
 296.000000 0.267357 0.332447
 297.000000 0.237191 0.316256
 298.000000 0.213208 0.284588
 299.000000 0.196112 0.235759
 300.000000 0.186915 0.234795
 301.000000 0.209818 0.268518
 302.000000 0.176256 0.229521
 303.000000 0.177912 0.250384
 304.000000 0.177409 0.232150
 305.000000 0.197950 0.250079
 306.000000 0.212104 0.270843
 307.000000 0.215344 0.275155
 308.000000 0.210879 0.278878
 309.000000 0.274109 0.349539
 310.000000 0.226540 0.301553
 311.000000 0.173831 0.223929
 312.000000 0.155571 0.229847
 313.000000 0.199257 0.239698
 314.000000 0.276500 0.287217
 315.000000 0.287381 0.287441
 316.000000 0.290508 0.294675
 317.000000 0.272213 0.270639
 318.000000 0.292154 0.303969
 319.000000 0.288690 0.285959
 320.000000 0.278050 0.287841
 321.000000 0.304465 0.297299
 322.000000 0.277726 0.286653
 323.000000 0.287803 0.288699
 324.000000 0.255470 0.267060
 325.000000 0.297349 0.275624
 326.000000 0.299455 0.314516
 327.000000 0.265557 0.299300
 328.000000 0.278880 0.298333
 329.000000 0.271397 0.315926
 330.000000 0.273845 0.346773
 331.000000 0.260221 0.310861
 332.000000 0.262179 0.314673
 333.000000 0.268259 0.321044
 334.000000 0.232346 0.307738
 335.000000 0.254423 0.315732
 336.000000 0.267056 0.324873
 337.000000 0.314587 0.385273
 338.000000 0.328296 0.414562
 339.000000 0.330797 0.391578
 340.000000 0.305898 0.380680
 341.000000 0.324112 0.386728
 342.000000 0.331923 0.406899
 343.000000 0.285195 0.334864
 344.000000 0.310218 0.413013
 345.000000 0.304247 0.378656
 346.000000 0.323806 0.372580
 347.000000 0.339520 0.395122
 348.000000 0.327969 0.390299
 349.000000 0.341053 0.421343
 350.000000 0.330046 0.404420
 351.000000 0.337990 0.401974
 352.000000 0.321786 0.397018
 353.000000 0.300255 0.357569
 354.000000 0.284781 0.394693
 355.000000 0.276213 0.421640
 356.000000 0.306933 0.409749
 357.000000 0.297385 0.405457
 358.000000 0.300624 0.405746
 359.000000 0.284899 0.383112
 360.000000 0.273914 0.365902
 361.000000 0.300129 0.416788
 362.000000 0.324275 0.446038
 363.000000 0.261814 0.400311
 364.000000 0.266111 0.430905
 365.000000 0.273454 0.402653
 366.000000 0.264631 0.352666
 367.000000 0.265083 0.380944
 368.000000 0.246716 0.386975
 369.000000 0.279349 0.382459
 370.000000 0.243385 0.385969
 371.000000 0.254098 0.389685
 372.000000 0.349006 0.426747
 373.000000 0.296700 0.421000
 374.000000 0.276114 0.385688
 375.000000 0.292066 0.394368
 376.000000 0.270851 0.373339
 377.000000 0.258528 0.401128
 378.000000 0.260200 0.375233
 379.000000 0.244203 0.382197
 380.000000 0.260862 0.406605
 381.000000 0.268959 0.414189
 382.000000 0.259219 0.386636
 383.000000 0.247970 0.376362
 384.000000 0.244858 0.378155
 385.000000 0.250606 0.402220
 386.000000 0.272343 0.409168
 387.000000 0.252786 0.375560
 388.000000 0.273256 0.409510
 389.000000 0.264042 0.409663
 390.000000 0.230115 0.353685
 391.000000 0.235744 0.374179
 392.000000 0.291868 0.399835
 393.000000 0.306356 0.437272
 394.000000 0.246253 0.360270
 395.000000 0.275382 0.386940
 396.000000 0.275431 0.383387
 397.000000 0.314822 0.398205
 398.000000 0.334297 0.421791
 399.000000 0.350461 0.442985
 400.000000 0.281553 0.382164
 401.000000 0.306376 0.400172
 402.000000 0.276943 0.355461
 403.000000 0.259427 0.339421
 404.000000 0.291664 0.343857
 405.000000 0.284878 0.352937
 406.000000 0.278550 0.391556
 407.000000 0.277573 0.377841
 408.000000 0.308930 0.358126
 409.000000 0.280749 0.356185
 410.000000 0.250336 0.350375
 411.000000 0.289613 0.363351
 412.000000 0.236071 0.353167
 413.000000 0.273947 0.362809
 414.000000 0.252485 0.348762
 415.000000 0.229678 0.352069
 416.000000 0.249555 0.375600
 417.000000 0.236688 0.351880
 418.000000 0.236683 0.345665
 419.000000 0.230366 0.328450
 420.000000 0.252926 0.378387
 421.000000 0.221781 0.314171
 422.000000 0.224682 0.334973
 423.000000 0.219200 0.320971
 424.000000 0.245877 0.348332
 425.000000 0.266511 0.312810
 426.000000 0.211974 0.285817
 427.000000 0.229279 0.290502
 428.000000 0.220460 0.291760
 429.000000 0.244022 0.311574
 430.000000 0.248774 0.304114
 431.000000 0.249244 0.288683
 432.000000 0.242804 0.289915
 433.000000 0.234941 0.304458
 434.000000 0.240717 0.310372
 435.000000 0.221920 0.289300
 436.000000 0.286143 0.322966
 437.000000 0.214913 0.276426
 438.000000 0.218976 0.310299
 439.000000 0.190739 0.281363
 440.000000 0.200666 0.298170
 441.000000 0.189256 0.283211
 442.000000 0.174895 0.286604
 443.000000 0.180855 0.301009
 444.000000 0.206635 0.305010
 445.000000 0.195265 0.311152
 446.000000 0.164992 0.274118
 447.000000 0.208276 0.296450
 448.000000 0.229163 0.319354
