#! FIELDS time d1 d2
 0.000000 0.038053 0.149284
 1.000000 0.067102 0.180543
 2.000000 0.027929 0.138102
 3.000000 0.012122 0.114341
 4.000000 0.039635 0.146055
 5.000000 0.030003 0.128951
 6.000000 0.076812 0.208719
 7.000000 0.098793 0.201410
 8.000000 0.083161 0.193127
 9.000000 0.102805 0.217660
 10.000000 0.070510 0.187854
 11.000000 0.099584 0.221552
 12.000000 0.111782 0.226443
 13.000000 0.149714 0.251673
 14.000000 0.155401 0.237381
 15.000000 0.182681 0.269052
 16.000000 0.133822 0.239133
 17.000000 0.200151 0.262768
 18.000000 0.201396 0.258620
 19.000000 0.171494 0.229783
 20.000000 0.130708 0.216560
 21.000000 0.157804 0.234667
 22.000000 0.129299 0.230206
 23.000000 0.147313 0.225386
 24.000000 0.134344 0.240309
 25.000000 0.153174 0.221581
 26.000000 0.151683 0.242994
 27.000000 0.185470 0.272801
 28.000000 0.164622 0.256523
 29.000000 0.136919 0.224569
 30.000000 0.115066 0.236792
 31.000000 0.151644 0.253420
 32.000000 0.143521 0.240990
 33.000000 0.159643 0.257017
 34.000000 0.166334 0.246433
 35.000000 0.182040 0.243590
 36.000000 0.129004 0.218402
 37.000000 0.138530 0.207833
 38.000000 0.161467 0.246327
 39.000000 0.149658 0.232542
 40.000000 0.148359 0.250125
 41.000000 0.110670 0.212016
 42.000000 0.135436 0.241502
 43.000000 0.088811 0.202318
 44.000000 0.062141 0.200752
 45.000000 0.070839 0.192690
 46.000000 0.018540 0.128011
 47.000000 0.058454 0.183884
 48.000000 0.016556 0.125759
 49.000000 0.024514 0.135481
 50.000000 0.022227 0.125014
 51.000000 0.025044 0.117372
 52.000000 0.031967 0.124634
 53.000000 0.035813 0.152932
 54.000000 0.028358 0.126236
 55.000000 0.025424 0.147039
 56.000000 0.023907 0.126598
 57.000000 0.052297 0.159848
 58.000000 0.030370 0.099037
 59.000000 0.049276 0.151594
 60.000000 0.044329 0.147063
 61.000000 0.003734 0.105486
 62.000000 0.044445 0.174536
 63.000000 0.015909 0.115255
 64.000000 0.010331 0.087233
 65.000000 0.049048 0.153874
 66.000000 0.072575 0.169832
 67.000000 0.050041 0.163430
 68.000000 0.041205 0.159427
 69.000000 0.030337 0.150674
