#! FIELDS time d1 d2
 0.000000 0.038053 0.149284
 1.000000 0.044104 0.126462
 2.000000 0.063575 0.170663
 3.000000 0.030338 0.141132
 4.000000 0.008849 0.125722
 5.000000 0.042377 0.147288
 6.000000 0.052529 0.151572
 7.000000 0.019840 0.138092
 8.000000 0.026296 0.124658
 9.000000 0.011397 0.107342
 10.000000 0.028191 0.123704
 11.000000 0.003840 0.103257
 12.000000 0.003154 0.107037
 13.000000 0.035218 0.129643
 14.000000 0.040892 0.141637
 15.000000 0.029058 0.143883
 16.000000 0.049713 0.171141
 17.000000 0.036753 0.138215
 18.000000 0.037372 0.132059
 19.000000 0.052047 0.150441
 20.000000 0.068244 0.167856
 21.000000 0.025427 0.123962
 22.000000 0.046956 0.145213
 23.000000 0.041095 0.159425
 24.000000 0.037420 0.152628
 25.000000 0.055225 0.173490
 26.000000 0.039988 0.153915
 27.000000 0.020683 0.132220
 28.000000 0.048626 0.159830
 29.000000 0.037650 0.136411
 30.000000 0.059848 0.184408
 31.000000 0.046835 0.162104
 32.000000 0.047178 0.153513
 33.000000 0.047560 0.160665
 34.000000 0.063893 0.188309
 35.000000 0.041742 0.146453
 36.000000 0.057914 0.166313
 37.000000 0.028354 0.135512
 38.000000 0.054447 0.172299
 39.000000 0.044080 0.159586
 40.000000 0.028571 0.144338
 41.000000 0.033707 0.158487
 42.000000 0.044600 0.175638
 43.000000 0.063883 0.188940
 44.000000 0.001803 0.119455
 45.000000 0.030420 0.140008
 46.000000 0.030258 0.132697
 47.000000 0.022733 0.122885
 48.000000 0.024382 0.152387
 49.000000 0.035769 0.129176
 50.000000 0.033444 0.157965
 51.000000 0.025926 0.146686
 52.000000 0.026995 0.146811
 53.000000 0.032493 0.148750
 54.000000 0.046396 0.167005
 55.000000 0.052808 0.163289
 56.000000 0.039688 0.170671
 57.000000 0.045243 0.168975
 58.000000 0.038114 0.143818
 59.000000 0.030518 0.133277
 60.000000 0.047736 0.163121
 61.000000 0.023933 0.146938
 62.000000 0.032695 0.161914
 63.000000 0.042554 0.157926
 64.000000 0.050520 0.165189
 65.000000 0.032625 0.152147
 66.000000 0.027651 0.150887
 67.000000 0.030583 0.160330
 68.000000 0.042683 0.145262
 69.000000 0.055435 0.175774
