#! FIELDS time d1 d2
 0.000000 0.038053 0.149284
 1.000000 0.026434 0.123112
 2.000000 0.061438 0.143294
 3.000000 0.011325 0.104699
 4.000000 0.047019 0.157763
 5.000000 0.042417 0.157302
 6.000000 0.046546 0.168285
 7.000000 0.009670 0.109694
 8.000000 0.044138 0.154742
 9.000000 0.011895 0.121621
 10.000000 0.023162 0.147368
 11.000000 0.023880 0.125837
 12.000000 0.055836 0.162286
 13.000000 0.043766 0.159592
 14.000000 0.055849 0.162659
 15.000000 0.059834 0.187310
 16.000000 0.035548 0.131208
 17.000000 0.053632 0.163910
 18.000000 0.050963 0.143362
 19.000000 0.027607 0.145713
 20.000000 0.041113 0.147211
 21.000000 0.044292 0.148129
 22.000000 0.036094 0.133283
 23.000000 0.033404 0.134349
 24.000000 0.041292 0.145058
 25.000000 0.039969 0.143866
 26.000000 0.029255 0.139953
 27.000000 0.038205 0.156897
 28.000000 0.051412 0.186040
 29.000000 0.026402 0.139915
 30.000000 0.010367 0.136449
 31.000000 0.029235 0.151338
 32.000000 0.024874 0.121096
 33.000000 0.042265 0.139290
 34.000000 0.005220 0.112104
 35.000000 0.038610 0.149105
 36.000000 0.025314 0.133464
 37.000000 0.035861 0.155211
 38.000000 0.017753 0.110730
 39.000000 0.035501 0.121426
 40.000000 0.022383 0.154476
 41.000000 0.047327 0.164492
 42.000000 0.028329 0.145158
 43.000000 0.050453 0.187064
 44.000000 0.037401 0.145646
 45.000000 0.026151 0.136136
 46.000000 0.063236 0.181808
 47.000000 0.045338 0.165703
 48.000000 0.028068 0.144730
 49.000000 0.027575 0.123886
 50.000000 0.028889 0.145127
 51.000000 0.058895 0.161600
 52.000000 0.044048 0.164501
 53.000000 0.054351 0.170911
 54.000000 0.026213 0.139367
 55.000000 0.009488 0.107414
 56.000000 0.024030 0.127291
 57.000000 0.002321 0.121836
 58.000000 0.014538 0.106834
 59.000000 0.055038 0.165499
 60.000000 0.028931 0.145398
 61.000000 0.016761 0.142756
 62.000000 0.020035 0.141408
 63.000000 0.053498 0.168365
 64.000000 0.040268 0.135699
 65.000000 0.066594 0.168425
 66.000000 0.031890 0.158648
 67.000000 0.033722 0.134401
 68.000000 0.020514 0.105088
 69.000000 0.025902 0.145171
 70.000000 0.013018 0.146556
 71.000000 0.003590 0.120163
 72.000000 0.003083 0.097318
 73.000000 0.016732 0.133190
 74.000000 0.005462 0.125173
 75.000000 0.031472 0.135418
 76.000000 0.056361 0.165619
 77.000000 0.045809 0.142276
 78.000000 0.028439 0.122526
 79.000000 0.039386 0.141152
 80.000000 0.022934 0.125337
 81.000000 0.044623 0.153990
 82.000000 0.056944 0.179533
 83.000000 0.036511 0.151678
 84.000000 0.027370 0.138626
 85.000000 0.031510 0.141244
 86.000000 0.000667 0.102501
 87.000000 0.123010 0.228936
 88.000000 0.065594 0.175273
 89.000000 0.084906 0.196483
 90.000000 0.069429 0.198517
 91.000000 0.119483 0.232804
 92.000000 0.112727 0.233369
 93.000000 0.069350 0.182602
 94.000000 0.205368 0.267443
 95.000000 0.080124 0.192060
 96.000000 0.083879 0.186769
 97.000000 0.081349 0.197853
 98.000000 0.096933 0.211781
 99.000000 0.068726 0.177553
 100.000000 0.077844 0.204653
 101.000000 0.077840 0.196373
 102.000000 0.072423 0.195609
 103.000000 0.079597 0.185482
 104.000000 0.082233 0.203541
 105.000000 0.089729 0.226097
 106.000000 0.085325 0.205760
 107.000000 0.085053 0.209454
 108.000000 0.067716 0.188906
 109.000000 0.067900 0.183256
 110.000000 0.065826 0.174576
 111.000000 0.087219 0.208311
 112.000000 0.084711 0.195839
 113.000000 0.079411 0.199428
 114.000000 0.077430 0.184298
 115.000000 0.078229 0.194350
 116.000000 0.095273 0.205415
 117.000000 0.060985 0.177040
 118.000000 0.077579 0.199731
 119.000000 0.084304 0.206056
 120.000000 0.078125 0.194781
 121.000000 0.076623 0.195913
 122.000000 0.075950 0.180925
 123.000000 0.083070 0.198675
 124.000000 0.068609 0.191459
 125.000000 0.091863 0.202766
 126.000000 0.064467 0.175646
 127.000000 0.179433 0.253947
 128.000000 0.195487 0.254112
 129.000000 0.205372 0.271376
 130.000000 0.182610 0.252568
 131.000000 0.226938 0.311130
 132.000000 0.203978 0.256042
 133.000000 0.175321 0.248622
 134.000000 0.150606 0.203903
 135.000000 0.130340 0.199264
 136.000000 0.138757 0.207094
 137.000000 0.175902 0.246331
 138.000000 0.158048 0.215567
 139.000000 0.176354 0.249160
 140.000000 0.167499 0.227213
 141.000000 0.169981 0.221751
 142.000000 0.200958 0.258192
 143.000000 0.197525 0.249778
 144.000000 0.186544 0.235758
 145.000000 0.216796 0.299787
 146.000000 0.233816 0.281976
 147.000000 0.206534 0.273989
 148.000000 0.224600 0.281259
 149.000000 0.241178 0.296212
 150.000000 0.197506 0.246688
 151.000000 0.234786 0.308023
 152.000000 0.258891 0.330349
 153.000000 0.258944 0.332025
 154.000000 0.275325 0.387637
 155.000000 0.256378 0.355669
 156.000000 0.278866 0.395289
 157.000000 0.245744 0.368709
 158.000000 0.259263 0.372879
 159.000000 0.245389 0.378967
 160.000000 0.236868 0.370853
 161.000000 0.308529 0.423520
 162.000000 0.300533 0.405861
 163.000000 0.252062 0.355837
 164.000000 0.233659 0.355927
 165.000000 0.236426 0.338664
 166.000000 0.216573 0.325336
 167.000000 0.293279 0.389343
 168.000000 0.257413 0.356246
 169.000000 0.307368 0.412689
 170.000000 0.258372 0.345581
 171.000000 0.285377 0.373821
 172.000000 0.317330 0.392550
 173.000000 0.302091 0.387688
 174.000000 0.251292 0.335118
 175.000000 0.237283 0.319284
 176.000000 0.278012 0.372964
 177.000000 0.331362 0.401625
 178.000000 0.272100 0.352515
 179.000000 0.259475 0.340379
 180.000000 0.268681 0.365052
 181.000000 0.307668 0.392187
 182.000000 0.231504 0.317349
 183.000000 0.287051 0.369337
 184.000000 0.312965 0.409641
 185.000000 0.331315 0.450465
 186.000000 0.349840 0.432649
 187.000000 0.324194 0.432507
 188.000000 0.373134 0.491268
 189.000000 0.359048 0.452769
 190.000000 0.399534 0.465059
 191.000000 0.401155 0.470910
 192.000000 0.355857 0.422793
 193.000000 0.333685 0.398841
 194.000000 0.372310 0.435474
 195.000000 0.368738 0.442357
 196.000000 0.376614 0.475728
 197.000000 0.410911 0.480088
 198.000000 0.401866 0.463792
 199.000000 0.339000 0.404323
 200.000000 0.402627 0.459280
 201.000000 0.409297 0.469489
 202.000000 0.411448 0.475634
 203.000000 0.406446 0.432834
 204.000000 0.363323 0.445906
 205.000000 0.441676 0.491034
 206.000000 0.472930 0.514830
 207.000000 0.414547 0.452827
 208.000000 0.461466 0.495747
 209.000000 0.409066 0.463404
 210.000000 0.332690 0.387128
 211.000000 0.359832 0.424697
 212.000000 0.317431 0.391612
 213.000000 0.325911 0.384486
 214.000000 0.327707 0.400398
 215.000000 0.315262 0.374149
 216.000000 0.324172 0.394714
 217.000000 0.342860 0.404068
 218.000000 0.384089 0.434498
 219.000000 0.342695 0.417648
 220.000000 0.354481 0.430756
 221.000000 0.425487 0.459935
 222.000000 0.409564 0.442458
 223.000000 0.391990 0.447894
 224.000000 0.387866 0.430723
 225.000000 0.343556 0.431687
 226.000000 0.332551 0.414941
 227.000000 0.387776 0.442673
 228.000000 0.398377 0.456328
 229.000000 0.330981 0.432256
 230.000000 0.329212 0.409977
 231.000000 0.335536 0.431271
 232.000000 0.372900 0.437717
 233.000000 0.340473 0.407844
 234.000000 0.335372 0.374793
 235.000000 0.429552 0.484169
 236.000000 0.395824 0.461116
 237.000000 0.356243 0.426976
 238.000000 0.310011 0.390944
 239.000000 0.300987 0.353584
 240.000000 0.301732 0.359186
 241.000000 0.343568 0.410070
 242.000000 0.369953 0.425517
 243.000000 0.391780 0.438118
 244.000000 0.441925 0.487332
 245.000000 0.496764 0.533475
 246.000000 0.556241 0.593372
 247.000000 0.575625 0.613927
 248.000000 0.527079 0.569763
 249.000000 0.480665 0.554583
 250.000000 0.510785 0.569157
 251.000000 0.507910 0.562314
 252.000000 0.539035 0.604196
 253.000000 0.494715 0.547185
 254.000000 0.497349 0.557068
 255.000000 0.508367 0.552841
 256.000000 0.550316 0.591216
 257.000000 0.509978 0.575248
 258.000000 0.509449 0.554704
 259.000000 0.453843 0.502802
 260.000000 0.523417 0.545045
 261.000000 0.571107 0.607361
 262.000000 0.578022 0.601643
 263.000000 0.563014 0.577392
 264.000000 0.558647 0.560717
 265.000000 0.539143 0.552287
 266.000000 0.484520 0.532615
 267.000000 0.456520 0.510295
 268.000000 0.496581 0.536817
 269.000000 0.461592 0.511639
 270.000000 0.468572 0.516774
 271.000000 0.440721 0.481251
 272.000000 0.444492 0.483450
 273.000000 0.472553 0.506671
 274.000000 0.463995 0.518058
 275.000000 0.459922 0.495337
 276.000000 0.427326 0.480541
 277.000000 0.438050 0.506262
 278.000000 0.486769 0.506623
 279.000000 0.431420 0.462001
 280.000000 0.427645 0.457747
 281.000000 0.494730 0.526217
 282.000000 0.486742 0.547163
 283.000000 0.542773 0.579582
 284.000000 0.417158 0.431311
 285.000000 0.396424 0.466898
 286.000000 0.377211 0.411212
 287.000000 0.377951 0.424493
 288.000000 0.392596 0.441424
 289.000000 0.403219 0.440699
 290.000000 0.394497 0.449582
 291.000000 0.366499 0.422329
 292.000000 0.337931 0.410546
 293.000000 0.432680 0.453831
 294.000000 0.407715 0.444754
 295.000000 0.357084 0.398529
 296.000000 0.402527 0.451351
 297.000000 0.362046 0.410136
 298.000000 0.369993 0.418204
 299.000000 0.380572 0.436201
 300.000000 0.389075 0.443600
 301.000000 0.442987 0.486238
 302.000000 0.417543 0.461428
 303.000000 0.467676 0.500136
 304.000000 0.514401 0.523204
 305.000000 0.509737 0.524940
 306.000000 0.493863 0.498628
 307.000000 0.491972 0.490496
 308.000000 0.551205 0.583481
 309.000000 0.581133 0.589493
 310.000000 0.609603 0.618641
 311.000000 0.583694 0.584379
 312.000000 0.597515 0.585515
 313.000000 0.580408 0.601081
 314.000000 0.558633 0.573395
 315.000000 0.603501 0.615891
 316.000000 0.555948 0.572643
 317.000000 0.529986 0.576031
 318.000000 0.518268 0.523294
 319.000000 0.561265 0.561709
 320.000000 0.541776 0.536525
 321.000000 0.562862 0.540709
 322.000000 0.601960 0.608858
 323.000000 0.577402 0.598593
 324.000000 0.602678 0.595522
 325.000000 0.666380 0.674557
 326.000000 0.652137 0.664411
 327.000000 0.654361 0.682036
 328.000000 0.638273 0.651498
 329.000000 0.644237 0.636614
 330.000000 0.540295 0.571340
 331.000000 0.623345 0.637755
 332.000000 0.643735 0.674592
 333.000000 0.665113 0.689923
 334.000000 0.655121 0.686151
 335.000000 0.611601 0.653648
 336.000000 0.640537 0.672959
 337.000000 0.635013 0.660849
 338.000000 0.588459 0.593021
 339.000000 0.580645 0.599874
 340.000000 0.542167 0.542392
 341.000000 0.519586 0.547366
 342.000000 0.478595 0.512937
 343.000000 0.528011 0.555366
 344.000000 0.512531 0.549978
 345.000000 0.528218 0.546095
 346.000000 0.468782 0.497604
 347.000000 0.489076 0.535690
 348.000000 0.476105 0.528226
 349.000000 0.452460 0.499717
 350.000000 0.493738 0.557243
 351.000000 0.454249 0.520134
 352.000000 0.465703 0.540651
 353.000000 0.460643 0.545073
 354.000000 0.468278 0.527317
 355.000000 0.476740 0.559368
 356.000000 0.470246 0.533439
 357.000000 0.449492 0.507977
 358.000000 0.480418 0.540874
 359.000000 0.433662 0.511305
 360.000000 0.437340 0.508734
 361.000000 0.463794 0.513004
 362.000000 0.463395 0.520456
 363.000000 0.470209 0.524179
 364.000000 0.456345 0.507709
 365.000000 0.455233 0.533939
 366.000000 0.503182 0.548720
 367.000000 0.411803 0.480474
 368.000000 0.452679 0.515558
 369.000000 0.425133 0.499611
 370.000000 0.402433 0.502194
 371.000000 0.430498 0.537756
 372.000000 0.419325 0.522303
 373.000000 0.391272 0.508539
 374.000000 0.374615 0.470662
 375.000000 0.384660 0.490646
 376.000000 0.381257 0.479257
 377.000000 0.434795 0.514407
 378.000000 0.382747 0.481875
 379.000000 0.396825 0.487599
 380.000000 0.372515 0.478432
 381.000000 0.395364 0.496945
 382.000000 0.426162 0.517043
 383.000000 0.357009 0.447543
 384.000000 0.426678 0.480383
 385.000000 0.450284 0.511917
 386.000000 0.449983 0.495588
 387.000000 0.437651 0.491049
 388.000000 0.429022 0.490824
 389.000000 0.460818 0.523934
 390.000000 0.505340 0.535889
 391.000000 0.427041 0.477124
 392.000000 0.454097 0.504630
 393.000000 0.503800 0.542015
 394.000000 0.582162 0.595477
 395.000000 0.551469 0.587727
 396.000000 0.538250 0.541035
 397.000000 0.585800 0.615838
 398.000000 0.589862 0.612796
 399.000000 0.523502 0.572126
 400.000000 0.592320 0.613589
 401.000000 0.537807 0.583975
 402.000000 0.557780 0.565136
 403.000000 0.527160 0.547300
 404.000000 0.520919 0.563275
 405.000000 0.556895 0.595292
 406.000000 0.577321 0.606927
 407.000000 0.549903 0.574090
 408.000000 0.556291 0.608293
 409.000000 0.608793 0.642198
 410.000000 0.608796 0.628871
 411.000000 0.573107 0.576205
 412.000000 0.549458 0.555958
 413.000000 0.557833 0.559570
 414.000000 0.510924 0.548724
 415.000000 0.585785 0.584685
 416.000000 0.562481 0.605294
 417.000000 0.486838 0.534009
 418.000000 0.475546 0.506963
 419.000000 0.542822 0.579478
 420.000000 0.491581 0.570455
 421.000000 0.512260 0.558778
 422.000000 0.460756 0.506976
 423.000000 0.489787 0.521798
 424.000000 0.437159 0.508319
 425.000000 0.501481 0.526292
 426.000000 0.491944 0.558606
 427.000000 0.586264 0.616113
 428.000000 0.585760 0.599483
 429.000000 0.582639 0.600989
 430.000000 0.571226 0.599121
 431.000000 0.551047 0.591065
 432.000000 0.569482 0.588209
 433.000000 0.532289 0.566780
 434.000000 0.478327 0.572115
 435.000000 0.511031 0.552518
 436.000000 0.483972 0.566155
 437.000000 0.525085 0.545510
 438.000000 0.593154 0.629564
 439.000000 0.552080 0.611738
 440.000000 0.611178 0.658921
 441.000000 0.607884 0.627266
 442.000000 0.631623 0.659581
 443.000000 0.606779 0.601758
 444.000000 0.623525 0.628179
 445.000000 0.662300 0.640350
 446.000000 0.588702 0.598894
 447.000000 0.579251 0.594390
 448.000000 0.579141 0.610321
