#! FIELDS time d1 d2
 0.000000 0.038053 0.149284
 1.000000 0.041838 0.140766
 2.000000 0.021667 0.145940
 3.000000 0.036388 0.150955
 4.000000 0.046120 0.143768
 5.000000 0.051502 0.167100
 6.000000 0.062239 0.172690
 7.000000 0.022436 0.152207
 8.000000 0.068803 0.175676
 9.000000 0.031764 0.133553
 10.000000 0.056078 0.163464
 11.000000 0.094105 0.212438
 12.000000 0.070247 0.199934
 13.000000 0.094890 0.216040
 14.000000 0.079225 0.188203
 15.000000 0.093331 0.203920
 16.000000 0.084733 0.223670
 17.000000 0.087303 0.211548
 18.000000 0.063614 0.192585
 19.000000 0.090835 0.200262
 20.000000 0.106561 0.205465
 21.000000 0.069509 0.201300
 22.000000 0.061516 0.157810
 23.000000 0.066789 0.184697
 24.000000 0.085780 0.199569
 25.000000 0.064334 0.178108
 26.000000 0.027103 0.130601
 27.000000 0.056564 0.179856
 28.000000 0.009233 0.105907
 29.000000 0.032232 0.167485
 30.000000 0.042082 0.163605
 31.000000 0.039552 0.143962
 32.000000 0.060379 0.164186
 33.000000 0.040956 0.144709
 34.000000 0.039037 0.163603
 35.000000 0.054476 0.153617
 36.000000 0.063252 0.156441
 37.000000 0.037348 0.156627
 38.000000 0.029607 0.167779
 39.000000 0.036786 0.132084
 40.000000 0.047209 0.160063
 41.000000 0.018365 0.137675
 42.000000 0.002887 0.127024
 43.000000 0.014473 0.127735
 44.000000 0.006756 0.104743
 45.000000 0.019918 0.134732
 46.000000 0.003716 0.102366
 47.000000 0.002718 0.100425
 48.000000 0.015437 0.118254
 49.000000 0.001564 0.112847
 50.000000 0.001118 0.113682
 51.000000 0.027698 0.126448
 52.000000 0.002223 0.092488
 53.000000 0.023068 0.107442
 54.000000 0.022192 0.107619
 55.000000 0.030717 0.132989
 56.000000 0.015263 0.115886
 57.000000 0.001536 0.097268
 58.000000 0.003671 0.095440
 59.000000 0.026222 0.143109
 60.000000 0.017964 0.113666
 61.000000 0.025881 0.121656
 62.000000 0.019232 0.106080
 63.000000 0.063915 0.149816
 64.000000 0.038784 0.133848
 65.000000 0.046602 0.119451
 66.000000 0.002115 0.115411
 67.000000 0.028971 0.127582
 68.000000 0.042917 0.157843
 69.000000 0.045795 0.149156
