#! FIELDS time d1 d2
 0.000000 0.038053 0.149284
 1.000000 0.025757 0.132111
 2.000000 0.045376 0.154739
 3.000000 0.046014 0.144953
 4.000000 0.011473 0.130731
 5.000000 0.006011 0.117357
 6.000000 0.070917 0.185686
 7.000000 0.052305 0.156969
 8.000000 0.031947 0.152336
 9.000000 0.057992 0.173143
 10.000000 0.007335 0.121388
 11.000000 0.036076 0.131177
 12.000000 0.053742 0.154900
 13.000000 0.048153 0.162582
 14.000000 0.045439 0.146989
 15.000000 0.038762 0.143783
 16.000000 0.016704 0.126296
 17.000000 0.038459 0.160167
 18.000000 0.053101 0.169109
 19.000000 0.045292 0.150316
 20.000000 0.021274 0.132611
 21.000000 0.030361 0.149172
 22.000000 0.097407 0.225569
 23.000000 0.072092 0.188444
 24.000000 0.071348 0.182627
 25.000000 0.072099 0.193777
 26.000000 0.074946 0.193174
 27.000000 0.092591 0.202053
 28.000000 0.066335 0.171406
 29.000000 0.081297 0.177961
 30.000000 0.066966 0.167563
 31.000000 0.079247 0.189576
 32.000000 0.075653 0.191646
 33.000000 0.065819 0.177432
 34.000000 0.075756 0.188480
 35.000000 0.063713 0.189327
 36.000000 0.066785 0.178241
 37.000000 0.070003 0.167218
 38.000000 0.078455 0.197007
 39.000000 0.066709 0.184159
 40.000000 0.079549 0.186179
 41.000000 0.066067 0.193635
 42.000000 0.088771 0.198403
 43.000000 0.069502 0.193058
 44.000000 0.075358 0.176636
 45.000000 0.090534 0.194438
 46.000000 0.023968 0.113603
 47.000000 0.026995 0.153344
 48.000000 0.022812 0.136218
 49.000000 0.048426 0.158150
 50.000000 0.063373 0.160987
 51.000000 0.044063 0.141209
 52.000000 0.033167 0.134125
 53.000000 0.057510 0.152035
 54.000000 0.034204 0.132208
 55.000000 0.029404 0.128021
 56.000000 0.048102 0.144289
 57.000000 0.038790 0.152607
 58.000000 0.047709 0.148807
 59.000000 0.038444 0.171260
 60.000000 0.039082 0.159314
 61.000000 0.019483 0.134668
 62.000000 0.011620 0.114080
 63.000000 0.046711 0.138234
 64.000000 0.045711 0.145002
 65.000000 0.050205 0.160096
 66.000000 0.037508 0.161442
 67.000000 0.057908 0.164615
 68.000000 0.037766 0.099617
 69.000000 0.019011 0.130686
