#! FIELDS d1 file.free der_d1
#! SET min_d1 -0.0236539
#! SET max_d1 1.45496
#! SET nbins_d1  599
#! SET periodic_d1 false
   -0.023653900  109.254799044   -0.000000000
   -0.021181302  109.245615119   -8.216400748
   -0.018708703  109.201682181  -32.031845876
   -0.016236105  109.061082130  -89.053431574
   -0.013763506  108.705793793 -211.896710563
   -0.011290908  107.925091544 -440.526041241
   -0.008818309  106.420726780 -799.799446888
   -0.006345711  103.858091436 -1292.549639215
   -0.003873112   99.967064552 -1859.432559281
   -0.001400514   94.690058728 -2392.015950371
    0.001072085   88.274693589 -2758.639436317
    0.003544683   81.260161807 -2867.937845532
    0.006017282   74.306534190 -2719.574374258
    0.008489880   67.956537282 -2399.174091628
    0.010962479   62.471535390 -2042.329456338
    0.013435077   57.789972066 -1758.854088589
    0.015907676   53.698889884 -1564.407763915
    0.018380274   50.008439427 -1423.171058931
    0.020852873   46.670208061 -1273.920882550
    0.023325471   43.735282309 -1095.049333726
    0.025798070   41.263366441 -907.519354401
    0.028270668   39.228966473 -740.922713782
    0.030743267   37.574176157 -600.886156873
    0.033215865   36.268145034 -453.555929838
    0.035688464   35.336704765 -297.204325927
    0.038161062   34.806101873 -134.261898105
    0.040633661   34.652574205    2.069276802
    0.043106259   34.764688289   77.321034860
    0.045578858   34.981730950   86.588615066
    0.048051456   35.134287275   27.325233153
    0.050524055   35.076526619  -79.191548540
    0.052996653   34.719584776 -211.410167807
    0.055469252   34.026457350 -345.165318955
    0.057941850   33.049147664 -437.756260137
    0.060414449   31.905580389 -477.884629815
    0.062887047   30.717825681 -474.857560958
    0.065359646   29.568155334 -454.974799708
    0.067832244   28.460030193 -439.943538234
    0.070304843   27.392724553 -425.030335702
    0.072777441   26.378825724 -390.846036585
    0.075250040   25.482663519 -331.494098935
    0.077722638   24.757303747 -254.395828136
    0.080195237   24.208678295 -193.007114962
    0.082667835   23.777406325 -162.645334264
    0.085140434   23.382883664 -160.041956531
    0.087613032   22.976943954 -170.581732329
    0.090085631   22.536941334 -186.719435117
    0.092558229   22.051696616 -204.572467947
    0.095030828   21.527339630 -218.891893783
    0.097503426   20.965536679 -231.435848666
    0.099976025   20.392275847 -230.416038094
    0.102448623   19.832793062 -223.607963744
    0.104921222   19.279157568 -223.960180887
    0.107393820   18.727413941 -223.495793619
    0.109866419   18.178473911 -215.981089742
    0.112339017   17.683574735 -178.634703987
    0.114811616   17.309119050 -120.752115877
    0.117284214   17.084859095  -61.473585819
    0.119756813   16.983824151  -27.215899601
    0.122229411   16.931743752  -20.101803097
    0.124702010   16.868565751  -33.444699840
    0.127174608   16.772009709  -46.176904906
    0.129647207   16.645149233  -55.956005028
    0.132119805   16.501345809  -59.976780951
    0.134592404   16.363163932  -50.692875281
    0.137065002   16.255868018  -35.925131813
    0.139537601   16.193450364  -15.892187201
    0.142010199   16.177083330    2.415824598
    0.144482798   16.201226713   14.634745731
    0.146955396   16.243131488   19.668263383
    0.149427995   16.297477026   26.025276411
    0.151900593   16.366841999   29.912955535
    0.154373192   16.452319244   39.529561058
    0.156845790   16.555623494   42.480455952
    0.159318389   16.652812338   37.799405605
    0.161790987   16.747443343   37.917447219
    0.164263586   16.838159445   38.477248528
    0.166736184   16.934293524   39.060127419
    0.169208783   17.028181720   35.017139845
    0.171681381   17.106135394   25.495288949
    0.174153980   17.154770818   14.174496417
    0.176626578   17.189529888   12.940402892
    0.179099177   17.224606005   12.641034539
    0.181571775   17.257666949   11.079794810
    0.184044374   17.272091483    0.966344774
    0.186516972   17.258278499  -13.896222941
    0.188989571   17.214866520  -19.442765775
    0.191462169   17.167121406  -16.646792172
    0.193934768   17.133761091  -11.686580259
    0.196407366   17.100164017  -19.466681818
    0.198879965   17.014643784  -54.961552486
    0.201352563   16.802509869 -117.810134620
    0.203825162   16.435551841 -177.031361706
    0.206297760   15.939788082 -218.268179663
    0.208770359   15.379053732 -228.502850443
    0.211242957   14.826522773 -216.399735037
    0.213715556   14.306604249 -206.225297640
    0.216188154   13.787601512 -219.176958181
    0.218660753   13.204172114 -256.920224712
    0.221133351   12.518157462 -297.050437281
    0.223605949   11.758607939 -310.470113938
    0.226078548   11.029308828 -275.795148593
    0.228551146   10.411223120 -222.044572752
    0.231023745    9.931339377 -173.102432193
    0.233496343    9.520338620 -163.558433024
    0.235968942    9.087812110 -189.718266960
    0.238441540    8.581674876 -218.325729263
    0.240914139    8.026204984 -224.648900010
    0.243386737    7.491680424 -201.472908184
    0.245859336    7.045342642 -162.265656315
    0.248331934    6.674469265 -141.908072786
    0.250804533    6.325031442 -144.985802175
    0.253277131    5.937511677 -167.070367427
    0.255749730    5.511576297 -174.385680590
    0.258222328    5.102105567 -150.233621289
    0.260694927    4.780444609 -109.028847920
    0.263167525    4.555041685  -76.178357568
    0.265640124    4.378604950  -72.561871258
    0.268112722    4.171136500  -96.650356055
    0.270585321    3.899841336 -121.946877455
    0.273057919    3.591291230 -122.953145721
    0.275530518    3.310970958 -102.935187113
    0.278003116    3.085895440  -78.281772265
    0.280475715    2.906581332  -71.415010137
    0.282948313    2.730837801  -71.752125417
    0.285420912    2.553973326  -68.717097827
    0.287893510    2.403490142  -53.170565692
    0.290366109    2.299490092  -34.047586516
    0.292838707    2.215837521  -36.641314120
    0.295311306    2.095092443  -64.167184448
    0.297783904    1.896143139  -93.451099053
    0.300256503    1.655342638  -96.623418957
    0.302729101    1.439817063  -71.370876296
    0.305201700    1.317501045  -30.367984873
    0.307674298    1.272278522   -9.741788085
    0.310146897    1.237261771  -22.371483687
    0.312619495    1.153782972  -44.056694760
    0.315092094    1.025333939  -55.226641480
    0.317564692    0.901928499  -41.658091413
    0.320037291    0.831109211  -16.878299008
    0.322509889    0.810811155   -4.660681331
    0.324982488    0.781497172  -21.789611348
    0.327455086    0.682725256  -56.419100268
    0.329927685    0.506425903  -81.454499081
    0.332400283    0.307496370  -76.004167048
    0.334872882    0.154672673  -44.967459448
    0.337345480    0.089031421   -9.985080808
    0.339818079    0.094270081   10.435290834
    0.342290677    0.122657128    9.405075709
    0.344763276    0.116013548  -15.306529882
    0.347235874    0.054494227  -28.650093125
    0.349708473    0.000000000  -12.857067092
    0.352181071    0.012717832   23.289948391
    0.354653670    0.111386665   51.554410029
    0.357126268    0.236311517   43.932403725
    0.359598867    0.315026894   18.131202431
    0.362071465    0.325193639   -4.450613679
    0.364544064    0.303167724   -7.608464047
    0.367016662    0.303838648   10.315939372
    0.369489261    0.362351203   35.892707144
    0.371961859    0.458399470   39.723446848
    0.374434458    0.537267798   23.727186208
    0.376907056    0.564628581    1.300619529
    0.379379655    0.557915308   -3.548451486
    0.381852253    0.562631511   11.175450320
    0.384324852    0.619662613   35.348417433
    0.386797450    0.737849520   60.782663779
    0.389270049    0.917043763   82.118209698
    0.391742647    1.136154858   92.552084112
    0.394215246    1.359572042   86.538609545
    0.396687844    1.556398974   72.883517043
    0.399160443    1.719607118   59.168372704
    0.401633041    1.849097206   47.526042348
    0.404105640    1.962585844   43.885044876
    0.406578238    2.061106038   36.390035173
    0.409050837    2.156117211   41.078252135
    0.411523435    2.265988104   51.822603683
    0.413996034    2.411021478   68.731849949
    0.416468632    2.605350820   85.363538243
    0.418941231    2.822231405   88.600996866
    0.421413829    3.025808562   77.057933080
    0.423886428    3.198250498   66.311172541
    0.426359026    3.361572773   69.099107150
    0.428831625    3.557472399   89.881381903
    0.431304223    3.803692871  104.774765892
    0.433776822    4.059263914  100.835232229
    0.436249420    4.284896414   81.388140446
    0.438722019    4.460741721   61.981596604
    0.441194617    4.604823580   58.653482647
    0.443667216    4.764013753   71.394597034
    0.446139814    4.960870224   86.505081066
    0.448612413    5.197743284  103.275519574
    0.451085011    5.459575320  107.915549764
    0.453557610    5.721925627  102.229247385
    0.456030208    5.954266467   86.542925189
    0.458502807    6.153165543   74.992840128
    0.460975405    6.322889561   65.262446241
    0.463448004    6.489939967   73.074708283
    0.465920602    6.691490360   87.543600931
    0.468393201    6.925230271  101.878727893
    0.470865799    7.186250042  107.410004727
    0.473338397    7.448650665  107.644721296
    0.475810996    7.714871554  106.447581636
    0.478283594    7.976946141  104.834676773
    0.480756193    8.221388054   89.708414510
    0.483228791    8.428285962   77.295284365
    0.485701390    8.602782600   65.808378268
    0.488173988    8.764474378   68.820760147
    0.490646587    8.946287623   79.721716249
    0.493119185    9.158769593   89.270557779
    0.495591784    9.382352211   87.660851687
    0.498064382    9.591577094   78.416990110
    0.500536981    9.767450306   63.445611087
    0.503009579    9.912068847   53.438407045
    0.505482178   10.045474118   56.674468534
    0.507954776   10.198148360   67.820624956
    0.510427375   10.365828256   66.856659816
    0.512899973   10.524392920   59.381896756
    0.515372572   10.646832720   38.975865965
    0.517845170   10.732736860   32.882607891
    0.520317769   10.825959821   45.995672327
    0.522790367   10.973141268   76.436992432
    0.525262966   11.194335810   97.670608457
    0.527735564   11.444269587  102.066732908
    0.530208163   11.674275098   83.001763392
    0.532680761   11.862352074   69.777861127
    0.535153360   12.033459513   69.957524261
    0.537625958   12.219615331   81.615919867
    0.540098557   12.414057902   73.109562981
    0.542571155   12.571800086   53.708743988
    0.545043754   12.686644173   39.156825062
    0.547516352   12.784586495   40.590968374
    0.549988951   12.907365635   57.845365365
    0.552461549   13.069968542   72.206071961
    0.554934148   13.262496472   81.441208020
    0.557406746   13.462758044   82.579159315
    0.559879345   13.669236151   87.141650139
    0.562351943   13.901785552  100.933487462
    0.564824542   14.164039008  110.048381706
    0.567297140   14.434265337  103.994187999
    0.569769739   14.667228456   86.076062651
    0.572242337   14.872200520   84.319205225
    0.574714936   15.099026214  102.283788017
    0.577187534   15.400075513  140.546299140
    0.579660133   15.779312002  161.690162512
    0.582132731   16.174910055  153.125676815
    0.584605330   16.516330498  116.963636527
    0.587077928   16.755085459   79.494313369
    0.589550527   16.921066090   62.243121233
    0.592023125   17.094089620   83.743114867
    0.594495724   17.352093047  124.695192106
    0.596968322   17.712199574  162.239016378
    0.599440921   18.134530880  175.173947236
    0.601913519   18.548929879  157.093291322
    0.604386118   18.898570242  123.701711860
    0.606858716   19.155668342   88.681360284
    0.609331315   19.352691584   74.226128124
    0.611803913   19.543912513   84.866762165
    0.614276512   19.786736699  112.603125440
    0.616749110   20.096797615  134.729054510
    0.619221709   20.429215502  131.333577075
    0.621694307   20.726412390  106.039006301
    0.624166906   20.954128067   78.932319198
    0.626639504   21.137016374   72.860236823
    0.629112103   21.338628463   91.620385143
    0.631584701   21.598781261  118.797184649
    0.634057300   21.918560124  135.932699827
    0.636529898   22.264933992  143.070162168
    0.639002497   22.612786507  137.035461313
    0.641475095   22.929315580  119.423645549
    0.643947694   23.201661322   99.852765027
    0.646420292   23.424509897   78.153763252
    0.648892891   23.593358561   60.366468848
    0.651365489   23.734778558   56.334781590
    0.653838088   23.890782019   71.556906523
    0.656310686   24.102654822  102.270106933
    0.658783285   24.391085924  127.688400296
    0.661255883   24.716328554  130.335145641
    0.663728482   25.016729904  110.433215935
    0.666201080   25.267804296   95.394135573
    0.668673679   25.501200797   97.301633319
    0.671146277   25.763473379  114.262209853
    0.673618876   26.055746543  120.258529288
    0.676091474   26.335089024  103.164632750
    0.678564073   26.551736918   69.387966882
    0.681036671   26.687758907   44.679596179
    0.683509270   26.796869334   50.484907868
    0.685981868   26.945518119   69.518699567
    0.688454467   27.138165380   83.210934942
    0.690927065   27.341306518   79.498258562
    0.693399664   27.522325014   68.047365891
    0.695872262   27.679214319   61.696331105
    0.698344861   27.837594432   65.489068310
    0.700817459   27.996985140   56.623848406
    0.703290058   28.105675782   26.917078364
    0.705762656   28.132505616   -4.656805212
    0.708235255   28.090663825  -23.259018825
    0.710707853   28.044305815  -13.672604933
    0.713180452   28.046702323   17.173074120
    0.715653050   28.129716856   45.366584135
    0.718125648   28.254972021   52.917356922
    0.720598247   28.373779367   39.292804640
    0.723070845   28.447582262   23.002573604
    0.725543444   28.499432808   18.685068252
    0.728016042   28.555048580   27.721003007
    0.730488641   28.636861090   38.293257397
    0.732961239   28.736785508   38.599704108
    0.735433838   28.805884232   10.332859699
    0.737906436   28.785047874  -28.918046665
    0.740379035   28.660745021  -70.556936006
    0.742851633   28.454526961  -90.365326470
    0.745324232   28.246311304  -69.363246791
    0.747796830   28.137058132  -14.919547127
    0.750269429   28.171122616   36.921803887
    0.752742027   28.297577157   59.022576226
    0.755214626   28.423181571   38.726031483
    0.757687224   28.476580665    6.429035177
    0.760159823   28.478403317   -1.969062121
    0.762632421   28.503222982   26.099274868
    0.765105020   28.621304340   65.893167703
    0.767577618   28.811880645   82.364614009
    0.770050217   28.995477814   62.136405409
    0.772522815   29.108836191   31.742968686
    0.774995414   29.169978678   19.988309738
    0.777468012   29.230221982   33.413165829
    0.779940611   29.337246146   52.742794932
    0.782413209   29.481962368   58.736649410
    0.784885808   29.621444972   49.462837318
    0.787358406   29.723752139   35.888084635
    0.789831005   29.806055082   33.789211179
    0.792303603   29.906133176   49.758249495
    0.794776202   30.063753081   75.500990259
    0.797248800   30.266791728   87.798252423
    0.799721399   30.471056582   72.215783564
    0.802193997   30.609678647   39.524084569
    0.804666596   30.664423362   11.078426113
    0.807139194   30.682258010    7.357009917
    0.809611793   30.722583262   27.029207616
    0.812084391   30.825013434   53.940190985
    0.814556990   30.967130374   57.650082268
    0.817029588   31.085125900   35.810351496
    0.819502187   31.144461508   16.148232971
    0.821974785   31.181668673   20.204619513
    0.824447384   31.259414225   43.590281352
    0.826919982   31.409812948   78.175859540
    0.829392581   31.627814962   94.616119797
    0.831865179   31.857863514   86.585086865
    0.834337778   32.047134219   63.283470331
    0.836810376   32.176395000   42.480465588
    0.839282975   32.265918022   31.521549253
    0.841755573   32.342045770   31.469779664
    0.844228172   32.430744124   38.996416450
    0.846700770   32.537518368   49.615698560
    0.849173369   32.671748069   57.764796148
    0.851645967   32.815252944   56.983493322
    0.854118566   32.940443145   40.837946311
    0.856591164   33.015338599   18.731424267
    0.859063763   33.045812189   10.139112628
    0.861536361   33.084398831   22.721887088
    0.864008960   33.172490101   51.874751900
    0.866481558   33.340060426   81.782333909
    0.868954157   33.551808020   83.424705251
    0.871426755   33.719358855   48.390010120
    0.873899354   33.762891598  -14.038072034
    0.876371952   33.670936503  -53.533187534
    0.878844551   33.528274281  -51.527490290
    0.881317149   33.456613058    0.952637607
    0.883789748   33.552272270   77.711962625
    0.886262346   33.829030234  138.141372265
    0.888734945   34.192869200  146.460442255
    0.891207543   34.510369582  104.575233710
    0.893680142   34.694239833   43.969447013
    0.896152740   34.754048872   13.601617042
    0.898625339   34.800454721   31.815385434
    0.901097937   34.930015704   74.756534201
    0.903570536   35.138543540   87.278264242
    0.906043134   35.325790424   55.063092232
    0.908515733   35.386863342   -7.494868713
    0.910988331   35.299598564  -55.604654328
    0.913460930   35.153784650  -53.920237610
    0.915933528   35.076755009   -3.353411048
    0.918406127   35.135242301   47.267003249
    0.920878725   35.287855026   71.407064813
    0.923351324   35.456312343   62.203944964
    0.925823922   35.591095161   49.098857256
    0.928296521   35.707027803   47.085479227
    0.930769119   35.819825990   46.731381668
    0.933241718   35.929568689   41.007493345
    0.935714316   36.009947557   21.360576184
    0.938186915   36.032395497   -1.115021198
    0.940659513   36.018096813   -7.670256916
    0.943132112   36.010851986    2.258293364
    0.945604710   36.040599757   20.497557947
    0.948077309   36.102348903   27.266806865
    0.950549907   36.160927079   18.470163776
    0.953022506   36.178707276   -1.765840511
    0.955495104   36.166977871   -4.004946020
    0.957967703   36.182540643   20.047973616
    0.960440301   36.279403447   61.380584779
    0.962912899   36.474182562   92.178805888
    0.965385498   36.703485998   85.872377383
    0.967858096   36.865162467   40.535517421
    0.970330695   36.889567493  -19.270819570
    0.972803293   36.792100274  -52.900115404
    0.975275892   36.653473018  -54.169557987
    0.977748490   36.542986298  -32.902509726
    0.980221089   36.489924924   -9.112100799
    0.982693687   36.489345181    3.790224881
    0.985166286   36.495005986   -2.011375343
    0.987638884   36.473232900  -15.626246504
    0.990111483   36.420556470  -27.480618538
    0.992584081   36.346159198  -32.784603392
    0.995056680   36.272979990  -22.711929122
    0.997529278   36.257262602   11.188328204
    1.000001877   36.332940481   51.268364807
    1.002474475   36.500977771   83.240967979
    1.004947074   36.719683121   86.302329717
    1.007419672   36.898560222   53.751349493
    1.009892271   36.972051638    5.367983408
    1.012364869   36.933108049  -35.917684030
    1.014837468   36.822865018  -47.092909642
    1.017310066   36.724313108  -30.805714494
    1.019782665   36.670386834  -12.183568595
    1.022255263   36.657048043   -0.983470879
    1.024727862   36.650376595   -6.055891548
    1.027200460   36.635603630   -4.420291716
    1.029673059   36.627763746    0.460294171
    1.032145657   36.633258745    2.733464732
    1.034618256   36.637255581   -0.046037970
    1.037090854   36.618281825  -15.728244604
    1.039563453   36.562840909  -30.535700168
    1.042036051   36.466347804  -43.767059696
    1.044508650   36.353483916  -45.251494450
    1.046981248   36.247165296  -40.882930327
    1.049453847   36.158212271  -29.374120627
    1.051926445   36.108011261   -8.906592088
    1.054399044   36.105193540    5.298197035
    1.056871642   36.138533478   20.227848611
    1.059344241   36.191980301   20.980444760
    1.061816839   36.232799002   12.312979050
    1.064289438   36.253770928    8.103830567
    1.066762036   36.275764678    9.265915053
    1.069234635   36.294889494    4.878365964
    1.071707233   36.282688440  -16.914517564
    1.074179832   36.201965238  -48.404784612
    1.076652430   36.056318234  -66.124726320
    1.079125029   35.904387764  -49.743718837
    1.081597627   35.837526490    0.502535894
    1.084070226   35.906294953   53.077143642
    1.086542824   36.068901990   73.377850791
    1.089015423   36.229566469   50.912737125
    1.091488021   36.303505954   12.454852850
    1.093960620   36.297502011  -13.549455972
    1.096433218   36.267485677   -6.039248255
    1.098905817   36.288802561   22.854953382
    1.101378415   36.379264286   45.902852581
    1.103851014   36.495174149   45.437315310
    1.106323612   36.591736028   31.101375249
    1.108796211   36.640238075   10.441894618
    1.111268809   36.644764758   -4.644293859
    1.113741408   36.610607946  -22.624327211
    1.116214006   36.536004398  -36.343712689
    1.118686605   36.433884702  -44.081390411
    1.121159203   36.334505633  -33.355107018
    1.123631802   36.273240736  -15.998112816
    1.126104400   36.252004695   -3.467676419
    1.128576999   36.242594115   -8.834442013
    1.131049597   36.213852862  -15.018055924
    1.133522196   36.170063731  -18.988102153
    1.135994794   36.142203805   -0.911497412
    1.138467393   36.162094057   18.624864598
    1.140939991   36.226407055   31.470413897
    1.143412590   36.294947101   22.728920272
    1.145885188   36.340609857   16.237440626
    1.148357787   36.383349265   22.299177820
    1.150830385   36.474638997   50.889540431
    1.153302984   36.628194151   70.311926836
    1.155775582   36.797302565   59.843585737
    1.158248181   36.889987029   12.372400367
    1.160720779   36.848008934  -45.317935817
    1.163193378   36.690356345  -77.752910695
    1.165665976   36.511806202  -61.223640939
    1.168138575   36.414346001  -17.499877333
    1.170611173   36.428259488   25.496942043
    1.173083772   36.520535264   46.566697640
    1.175556370   36.649603451   57.596734740
    1.178028969   36.787719696   55.100114347
    1.180501567   36.933782917   62.318588535
    1.182974166   37.098602036   69.970573012
    1.185446764   37.273464976   67.731697405
    1.187919363   37.416849878   47.461891809
    1.190391961   37.496602228   18.740880844
    1.192864560   37.505000089   -9.726976170
    1.195337158   37.459317106  -24.479838006
    1.197809757   37.385164974  -32.157470675
    1.200282355   37.303226544  -34.355068503
    1.202754954   37.219968558  -30.555531459
    1.205227552   37.150157092  -24.082435907
    1.207700151   37.109652679   -6.107274030
    1.210172749   37.129283799   23.473654857
    1.212645347   37.226356475   49.854865042
    1.215117946   37.361657362   50.897681828
    1.217590544   37.460238252   23.978460096
    1.220063143   37.468875143  -15.743408927
    1.222535741   37.398170474  -33.368208552
    1.225008340   37.332747684  -12.853869382
    1.227480938   37.347425291   26.511862097
    1.229953537   37.462242549   62.552834592
    1.232426135   37.626117452   63.331546372
    1.234898734   37.749262938   31.498774019
    1.237371332   37.767303573  -14.332005123
    1.239843931   37.678314070  -53.949762574
    1.242316529   37.512112145  -75.580813130
    1.244789128   37.327524729  -69.210169968
    1.247261726   37.184638384  -43.139903822
    1.249734325   37.119578156   -9.401914969
    1.252206923   37.129494811   15.196720452
    1.254679522   37.176433392   21.062812027
    1.257152120   37.229145113   20.821388210
    1.259624719   37.283576830   23.854915925
    1.262097317   37.351415078   28.956761819
    1.264569916   37.434464248   36.399128981
    1.267042514   37.518975962   33.008669954
    1.269515113   37.590875050   24.376394257
    1.271987711   37.631879114   10.381175931
    1.274460310   37.649023345    4.165392827
    1.276932908   37.651724311   -0.463556275
    1.279405507   37.647827492   -4.800076683
    1.281878105   37.628886099   -9.363129139
    1.284350704   37.610144634   -6.682034155
    1.286823302   37.601654201    2.113633242
    1.289295901   37.627070172   17.559785319
    1.291768499   37.682837867   27.562315218
    1.294241098   37.761562393   31.922874360
    1.296713696   37.832651953   25.588665246
    1.299186295   37.881951069   16.754471709
    1.301658893   37.909230496    9.329811317
    1.304131492   37.937176052   15.813898985
    1.306604090   38.013212322   49.116432447
    1.309076689   38.195874847  100.416886220
    1.311549287   38.513103905  153.069378980
    1.314021886   38.941317931  186.638383604
    1.316494484   39.408658865  188.086758545
    1.318967083   39.853619885  170.702471223
    1.321439681   40.259117611  158.680804170
    1.323912280   40.669759604  175.162213845
    1.326384878   41.135636412  203.230573589
    1.328857477   41.668712734  226.151008692
    1.331330075   42.253875605  247.574059320
    1.333802674   42.897425115  276.103171860
    1.336275272   43.635111977  321.282981428
    1.338747871   44.496892606  371.381017248
    1.341220469   45.446265775  391.420470532
    1.343693068   46.402764524  373.738629591
    1.346165666   47.287946071  342.739075348
    1.348638265   48.113537974  330.970152665
    1.351110863   48.960177107  362.372731538
    1.353583462   49.934815646  426.099326182
    1.356056060   51.075515217  493.449969694
    1.358528659   52.351233439  532.579393141
    1.361001257   53.688295935  543.165691801
    1.363473856   55.027392606  539.548764101
    1.365946454   56.369107054  546.162885917
    1.368419053   57.739751929  561.828731621
    1.370891651   59.146722255  573.085949608
    1.373364250   60.565157425  569.572346659
    1.375836848   61.948437585  549.074736397
    1.378309447   63.284132438  534.636991597
    1.380782045   64.614938892  549.487165541
    1.383254644   66.021944540  595.391051006
    1.385727242   67.562890533  651.881462562
    1.388199841   69.241632084  701.649221376
    1.390672439   71.003150799  717.254460874
    1.393145038   72.774708715  712.863388932
    1.395617636   74.538688707  717.690722387
    1.398090235   76.356175112  757.980552176
    1.400562833   78.324549143  837.513584290
    1.403035432   80.501129342  916.615874663
    1.405508030   82.831494635  958.181717154
    1.407980629   85.186390370  936.561725638
    1.410453227   87.431468228  876.997588725
    1.412925826   89.541123512  837.826209303
    1.415398424   91.623659122  857.785636806
    1.417871023   93.824797908  926.065061767
    1.420343621   96.206968156  994.920393169
    1.422816220   98.698936684 1006.188258824
    1.425288818  101.117270364  938.640047311
    1.427761417  103.282056151  804.664372345
    1.430234015  105.076979282  646.061647330
    1.432706614  106.475196822  488.742484657
    1.435179212  107.503656962  349.259826034
    1.437651811  108.223800704  237.222612692
    1.440124409  108.694100430  146.767955972
    1.442597008  108.975100701   83.565801408
    1.445069606  109.127914978   43.803126899
    1.447542205  109.205152534   20.166354001
    1.450014803  109.237891887    7.637874050
    1.452487402  109.250254695    2.971965758
    1.454960000  109.254796450    1.008191122
