#! FIELDS Ox_rho file.free der_Ox_rho
#! SET min_Ox_rho -0.0245258
#! SET max_Ox_rho 4.10005
#! SET nbins_Ox_rho  1668
#! SET periodic_Ox_rho false
   -0.024525800  263.053877130   -0.058901811
   -0.022051549  262.934067327 -141.539551570
   -0.019577299  262.182751873 -513.481374916
   -0.017103048  260.040370879 -1315.073124788
   -0.014628797  255.020985873 -2899.087252693
   -0.012154547  244.804542407 -5554.680658641
   -0.009680296  226.665127686 -9243.429218809
   -0.007206046  198.753086718 -13281.355883879
   -0.004731795  161.731801862 -16354.675777945
   -0.002257544  119.811398209 -17048.987710622
    0.000216706   79.856085280 -14775.302598273
    0.002690957   48.556402685 -10294.034283760
    0.005165208   29.240175946 -5420.813115438
    0.007639458   20.578346906 -1901.193550552
    0.010113709   18.129817767 -399.639904864
    0.012587959   17.347890751 -398.168727709
    0.015062210   15.777241803 -875.817557015
    0.017536461   13.233162206 -1116.824205832
    0.020010711   10.557979720 -997.897027046
    0.022484962    8.401351603 -743.019110712
    0.024959213    6.794742136 -573.826261055
    0.027433463    5.399268953 -574.268461526
    0.029907714    4.001858401 -547.811666188
    0.032381964    2.730472590 -467.817014745
    0.034856215    1.700672722 -358.043742845
    0.037330466    0.976593426 -233.815595281
    0.039804716    0.533673094 -126.547168695
    0.042278967    0.314391314  -56.430748717
    0.044753218    0.204096239  -36.557113152
    0.047227468    0.118625014  -37.380453484
    0.049701719    0.028769378  -32.468544008
    0.052175970    0.000000000   10.441870080
    0.054650220    0.107452301   78.213300198
    0.057124471    0.385135769  147.236352191
    0.059598721    0.835857474  217.720959699
    0.062072972    1.466357992  295.026937696
    0.064547223    2.311525315  395.028488608
    0.067021473    3.456770001  535.301327876
    0.069495724    4.985297611  702.881949714
    0.071969975    6.941342472  878.024660177
    0.074444225    9.281408077 1008.776122267
    0.076918476   11.854365023 1054.966905011
    0.079392726   14.398544160  979.720139479
    0.081866977   16.616086227  799.233384302
    0.084341228   18.277682316  537.593915953
    0.086815478   19.296552025  294.807509203
    0.089289729   19.807826240  137.965483184
    0.091763980   20.060649265   79.805089077
    0.094238230   20.249159647   81.825060724
    0.096712481   20.470221230   95.608381441
    0.099186731   20.720507125  104.394903010
    0.101660982   21.006991692  128.819454384
    0.104135233   21.383035597  181.546925165
    0.106609483   21.934980726  269.609234543
    0.109083734   22.727983938  369.386030488
    0.111557985   23.765481693  460.856960879
    0.114032235   24.982472613  521.511140828
    0.116506486   26.345353533  580.778964792
    0.118980737   27.849207273  632.914862711
    0.121454987   29.483416554  683.350781927
    0.123929238   31.175854864  674.117715840
    0.126403488   32.762672429  599.949520470
    0.128877739   34.098235439  472.116665515
    0.131351990   35.099624167  341.462886183
    0.133826240   35.811020062  239.290224280
    0.136300491   36.316240612  177.741125400
    0.138774742   36.707957463  139.453224615
    0.141248992   36.997707932   93.672053178
    0.143723243   37.179183607   55.305998202
    0.146197493   37.272178993   26.911052040
    0.148671744   37.334604879   24.850509419
    0.151145995   37.390864297   19.170467385
    0.153620245   37.402246362  -11.417145983
    0.156094496   37.326642253  -48.439991533
    0.158568747   37.159760085  -82.488514804
    0.161042997   36.953621652  -85.889335075
    0.163517248   36.764494401  -65.147698442
    0.165991499   36.640060480  -36.446167317
    0.168465749   36.562821019  -25.841771921
    0.170940000   36.522005816   -5.685346089
    0.173414250   36.518890275    5.342693737
    0.175888501   36.559171221   26.335681922
    0.178362752   36.648759326   42.871920939
    0.180837002   36.771240480   57.861282724
    0.183311253   36.925712812   63.315541347
    0.185785504   37.097147749   78.626389290
    0.188259754   37.316883888   98.618022680
    0.190734005   37.593610597  124.070256160
    0.193208255   37.926214951  143.180387198
    0.195682506   38.294831996  152.816326231
    0.198156757   38.677989894  153.329145618
    0.200631007   39.047609766  147.731586105
    0.203105258   39.406511918  151.113383679
    0.205579509   39.805090211  177.630620752
    0.208053759   40.294231623  219.017919161
    0.210528010   40.879971561  249.783045734
    0.213002260   41.515950241  256.966196636
    0.215476511   42.136524271  244.077653032
    0.217950762   42.724834667  236.974893837
    0.220425012   43.325367809  256.444029939
    0.222899263   44.004085987  297.556510640
    0.225373514   44.792898313  335.700638616
    0.227847764   45.617760187  327.121814074
    0.230322015   46.375694521  282.297111659
    0.232796266   47.000471836  221.802269769
    0.235270516   47.502641718  188.210834609
    0.237744767   47.955358336  179.404549250
    0.240219017   48.397186783  175.244690522
    0.242693268   48.822386669  168.890366634
    0.245167519   49.237188505  164.516344817
    0.247641769   49.646352118  165.870526241
    0.250116020   50.051345386  160.212394503
    0.252590271   50.428390172  148.026005721
    0.255064521   50.766497893  129.964350405
    0.257538772   51.084908077  127.537902059
    0.260013022   51.412103433  141.898910563
    0.262487273   51.804400324  178.117609970
    0.264961524   52.281899265  201.839055082
    0.267435774   52.785371948  202.369487938
    0.269910025   53.272439588  191.599155191
    0.272384276   53.729344023  180.584562328
    0.274858526   54.164157303  169.861070857
    0.277332777   54.554216619  147.123278391
    0.279807027   54.868617324  103.814925102
    0.282281278   55.063726332   55.848397880
    0.284755529   55.182812570   45.391654259
    0.287229779   55.322858257   72.185222879
    0.289704030   55.552047831  111.475322009
    0.292178281   55.879773406  150.318192232
    0.294652531   56.251508182  146.371702032
    0.297126782   56.602339966  134.842649277
    0.299601033   56.928842095  134.544257142
    0.302075283   57.290418532  162.495025070
    0.304549534   57.727279187  188.028553486
    0.307023784   58.224905259  207.225264236
    0.309498035   58.735798041  205.608815673
    0.311972286   59.211419795  181.703646049
    0.314446536   59.630943464  160.664111659
    0.316920787   60.044306421  176.113104926
    0.319395038   60.537439536  226.308644333
    0.321869288   61.183459664  297.405869955
    0.324343539   62.007446890  364.687812530
    0.326817789   62.945279974  385.120181514
    0.329292040   63.866188642  348.311322193
    0.331766291   64.652345212  286.181768826
    0.334240541   65.301673643  244.754911652
    0.336714792   65.901742798  250.592353621
    0.339189043   66.563330352  286.263881572
    0.341663293   67.305127022  307.675482000
    0.344137544   68.031642496  272.182805644
    0.346611794   68.638188645  220.753294203
    0.349086045   69.133340467  189.273464399
    0.351560296   69.608289879  197.491398437
    0.354034546   70.109676140  202.266435334
    0.356508797   70.601087985  190.931507259
    0.358983048   71.032713137  155.514751304
    0.361457298   71.371077131  124.396446385
    0.363931549   71.678759633  131.050360295
    0.366405800   72.029291656  146.245671048
    0.368880050   72.391535702  139.513205819
    0.371354301   72.694842328   97.547869991
    0.373828551   72.877694054   55.493129722
    0.376302802   72.994632292   47.997469314
    0.378777053   73.154281493   83.139202984
    0.381251303   73.410875972  122.944234445
    0.383725554   73.733017057  132.340338400
    0.386199805   74.049269811  120.105986502
    0.388674055   74.315757110   99.267026753
    0.391148306   74.554655813   97.770973058
    0.393622556   74.807835512  107.054081537
    0.396096807   75.081582414  114.744254840
    0.398571058   75.359807953  110.972050935
    0.401045308   75.613427021   94.871361532
    0.403519559   75.836603566   87.858565127
    0.405993810   76.057884354   96.916892948
    0.408468060   76.320598315  116.399100664
    0.410942311   76.658141918  153.876604706
    0.413416561   77.098991491  201.029158044
    0.415890812   77.623033881  213.733663414
    0.418365063   78.134320281  196.766565023
    0.420839313   78.586625655  164.448384949
    0.423313564   78.965342877  144.352100722
    0.425787815   79.316974010  145.313822749
    0.428262065   79.692949030  156.508607452
    0.430736316   80.096305610  172.685154647
    0.433210567   80.545537905  189.099493266
    0.435684817   81.042608683  214.246348672
    0.438159068   81.605378481  242.985939579
    0.440633318   82.252231952  278.764717171
    0.443107569   82.974238951  300.299799528
    0.445581820   83.704422130  289.918404434
    0.448056070   84.399332383  266.062823045
    0.450530321   85.022346615  239.748700625
    0.453004572   85.596669410  228.142221349
    0.455478822   86.153869723  226.953506310
    0.457953073   86.738186202  247.113910791
    0.460427323   87.385682413  275.652029517
    0.462901574   88.122540061  313.749802252
    0.465375825   88.912404341  322.267002541
    0.467850075   89.702436581  312.972048879
    0.470324326   90.453348967  292.653920061
    0.472798577   91.149746898  271.710176068
    0.475272827   91.798711894  253.170064229
    0.477747078   92.391447842  223.508566744
    0.480221328   92.921723345  206.953622446
    0.482695579   93.430993913  210.114592344
    0.485169830   94.000740885  256.215419655
    0.487644080   94.700070785  309.025643284
    0.490118331   95.519429099  349.067905844
    0.492592582   96.410220269  362.596607696
    0.495066832   97.291631923  350.547085129
    0.497541083   98.128896305  321.369416457
    0.500015334   98.894623054  296.204022735
    0.502489584   99.594781729  274.374680612
    0.504963835  100.255749763  262.486922024
    0.507438085  100.908623870  265.310816615
    0.509912336  101.568809611  270.005551192
    0.512386587  102.250205389  274.222559406
    0.514860837  102.905413957  247.728627449
    0.517335088  103.457095596  196.214243620
    0.519809339  103.880669439  146.460664300
    0.522283589  104.177743753   98.809357590
    0.524757840  104.374313666   61.273420739
    0.527232090  104.460713997    6.338774010
    0.529706341  104.403615062  -51.402296753
    0.532180592  104.223458078  -86.898292494
    0.534654842  104.024331126  -71.801912072
    0.537129093  103.882470376  -42.138368943
    0.539603344  103.807031256  -22.718187895
    0.542077594  103.736331529  -40.829996071
    0.544551845  103.605626542  -62.966388106
    0.547026096  103.454712507  -53.755266658
    0.549500346  103.390735405    5.826911967
    0.551974597  103.492970318   69.357419961
    0.554448847  103.698223811   82.417605533
    0.556923098  103.848591310   31.899693703
    0.559397349  103.840406136  -34.054922354
    0.561871599  103.711246364  -59.981316514
    0.564345850  103.592204057  -25.643706675
    0.566820101  103.611345890   41.262787063
    0.569294351  103.772982516   84.040039117
    0.571768602  103.998929125   98.419982145
    0.574242852  104.255123800  110.232389673
    0.576717103  104.537997594  118.859182450
    0.579191354  104.814279001  103.180235563
    0.581665604  104.998838004   41.745054073
    0.584139855  105.011824618  -31.444923040
    0.586614106  104.875588970  -72.070967448
    0.589088356  104.716406683  -46.921827697
    0.591562607  104.668084727   10.574324852
    0.594036857  104.729123134   30.251010203
    0.596511108  104.769328586  -13.712829431
    0.598985359  104.633295943  -98.600345773
    0.601459609  104.304582814 -160.568523205
    0.603933860  103.903288506 -153.773733890
    0.606408111  103.599411727  -89.551631890
    0.608882361  103.453757746  -32.397321175
    0.611356612  103.405474612  -13.374490037
    0.613830863  103.374340297  -11.950324838
    0.616305113  103.344995701   -8.456107446
    0.618779364  103.352408793   17.130847323
    0.621253614  103.432203591   47.553842080
    0.623727865  103.563388298   54.382445822
    0.626202116  103.666804132   27.087457802
    0.628676366  103.676240614  -18.679260094
    0.631150617  103.568916685  -63.653268447
    0.633624868  103.373426663  -95.840989889
    0.636099118  103.112610638 -113.108678788
    0.638573369  102.821526529 -114.732213914
    0.641047619  102.574366789  -79.720992692
    0.643521870  102.432033643  -34.963592594
    0.645996121  102.398755833    3.114793667
    0.648470371  102.441022445   26.133289285
    0.650944622  102.518260458   34.173374120
    0.653418873  102.603533554   37.583409962
    0.655893123  102.708593408   42.870280362
    0.658367374  102.822897079   49.796856975
    0.660841624  102.953306875   50.776909725
    0.663315875  103.066049374   38.878327533
    0.665790126  103.145911893   25.864773431
    0.668264376  103.202419059   19.715205741
    0.670738627  103.258046859   27.990100225
    0.673212878  103.323316164   25.005554183
    0.675687128  103.362569237   11.416866886
    0.678161379  103.361360955  -12.252240282
    0.680635630  103.293985911  -37.711178626
    0.683109880  103.190282105  -42.923833750
    0.685584131  103.105962400  -21.608135946
    0.688058381  103.081305207    6.318204354
    0.690532632  103.134219724   30.917530907
    0.693006883  103.222175108   34.991900585
    0.695481133  103.291205572   23.422884308
    0.697955384  103.341402335   19.502809713
    0.700429635  103.404130687   34.585789945
    0.702903885  103.513140615   49.677004215
    0.705378136  103.635452405   45.619754232
    0.707852386  103.717969233   16.465359302
    0.710326637  103.707998217  -21.291243098
    0.712800888  103.633714697  -28.405147498
    0.715275138  103.595957453    5.393379828
    0.717749389  103.669116450   50.252876655
    0.720223640  103.828469809   67.805747216
    0.722697890  103.961325832   36.490788505
    0.725172141  103.995574924   -4.532933438
    0.727646391  103.956998392  -19.740830007
    0.730120642  103.909416898  -12.940552908
    0.732594893  103.900290241    6.192394601
    0.735069143  103.914622757    2.550530816
    0.737543394  103.914169344   -0.013866780
    0.740017645  103.936308034   19.660790248
    0.742491895  104.044462380   71.598961567
    0.744966146  104.297097524  130.651142487
    0.747440397  104.669933040  165.950923068
    0.749914647  105.077494143  155.687545540
    0.752388898  105.402202257  103.788797852
    0.754863148  105.597549540   54.808032250
    0.757337399  105.693762182   25.267789766
    0.759811650  105.752041766   29.953358591
    0.762285900  105.848112684   47.265054069
    0.764760151  105.977551902   55.512123780
    0.767234402  106.112169530   49.698477993
    0.769708652  106.215411065   30.045766032
    0.772182903  106.261433850   12.456537581
    0.774657153  106.285193458   11.114135334
    0.777131404  106.326783925   26.000872857
    0.779605655  106.399164795   32.421245540
    0.782079905  106.472437633   27.772346428
    0.784554156  106.544334261   30.721475535
    0.787028407  106.667283815   74.786778829
    0.789502657  106.914442203  125.872144183
    0.791976908  107.273356527  155.185216986
    0.794451158  107.639468704  130.068388094
    0.796925409  107.891597071   75.732734361
    0.799399660  108.029302765   48.883911864
    0.801873910  108.185101418   84.684953533
    0.804348161  108.472630157  146.776252435
    0.806822412  108.870517981  164.278493510
    0.809296662  109.226875836  109.549835792
    0.811770913  109.393511705   25.415317277
    0.814245164  109.395652630  -11.865577129
    0.816719414  109.397970876   22.759897091
    0.819193665  109.536889385   88.405621864
    0.821667915  109.814890205  127.083389392
    0.824142166  110.120001775  113.598168483
    0.826616417  110.343204877   67.839476771
    0.829090667  110.460420828   34.623645598
    0.831564918  110.546160786   44.931640012
    0.834039169  110.698521867   77.596508953
    0.836513419  110.921591946   98.234893109
    0.838987670  111.151080372   83.920652757
    0.841461920  111.312475550   44.760448338
    0.843936171  111.381560139   18.472228464
    0.846410422  111.413252845   13.731692909
    0.848884672  111.463673979   33.372689622
    0.851358923  111.568118003   53.156128804
    0.853833174  111.714340345   62.336109993
    0.856307424  111.856477465   54.837269731
    0.858781675  111.996041127   58.369913631
    0.861255925  112.176827721   92.651724473
    0.863730176  112.463873978  138.901871714
    0.866204427  112.838644770  154.512025381
    0.868678677  113.193447954  121.477646344
    0.871152928  113.410980883   47.704889522
    0.873627179  113.450909470   -8.553331984
    0.876101429  113.405882128  -13.466197828
    0.878575680  113.401740237   20.298239900
    0.881049931  113.525249362   76.375010817
    0.883524181  113.749516337   97.891517875
    0.885998432  113.985180265   86.502198393
    0.888472682  114.155897125   46.263873343
    0.890946933  114.199331558   -5.638236959
    0.893421184  114.174145393   -8.087386925
    0.895895434  114.165307243    6.321938255
    0.898369685  114.213681881   34.118615919
    0.900843936  114.318674046   48.902636306
    0.903318186  114.436641547   40.158919461
    0.905792437  114.510218604   20.730441477
    0.908266687  114.545464429    8.113574734
    0.910740938  114.561231174    8.461684542
    0.913215189  114.599908988   25.940436574
    0.915689439  114.688265896   45.342254027
    0.918163690  114.829706098   63.730671742
    0.920637941  114.991348107   59.473696539
    0.923112191  115.117507690   39.303297722
    0.925586442  115.193440630   21.754228002
    0.928060693  115.214914932    4.333637377
    0.930534943  115.239917158   17.375718180
    0.933009194  115.320738945   51.427476906
    0.935483444  115.483406604   77.566366120
    0.937957695  115.672222508   67.832691147
    0.940431946  115.804916574   41.071309861
    0.942906196  115.890729263   31.223947864
    0.945380447  115.973130578   43.827631065
    0.947854698  116.121182193   76.003732956
    0.950328948  116.333019585   90.809329835
    0.952803199  116.543358393   72.376158386
    0.955277449  116.682430498   39.662912431
    0.957751700  116.743840339   18.460885626
    0.960225951  116.800668100   31.778632349
    0.962700201  116.923007622   73.641752293
    0.965174452  117.163888753  121.723315796
    0.967648703  117.504848543  147.810297896
    0.970122953  117.870184565  139.236497031
    0.972597204  118.185625846  112.662066183
    0.975071454  118.431173930   86.303286430
    0.977545705  118.647761066   95.444353865
    0.980019956  118.946314897  150.951967498
    0.982494206  119.407670834  218.337336407
    0.984968457  119.993101517  246.089682282
    0.987442708  120.557353162  199.902377427
    0.989916958  120.935397941  103.948175135
    0.992391209  121.096968321   36.576582315
    0.994865460  121.167415680   34.527484778
    0.997339710  121.313477345   86.635112236
    0.999813961  121.580894613  121.442236466
    1.002288211  121.872126667  104.110188653
    1.004762462  122.066540310   52.445654153
    1.007236713  122.156156114   30.026213218
    1.009710963  122.244772051   52.068863416
    1.012185214  122.437758032  107.674589585
    1.014659465  122.753544630  139.993174928
    1.017133715  123.081273264  118.178365831
    1.019607966  123.328003397   78.430861330
    1.022082216  123.489430140   57.460533026
    1.024556467  123.636581286   70.367724307
    1.027030718  123.854526022  109.195102626
    1.029504968  124.173769141  148.636447828
    1.031979219  124.551146864  155.954544339
    1.034453470  124.925564105  142.054050473
    1.036927720  125.229629373  104.517462548
    1.039401971  125.432200521   58.245803346
    1.041876221  125.520153169   12.718699176
    1.044350472  125.495806224  -26.683500064
    1.046824723  125.403091983  -43.379887893
    1.049298973  125.307608289  -29.934883410
    1.051773224  125.280520206    9.215776566
    1.054247475  125.337881567   32.274627521
    1.056721725  125.429460781   37.388275337
    1.059195976  125.506574054   26.397120349
    1.061670227  125.566174553   29.258927760
    1.064144477  125.649095957   44.516440025
    1.066618728  125.780793172   62.126939215
    1.069092978  125.944069284   64.617473507
    1.071567229  126.073069533   33.025041800
    1.074041480  126.094364857  -11.589230051
    1.076515730  126.039379597  -26.127713500
    1.078989981  125.979318095  -17.434619049
    1.081464232  125.965986494   10.189700881
    1.083938482  126.002118334   16.564556843
    1.086412733  126.032272362    7.667801958
    1.088886983  126.032787890   -8.978415416
    1.091361234  125.977267338  -33.619218176
    1.093835485  125.864712560  -54.266420776
    1.096309735  125.724907826  -55.269915293
    1.098783986  125.615684339  -30.228882432
    1.101258237  125.596779499   18.964193672
    1.103732487  125.706684474   68.353089942
    1.106206738  125.932136075  113.504211959
    1.108680988  126.230739000  121.266091206
    1.111155239  126.498016690   89.631409596
    1.113629490  126.630592609   21.005440729
    1.116103740  126.592341377  -46.840519701
    1.118577991  126.434806823  -74.730676889
    1.121052242  126.261980902  -59.066826843
    1.123526492  126.173622347  -10.348115048
    1.126000743  126.205057668   26.990081761
    1.128474994  126.276854075   21.421229590
    1.130949244  126.288114500  -18.519554008
    1.133423495  126.186115394  -56.124281899
    1.135897745  126.057239617  -38.217819600
    1.138371996  126.024378772   13.726870618
    1.140846247  126.123185814   63.682707555
    1.143320497  126.274577862   49.820758170
    1.145794748  126.337583906   -3.674490524
    1.148268999  126.269875006  -45.568366549
    1.150743249  126.159225044  -33.064618174
    1.153217500  126.116754800    4.840863518
    1.155691750  126.163817466   32.038326711
    1.158166001  126.219322543    6.435692106
    1.160640252  126.172134655  -45.099119116
    1.163114502  126.017234215  -67.998941978
    1.165588753  125.880595816  -34.348765808
    1.168063004  125.858577671   15.487304160
    1.170537254  125.950684148   48.724470469
    1.173011505  126.064908236   37.804171296
    1.175485755  126.131244042   15.245824961
    1.177960006  126.167286826   17.890300921
    1.180434257  126.251619855   53.223363107
    1.182908507  126.421532131   82.533325553
    1.185382758  126.626744295   80.948550128
    1.187857009  126.781368318   43.548458203
    1.190331259  126.857008906   21.192124404
    1.192805510  126.892954722   14.210445678
    1.195279761  126.955252761   34.794314784
    1.197754011  127.063311017   45.189898217
    1.200228262  127.151950894   20.467044334
    1.202702512  127.150863760  -17.128827336
    1.205176763  127.075772439  -38.466764986
    1.207651014  126.982419284  -29.360292886
    1.210125264  126.939899949   -4.855790448
    1.212599515  126.945147351    5.394958914
    1.215073766  126.942645468  -12.519142685
    1.217548016  126.876778544  -36.758896320
    1.220022267  126.793675557  -28.394809415
    1.222496517  126.766273180   10.906408801
    1.224970768  126.841458898   47.379598416
    1.227445019  126.986280338   66.809604568
    1.229919269  127.140096470   54.126562701
    1.232393520  127.230748948   19.566832258
    1.234867771  127.252992654   -0.219737811
    1.237342021  127.224853126  -15.534308060
    1.239816272  127.183264976  -13.595041770
    1.242290522  127.167656720    2.598643524
    1.244764773  127.205892540   27.238072231
    1.247239024  127.292596534   38.336293402
    1.249713274  127.369453014   15.689823729
    1.252187525  127.367556556  -19.875579640
    1.254661776  127.267862702  -59.733123709
    1.257136026  127.081117457  -79.974094307
    1.259610277  126.882782681  -76.251546618
    1.262084528  126.729226092  -45.589963385
    1.264558778  126.656960339   -9.264442749
    1.267033029  126.682364681   29.758952846
    1.269507279  126.803971035   62.647093760
    1.271981530  126.976784969   74.081541344
    1.274455781  127.161953568   74.780995867
    1.276930031  127.342610678   68.716509308
    1.279404282  127.506336587   65.219297795
    1.281878533  127.659400794   57.546590861
    1.284352783  127.806113662   59.933992236
    1.286827034  127.959107986   65.599732778
    1.289301284  128.113721571   60.722524782
    1.291775535  128.230270511   28.814840224
    1.294249786  128.238459047  -21.548893235
    1.296724036  128.110252866  -75.887186137
    1.299198287  127.885321276  -98.142815515
    1.301672538  127.690545273  -52.037038483
    1.304146788  127.649578975   15.088530640
    1.306621039  127.739848213   56.527769509
    1.309095290  127.877622457   48.051118418
    1.311569540  127.961874319   15.495823245
    1.314043791  127.974257703   -1.026008625
    1.316518041  127.979503208    7.587586844
    1.318992292  128.023427507   24.288395435
    1.321466543  128.085977905   20.582769850
    1.323940793  128.113491204   -6.570684297
    1.326415044  128.051861017  -44.082611746
    1.328889295  127.918962280  -56.962420560
    1.331363545  127.779824188  -53.592254970
    1.333837796  127.657981083  -46.849390866
    1.336312046  127.532646948  -56.657693794
    1.338786297  127.383726190  -58.464143706
    1.341260548  127.263536540  -28.704711946
    1.343734798  127.281087581   51.952334486
    1.346209049  127.519523554  138.307928951
    1.348683300  127.912859276  169.739160554
    1.351157550  128.285569545  115.995668203
    1.353631801  128.427323323   -8.318825942
    1.356106051  128.250599782 -125.976559242
    1.358580302  127.874350981 -160.434447232
    1.361054553  127.524709200 -109.324507380
    1.363528803  127.363305346  -24.855953612
    1.366003054  127.371790664   23.674492357
    1.368477305  127.455640751   36.919484169
    1.370951555  127.550320527   40.993509545
    1.373425806  127.691748092   76.669054767
    1.375900057  127.963732269  144.369469079
    1.378374307  128.389583668  193.884024041
    1.380848558  128.862453352  176.466791061
    1.383322808  129.208525861   93.596854775
    1.385797059  129.299648772  -14.805268407
    1.388271310  129.163006965  -86.860485450
    1.390745560  128.897649827 -118.658898498
    1.393219811  128.608537007 -111.205112302
    1.395694062  128.358563941  -88.134185974
    1.398168312  128.179360163  -54.543788521
    1.400642563  128.096223014  -13.227290252
    1.403116813  128.119023693   30.361333094
    1.405591064  128.226907873   56.485392100
    1.408065315  128.392579426   77.928834097
    1.410539565  128.610449965   99.772784452
    1.413013816  128.874515200  107.096068671
    1.415488067  129.123278423   90.239893832
    1.417962317  129.287232600   36.075752033
    1.420436568  129.301315995  -29.157401376
    1.422910818  129.163717905  -73.258017876
    1.425385069  128.984838306  -66.275230842
    1.427859320  128.865598588  -27.965007874
    1.430333570  128.842398879    5.255506018
    1.432807821  128.871266185    5.719775499
    1.435282072  128.852055037  -19.290275481
    1.437756322  128.778194655  -35.057748344
    1.440230573  128.685305232  -33.435139943
    1.442704824  128.635671735  -12.193240717
    1.445179074  128.637374852   10.426352935
    1.447653325  128.661890191    7.928764215
    1.450127575  128.667125335   -6.812310745
    1.452601826  128.619478177  -36.895267970
    1.455076077  128.494506168  -62.148301497
    1.457550327  128.340038022  -56.834771904
    1.460024578  128.240912013  -20.085335672
    1.462498829  128.257988775   29.114908516
    1.464973079  128.361979036   48.001605197
    1.467447330  128.457686721   21.644027994
    1.469921580  128.457853560  -24.156359204
    1.472395831  128.362094764  -41.655259395
    1.474870082  128.289375377  -16.295794692
    1.477344332  128.326215735   47.990541954
    1.479818583  128.508039853   93.772139368
    1.482292834  128.747372788   85.775018353
    1.484767084  128.891882892   28.217942065
    1.487241335  128.886880855  -30.397175615
    1.489715585  128.765792081  -58.325868589
    1.492189836  128.636077900  -45.779557175
    1.494664087  128.568681710   -9.833268390
    1.497138337  128.578588250   17.355041050
    1.499612588  128.631172476   20.679918127
    1.502086839  128.680184642   16.931306735
    1.504561089  128.727142881   22.167869974
    1.507035340  128.810151863   45.755039606
    1.509509591  128.966922965   77.473019296
    1.511983841  129.189185507   96.051484639
    1.514458092  129.425688142   88.842911000
    1.516932342  129.615953306   58.773699890
    1.519406593  129.712362057   22.532777543
    1.521880844  129.727422729   -8.235982693
    1.524355094  129.681433288  -24.282052307
    1.526829345  129.637613951   -6.802695014
    1.529303596  129.654498853   21.876442939
    1.531777846  129.754167724   58.740549333
    1.534252097  129.927221338   78.379328080
    1.536726347  130.114568621   66.054394393
    1.539200598  130.224514202   18.507214975
    1.541674849  130.172802796  -59.422582331
    1.544149099  129.961885382 -106.619517146
    1.546623350  129.685049895 -108.709223298
    1.549097601  129.452566576  -74.653213417
    1.551571851  129.343203455  -19.066890322
    1.554046102  129.339313370   14.872572095
    1.556520352  129.385854865   18.409986878
    1.558994603  129.432303345   18.553308510
    1.561468854  129.497037240   38.968722306
    1.563943104  129.643520766   78.921900591
    1.566417355  129.868493583   93.581048280
    1.568891606  130.074724352   68.591484563
    1.571365856  130.173806622   10.393837150
    1.573840107  130.144606618  -25.329778341
    1.576314358  130.081843519  -19.362009765
    1.578788608  130.066239511    9.151425711
    1.581262859  130.144358255   50.324346572
    1.583737109  130.286595999   59.494089634
    1.586211360  130.417331040   45.263060316
    1.588685611  130.501451759   26.514327378
    1.591159861  130.560170063   29.063221554
    1.593634112  130.657174580   47.747210618
    1.596108363  130.784526522   46.126245435
    1.598582613  130.871684588   19.535158621
    1.601056864  130.872541511  -24.264101169
    1.603531114  130.763616945  -61.050603261
    1.606005365  130.589187580  -73.684363478
    1.608479616  130.434122370  -48.414330281
    1.610953866  130.349063775  -20.964772591
    1.613428117  130.315609164  -10.232787203
    1.615902368  130.284875619  -15.415132409
    1.618376618  130.262297004    5.934027519
    1.620850869  130.343326578   66.731120544
    1.623325119  130.593776392  136.050317362
    1.625799370  130.971558078  154.585268873
    1.628273621  131.296797136   95.688701179
    1.630747871  131.433238571   10.869284754
    1.633222122  131.374872813  -45.843755543
    1.635696373  131.268985496  -25.487393960
    1.638170623  131.295914699   51.765843682
    1.640644874  131.489485451   99.090744165
    1.643119125  131.727281143   85.672376716
    1.645593375  131.878718836   28.309306947
    1.648067626  131.886888614  -18.081527154
    1.650541876  131.824376568  -29.867040189
    1.653016127  131.777810920   -7.808037527
    1.655490378  131.775447003    3.402390493
    1.657964628  131.765646317  -16.500698672
    1.660438879  131.681486931  -53.187367624
    1.662913130  131.531193172  -63.199421249
    1.665387380  131.405040290  -33.127236655
    1.667861631  131.392220922   25.406621601
    1.670335881  131.514304183   68.290593955
    1.672810132  131.670977974   53.456151091
    1.675284383  131.732207808   -8.310503975
    1.677758633  131.628846588  -69.709405501
    1.680232884  131.453385251  -61.174087007
    1.682707135  131.375284037    6.048689898
    1.685181385  131.491574834   86.217270937
    1.687655636  131.757613937  118.417362582
    1.690129887  132.000511811   73.185148239
    1.692604137  132.088786007    0.302676531
    1.695078388  132.013533495  -54.035628642
    1.697552638  131.875905072  -49.180401002
    1.700026889  131.810285415   -3.422594460
    1.702501140  131.858579816   33.397601882
    1.704975390  131.921375685    9.468867572
    1.707449641  131.866492199  -57.600077209
    1.709923892  131.653762271 -106.222320363
    1.712398142  131.414927449  -73.236141206
    1.714872393  131.344536551   26.016160901
    1.717346643  131.545161564  130.467572323
    1.719820894  131.941403828  175.120448717
    1.722295145  132.335890790  134.440918765
    1.724769395  132.571266708   53.822511807
    1.727243646  132.618153822   -5.356961861
    1.729717897  132.607161121    1.660556872
    1.732192147  132.639370129   24.216213199
    1.734666398  132.713055152   32.020884135
    1.737140648  132.764877929    9.843239215
    1.739614899  132.740927905  -28.240499028
    1.742089150  132.639489256  -50.788990878
    1.744563400  132.488243736  -70.079958705
    1.747037651  132.295319659  -88.544945034
    1.749511902  132.073856659  -87.730872412
    1.751986152  131.895380682  -51.874149910
    1.754460403  131.837701582    9.006209105
    1.756934654  131.927175147   54.089463125
    1.759408904  132.070629875   51.211060305
    1.761883155  132.150735432   10.277773530
    1.764357405  132.113865253  -37.859901060
    1.766831656  131.992916991  -51.377794000
    1.769305907  131.884351014  -31.899557646
    1.771780157  131.844854794    0.104201233
    1.774254408  131.852304538   -0.560702149
    1.776728659  131.831157436  -14.508458329
    1.779202909  131.787613167  -20.243914330
    1.781677160  131.752210358   -8.004596510
    1.784151410  131.758678145   15.831812410
    1.786625661  131.817480832   30.505989853
    1.789099912  131.904570631   32.424147239
    1.791574162  131.982876529   27.961243893
    1.794048413  132.050107814   26.556790547
    1.796522664  132.113906271   21.192647411
    1.798996914  132.141057492   -9.162253447
    1.801471165  132.066143507  -52.568308652
    1.803945415  131.877278693  -91.239529170
    1.806419666  131.649488567  -88.561651015
    1.808893917  131.487231509  -36.983264599
    1.811368167  131.478973377   27.008478977
    1.813842418  131.573546190   36.871982015
    1.816316669  131.628370270    0.134959162
    1.818790919  131.559114061  -51.344953666
    1.821265170  131.420689552  -49.990102674
    1.823739421  131.362964142   14.898882870
    1.826213671  131.513624101  103.800971800
    1.828687922  131.833494306  142.767725749
    1.831162172  132.149173762   97.973376482
    1.833636423  132.283560635   11.004848477
    1.836110674  132.220585187  -53.860070570
    1.838584924  132.055048072  -72.178599653
    1.841059175  131.910771298  -42.542392891
    1.843533426  131.851340930   -8.209504831
    1.846007676  131.853808504    7.514187992
    1.848481927  131.865626940    2.552940484
    1.850956177  131.870923167    1.619684845
    1.853430428  131.871108743    3.874467003
    1.855904679  131.898283746   15.324277904
    1.858378929  131.951712730   27.648021929
    1.860853180  132.019154799   26.011439471
    1.863327431  132.076135042   14.557819372
    1.865801681  132.104176158    3.436154510
    1.868275932  132.095047253  -11.272502986
    1.870750182  132.045221653  -25.595716221
    1.873224433  131.974763365  -26.261894842
    1.875698684  131.915968284  -17.982858999
    1.878172934  131.885592741   -6.555570033
    1.880647185  131.879833708   -1.942601922
    1.883121436  131.858431683  -16.173044318
    1.885595686  131.801517476  -29.480000678
    1.888069937  131.725049438  -23.732830740
    1.890544188  131.709727173   12.744228262
    1.893018438  131.789199977   51.325863332
    1.895492689  131.949583472   67.751315849
    1.897966939  132.094733973   47.547045269
    1.900441190  132.170222645   10.800566173
    1.902915441  132.159537708  -15.294550935
    1.905389691  132.118235910  -17.672584857
    1.907863942  132.087975083   -7.892428316
    1.910338193  132.084155763    5.376478714
    1.912812443  132.103114229    6.188195855
    1.915286694  132.125174110    4.678048255
    1.917760944  132.133873803    1.458613152
    1.920235195  132.136939654    6.122039066
    1.922709446  132.166005933   19.850075419
    1.925183696  132.244024885   43.642876105
    1.927657947  132.372731913   59.791218309
    1.930132198  132.498026309   36.685945380
    1.932606448  132.518576540  -21.623965754
    1.935080699  132.397014743  -72.671803503
    1.937554949  132.184003016  -88.518498439
    1.940029200  132.009105231  -43.220621426
    1.942503451  131.985967492   23.980978082
    1.944977701  132.115212077   69.110632045
    1.947451952  132.281807865   58.889836858
    1.949926203  132.356412377   -1.672908618
    1.952400453  132.275420756  -60.050359583
    1.954874704  132.089477392  -83.042119929
    1.957348955  131.895565896  -72.131031594
    1.959823205  131.743588245  -52.186861052
    1.962297456  131.628499814  -45.093219551
    1.964771706  131.508368892  -55.860633811
    1.967245957  131.377053986  -46.760693340
    1.969720208  131.313526463   -1.184178302
    1.972194458  131.363823559   43.634264928
    1.974668709  131.520357371   79.215413303
    1.977142960  131.710950497   67.124889521
    1.979617210  131.820071436   18.036673756
    1.982091461  131.820964352  -10.855761877
    1.984565711  131.799623729    0.474037483
    1.987039962  131.848875158   39.808610642
    1.989514213  131.991488292   68.019272412
    1.991988463  132.126673260   33.166548198
    1.994462714  132.131492522  -33.669958484
    1.996936965  131.975130070  -84.021184833
    1.999411215  131.757020194  -80.666418908
    2.001885466  131.625230227  -21.000200506
    2.004359716  131.660986620   45.858616126
    2.006833967  131.813661959   69.908891192
    2.009308218  131.972797229   50.559111480
    2.011782468  132.052185048   11.265351102
    2.014256719  132.031268544  -19.884660365
    2.016730970  131.967298747  -30.045164014
    2.019205220  131.897146480  -25.652719042
    2.021679471  131.838346860  -19.208166564
    2.024153722  131.810547837   -6.014106160
    2.026627972  131.804136503   -2.423096304
    2.029102223  131.818140976   12.327164266
    2.031576473  131.885419447   44.502032090
    2.034050724  132.037835618   78.673624364
    2.036524975  132.256520725   93.419720274
    2.038999225  132.471349586   72.414197171
    2.041473476  132.569260399    5.327650198
    2.043947727  132.490658594  -64.694846748
    2.046421977  132.267332353 -107.329066539
    2.048896228  132.000024061 -101.131218942
    2.051370478  131.794776719  -59.923043701
    2.053844729  131.715197522   -8.669942122
    2.056318980  131.745298183   29.701843295
    2.058793230  131.851173801   52.588456718
    2.061267481  132.000022995   66.788737961
    2.063741732  132.169264961   71.770635912
    2.066215982  132.327505450   58.245349214
    2.068690233  132.436779370   34.993546837
    2.071164484  132.493078134   13.298947113
    2.073638734  132.510200672   -0.601069007
    2.076112985  132.496750682  -11.647674265
    2.078587235  132.453310053  -23.746997944
    2.081061486  132.381686024  -32.698730039
    2.083535737  132.296289983  -31.853237596
    2.086009987  132.218134936  -25.473505595
    2.088484238  132.183346337   -4.532507773
    2.090958489  132.182459009    4.804127418
    2.093432739  132.218222423   25.199441766
    2.095906990  132.291081294   36.922006370
    2.098381240  132.385683483   40.577665027
    2.100855491  132.480251493   38.131942781
    2.103329742  132.548176911   13.669687779
    2.105803992  132.554720138   -7.904023009
    2.108278243  132.523989605  -11.515834477
    2.110752494  132.507183951   -0.690831683
    2.113226744  132.529268878   16.532013782
    2.115700995  132.585684820   29.272473972
    2.118175245  132.659479179   35.840554676
    2.120649496  132.755695273   41.908962162
    2.123123747  132.854032929   37.191238070
    2.125597997  132.922472869   14.608535263
    2.128072248  132.910723235  -22.219281298
    2.130546499  132.808334756  -58.793939610
    2.133020749  132.636332251  -69.984252692
    2.135495000  132.498458951  -32.876396591
    2.137969251  132.495236056   29.865702858
    2.140443501  132.625003862   70.161211256
    2.142917752  132.802356893   62.839198476
    2.145392002  132.902809383   15.913276577
    2.147866253  132.884603517  -22.854797542
    2.150340504  132.822252048  -20.555430026
    2.152814754  132.789051049   -1.782796431
    2.155289005  132.818802437   21.418518232
    2.157763256  132.850179305    1.210964639
    2.160237506  132.813116363  -35.546202886
    2.162711757  132.683297449  -65.079674531
    2.165186007  132.535198829  -48.215893266
    2.167660258  132.451951721  -13.135190661
    2.170134509  132.465114895   21.307346245
    2.172608759  132.532008487   28.538369235
    2.175083010  132.595000161   21.357552038
    2.177557261  132.646874330   22.110439848
    2.180031511  132.695495167   19.843708040
    2.182505762  132.729299216    6.908320143
    2.184980012  132.722971245  -19.415220475
    2.187454263  132.633736364  -49.766505738
    2.189928514  132.510053037  -46.572468390
    2.192402764  132.425631173  -20.761759465
    2.194877015  132.394471433  -12.783427367
    2.197351266  132.340092798  -40.320751091
    2.199825516  132.165023665 -103.039869717
    2.202299767  131.846629401 -143.555452524
    2.204774018  131.502991012 -122.203396247
    2.207248268  131.291260702  -37.486574362
    2.209722519  131.325939400   62.626798293
    2.212196769  131.559591911  119.042646055
    2.214671020  131.857879820  110.979478081
    2.217145271  132.068717475   59.482535805
    2.219619521  132.165724560   23.433047052
    2.222093772  132.213767547   20.240552316
    2.224568023  132.291175716   42.593304416
    2.227042273  132.427197807   59.819934243
    2.229516524  132.567773905   49.336157006
    2.231990774  132.646357885    9.888493496
    2.234465025  132.605417249  -46.595952937
    2.236939276  132.443759258  -78.229392750
    2.239413526  132.245534590  -78.794617509
    2.241887777  132.096895211  -41.026891452
    2.244362028  132.049389956    4.429170895
    2.246836278  132.107527861   40.337346789
    2.249310529  132.216902873   40.683794586
    2.251784779  132.283678117    9.492027968
    2.254259030  132.243182499  -42.639962065
    2.256733281  132.063596328  -98.063764153
    2.259207531  131.784894771 -115.842692828
    2.261681782  131.514740163  -90.581792807
    2.264156033  131.367285466  -25.201563841
    2.266630283  131.399063370   52.786621482
    2.269104534  131.602682034  102.745150583
    2.271578785  131.863169902   97.238225825
    2.274053035  132.039677179   40.905446390
    2.276527286  132.057803690  -24.346639341
    2.279001536  131.958444603  -50.072580889
    2.281475787  131.849151234  -30.809792869
    2.283950038  131.811708635    1.102756323
    2.286424288  131.826428193    5.365100089
    2.288898539  131.796809545  -34.647808774
    2.291372790  131.651845421  -81.465329538
    2.293847040  131.410920407 -101.474728560
    2.296321291  131.194096775  -63.913915662
    2.298795541  131.129806550   14.624712012
    2.301269792  131.263731760   86.185284830
    2.303744043  131.520498427  113.724590763
    2.306218293  131.774489518   86.783563143
    2.308692544  131.931638486   41.851678461
    2.311166795  131.971376110   -2.952552774
    2.313641045  131.947736586  -12.643241591
    2.316115296  131.922349104   -3.196373529
    2.318589546  131.920605079   -1.039343461
    2.321063797  131.916848165   -1.210160968
    2.323538048  131.900893198   -4.193647261
    2.326012298  131.901084725    8.140918401
    2.328486549  131.963479908   41.137678169
    2.330960800  132.097074863   62.670461986
    2.333435050  132.251402281   54.718057733
    2.335909301  132.334534120    9.482521486
    2.338383552  132.294539842  -39.564361540
    2.340857802  132.158863969  -63.393807521
    2.343332053  132.007774165  -50.059159407
    2.345806303  131.930119305  -13.139689116
    2.348280554  131.922213584    2.316564266
    2.350754805  131.916429964  -13.055501936
    2.353229055  131.843335272  -44.140908053
    2.355703306  131.698789293  -65.699060710
    2.358177557  131.550397842  -46.417904355
    2.360651807  131.487924250    1.830516695
    2.363126058  131.581364109   73.020293283
    2.365600308  131.820843967  115.042150190
    2.368074559  132.113826644  114.282512787
    2.370548810  132.356754475   74.951344660
    2.373023060  132.458267168    9.454869665
    2.375497311  132.391584770  -57.004687890
    2.377971562  132.201504510  -90.497532203
    2.380445812  131.968920393  -89.914642405
    2.382920063  131.777818216  -62.359951545
    2.385394313  131.671232103  -23.339747410
    2.387868564  131.658503620   12.050113487
    2.390342815  131.733445994   52.700489452
    2.392817065  131.910980319   85.767315049
    2.395291316  132.153077627  105.581228266
    2.397765567  132.387624594   79.131746869
    2.400239817  132.501785786    4.135909466
    2.402714068  132.382903565  -99.585382951
    2.405188319  132.028500913 -175.888615373
    2.407662569  131.577200917 -175.550003349
    2.410136820  131.215725658 -104.787442574
    2.412611070  131.089887818    2.549238474
    2.415085321  131.177984476   58.439159310
    2.417559572  131.338996174   65.168438029
    2.420033822  131.468372114   35.206511749
    2.422508073  131.524709400   14.250818789
    2.424982324  131.549631072   11.251586744
    2.427456574  131.581824356   15.915874477
    2.429930825  131.624692788   20.685960667
    2.432405075  131.648468687    4.029346489
    2.434879326  131.651643626   -1.894045198
    2.437353577  131.651694255    2.432183697
    2.439827827  131.685267113   24.839078621
    2.442302078  131.770268263   40.550578384
    2.444776329  131.894065986   59.183100502
    2.447250579  132.049327054   63.575618279
    2.449724830  132.194120010   47.067366644
    2.452199081  132.276479537   13.195082330
    2.454673331  132.258131364  -27.267079463
    2.457147582  132.138280311  -69.089242464
    2.459621832  131.928221341  -96.523213029
    2.462096083  131.698594917  -87.041809443
    2.464570334  131.513628194  -59.781033061
    2.467044584  131.420958672  -17.406748564
    2.469518835  131.409811439    3.734343869
    2.471993086  131.427065226    7.697550580
    2.474467336  131.440436598    4.316054265
    2.476941587  131.468785019   21.806057771
    2.479415837  131.579332689   68.239254470
    2.481890088  131.777112718   95.833754294
    2.484364339  132.021129823   92.310532840
    2.486838589  132.207111528   51.540946074
    2.489312840  132.258790039   -8.414260110
    2.491787091  132.184555618  -45.529376508
    2.494261341  132.049421853  -60.775405704
    2.496735592  131.880347809  -81.528328201
    2.499209842  131.634949564 -120.212659192
    2.501684093  131.296605959 -149.652303307
    2.504158344  130.942480244 -126.425509215
    2.506632594  130.705649460  -59.835110107
    2.509106845  130.655004344   15.826510261
    2.511581096  130.767954907   62.642036596
    2.514055346  130.931113448   62.261496122
    2.516529597  131.066187880   47.902578284
    2.519003848  131.184395173   51.046295658
    2.521478098  131.337130072   72.138382416
    2.523952349  131.525558091   77.608777896
    2.526426599  131.696318095   52.483431232
    2.528900850  131.774093896   10.487010606
    2.531375101  131.739514889  -32.502571234
    2.533849351  131.628259934  -53.905768464
    2.536323602  131.474417232  -68.358997174
    2.538797853  131.300391357  -67.386926043
    2.541272103  131.155039986  -48.525296044
    2.543746354  131.077128867  -13.136699583
    2.546220604  131.093051452   25.571228959
    2.548694855  131.192652873   50.106958296
    2.551169106  131.314777562   46.161878767
    2.553643356  131.396010628   15.835044128
    2.556117607  131.378276785  -28.236751395
    2.558591858  131.269052121  -59.026035385
    2.561066108  131.119553912  -56.337756519
    2.563540359  131.020803697  -19.488343226
    2.566014609  131.026349955   18.089409101
    2.568488860  131.070420066    9.362013736
    2.570963111  131.048963966  -31.946246612
    2.573437361  130.902632981  -78.618934358
    2.575911612  130.699222202  -76.531838645
    2.578385863  130.579218935  -10.603623329
    2.580860113  130.656977808   72.406198416
    2.583334364  130.892915221  105.454231117
    2.585808615  131.111584448   61.279956915
    2.588282865  131.157942114  -23.113326366
    2.590757116  131.032578473  -72.491173572
    2.593231366  130.869995028  -49.737091855
    2.595705617  130.815392760    7.776335144
    2.598179868  130.893619383   46.067555003
    2.600654118  131.010761941   44.887836327
    2.603128369  131.091630572   19.375334853
    2.605602620  131.135490407   26.268774298
    2.608076870  131.244475408   68.269812592
    2.610551121  131.499885570  134.488351331
    2.613025371  131.878164707  156.925355809
    2.615499622  132.209271532   94.181713297
    2.617973873  132.311650972  -15.621870505
    2.620448123  132.136248248 -116.799512407
    2.622922374  131.780569965 -157.023440208
    2.625396625  131.423708961 -121.361562868
    2.627870875  131.191166693  -60.753868558
    2.630345126  131.116922358   -6.650432830
    2.632819376  131.127330816    6.369740579
    2.635293627  131.136080818   -5.605172792
    2.637767878  131.108740838   -7.302691592
    2.640242128  131.129364233   29.321013135
    2.642716379  131.279521915   93.880883611
    2.645190630  131.562799814  127.576808244
    2.647664880  131.862739134  102.556035819
    2.650139131  132.041883979   40.494409259
    2.652613382  132.038028068  -38.518564824
    2.655087632  131.888985286  -75.387404261
    2.657561883  131.706382616  -60.423697117
    2.660036133  131.608609845  -17.951104077
    2.662510384  131.621726393   23.363620771
    2.664984635  131.699700454   34.922914560
    2.667458885  131.778032679   25.663387039
    2.669933136  131.829043807   20.527949170
    2.672407387  131.878924878   20.110331139
    2.674881637  131.944083976   34.508357674
    2.677355888  132.038532977   40.813024168
    2.679830138  132.152581664   49.309198429
    2.682304389  132.276833241   39.649928357
    2.684778640  132.336483918    2.346464189
    2.687252890  132.294107623  -35.696907509
    2.689727141  132.157245604  -69.062080748
    2.692201392  131.974755452  -71.406440863
    2.694675642  131.818817478  -52.818821992
    2.697149893  131.736177760  -15.138032742
    2.699624143  131.746128116   22.267055424
    2.702098394  131.821551585   39.758773541
    2.704572645  131.934282100   51.782606049
    2.707046895  132.080261420   66.159584425
    2.709521146  132.235491520   55.325792715
    2.711995397  132.335336357   23.149201007
    2.714469647  132.330519743  -26.227599345
    2.716943898  132.220484595  -60.642776220
    2.719418149  132.069190300  -58.186480607
    2.721892399  131.941783561  -39.959900773
    2.724366650  131.874980444   -9.650527942
    2.726840900  131.891487632   20.366783138
    2.729315151  131.989806061   55.085926109
    2.731789402  132.154925965   73.979580435
    2.734263652  132.354690301   83.650467215
    2.736737903  132.552779389   71.153381084
    2.739212154  132.673777592   24.417263354
    2.741686404  132.681488355  -14.860635428
    2.744160655  132.614761011  -33.423280991
    2.746634905  132.550392165  -15.164124368
    2.749109156  132.552731395   15.188586157
    2.751583407  132.594774945   12.116760850
    2.754057657  132.580577974  -25.797921809
    2.756531908  132.455695208  -73.972823599
    2.759006159  132.237941317  -92.341993870
    2.761480409  132.039931213  -58.093715046
    2.763954660  131.963620551    1.184269964
    2.766428910  132.032565736   48.445092059
    2.768903161  132.191068191   74.188382385
    2.771377412  132.380723173   76.639006450
    2.773851662  132.541979408   57.401875423
    2.776325913  132.645886676   19.870120124
    2.778800164  132.622066362  -43.353452176
    2.781274414  132.450392285  -92.143465356
    2.783748665  132.215109233  -88.348462698
    2.786222916  132.059787256  -26.810582115
    2.788697166  132.095496097   53.122298668
    2.791171417  132.294671309   95.510086902
    2.793645667  132.500113510   57.987665587
    2.796119918  132.549206711  -18.893779307
    2.798594169  132.404740504  -90.558977287
    2.801068419  132.143579756 -110.223300685
    2.803542670  131.881334078  -96.178397250
    2.806016921  131.676164052  -69.985851429
    2.808491171  131.537001470  -42.477432021
    2.810965422  131.473984331   -7.562119946
    2.813439672  131.499559902   30.207591918
    2.815913923  131.607928202   56.041484761
    2.818388174  131.766840327   67.114569030
    2.820862424  131.922140427   52.255125789
    2.823336675  132.016929227   23.849548028
    2.825810926  132.017516601  -23.404780183
    2.828285176  131.908352962  -59.624849199
    2.830759427  131.734549190  -73.823697698
    2.833233678  131.570630087  -52.326078662
    2.835707928  131.485472188  -15.885453077
    2.838182179  131.486070844   11.069354313
    2.840656429  131.516567511    8.966478059
    2.843130680  131.517455066  -11.346331756
    2.845604931  131.482443054  -10.135099870
    2.848079181  131.479781188   13.258526684
    2.850553432  131.554291649   45.789426097
    2.853027683  131.665457674   35.785784172
    2.855501933  131.696019034  -17.837914927
    2.857976184  131.557935106  -92.241037035
    2.860450434  131.242871617 -150.602050907
    2.862924685  130.864835482 -146.945342944
    2.865398936  130.574859147  -79.687468090
    2.867873186  130.479026082    3.941018972
    2.870347437  130.585966869   72.670955738
    2.872821688  130.810044612   98.503977858
    2.875295938  131.034084596   79.510268310
    2.877770189  131.190614272   45.276662914
    2.880244439  131.269530963   27.084776146
    2.882718690  131.357638242   50.308600313
    2.885192941  131.526132893   82.125444554
    2.887667191  131.740727642   82.111430320
    2.890141442  131.877837306   20.790526120
    2.892615693  131.822725353  -66.992334699
    2.895089943  131.573719135 -128.555955443
    2.897564194  131.240910749 -130.994622518
    2.900038445  130.976311731  -77.282961673
    2.902512695  130.861533691  -20.907072248
    2.904986946  130.846407975    2.018646180
    2.907461196  130.829682265  -18.102230241
    2.909935447  130.719608852  -64.006077423
    2.912409698  130.533365410  -82.162870163
    2.914883948  130.364698236  -47.776234368
    2.917358199  130.323566817   23.669041932
    2.919832450  130.484640615  100.467280429
    2.922306700  130.777979756  127.851799139
    2.924780951  131.069431215  100.095421431
    2.927255201  131.239024237   29.615551919
    2.929729452  131.240678096  -22.361701236
    2.932203703  131.165400300  -29.610452717
    2.934677953  131.120807227   -2.085493081
    2.937152204  131.155527326   27.720289300
    2.939626455  131.223500312   22.714607079
    2.942100705  131.228620579  -22.890908246
    2.944574956  131.121950384  -59.831637232
    2.947049206  130.985734440  -44.580008881
    2.949523457  130.929229241   -0.023594497
    2.951997708  130.975609366   32.128201069
    2.954471958  131.054688610   24.405065577
    2.956946209  131.082711935   -4.783642897
    2.959420460  131.023610227  -38.087192678
    2.961894710  130.921414125  -40.763696458
    2.964368961  130.844187797  -20.735777654
    2.966843212  130.817776661   -0.871793984
    2.969317462  130.824900370    4.501387652
    2.971791713  130.823670899   -3.828252771
    2.974265963  130.824335563    4.424698753
    2.976740214  130.841780374    9.124717161
    2.979214465  130.890051821   31.909741695
    2.981688715  130.989353655   49.538869547
    2.984162966  131.130489258   66.267042154
    2.986637217  131.309157900   72.922982170
    2.989111467  131.474961484   57.972521691
    2.991585718  131.585273322   29.407373217
    2.994059968  131.631093474    6.776920989
    2.996534219  131.634770199   -7.567197119
    2.999008470  131.602551016  -16.839763513
    3.001482720  131.548661556  -29.347808645
    3.003956971  131.435320963  -64.839154313
    3.006431222  131.238258889  -98.189790161
    3.008905472  130.955458223 -124.509407774
    3.011379723  130.644760711 -120.107450394
    3.013853973  130.385455617  -86.842819953
    3.016328224  130.237190578  -31.531603565
    3.018802475  130.235935145   27.168886434
    3.021276725  130.352828811   64.116037630
    3.023750976  130.535112073   72.665833615
    3.026225227  130.686864628   46.391864944
    3.028699477  130.747986580   -1.486212124
    3.031173728  130.674858645  -54.729592273
    3.033647979  130.510412646  -74.336945485
    3.036122229  130.338620919  -58.948351561
    3.038596480  130.233149652  -23.957448068
    3.041070730  130.235586410   19.992579769
    3.043544981  130.319676364   43.420534419
    3.046019232  130.434826181   43.970415850
    3.048493482  130.545737851   49.665833038
    3.050967733  130.672883533   53.880584706
    3.053441984  130.817278855   60.723748483
    3.055916234  130.966567410   55.731580156
    3.058390485  131.072827131   27.874127439
    3.060864735  131.094480637  -10.595388091
    3.063338986  131.033608171  -32.505723681
    3.065813237  130.964318065  -18.241599145
    3.068287487  130.970523787   24.073837805
    3.070761738  131.082127536   61.804024176
    3.073235989  131.240198259   58.795309277
    3.075710239  131.345906165   24.045083623
    3.078184490  131.360144883  -13.539149158
    3.080658740  131.316045820  -19.261176551
    3.083132991  131.288947804   -2.553943274
    3.085607242  131.312109157   21.728155076
    3.088081492  131.362695124   16.769907922
    3.090555743  131.375820629  -10.277276789
    3.093029994  131.318498822  -30.454356966
    3.095504244  131.233345903  -30.933886924
    3.097978495  131.206277097   16.766461271
    3.100452746  131.311269488   71.611018974
    3.102926996  131.548347025  112.589208018
    3.105401247  131.826219159  105.586922540
    3.107875497  132.028429570   57.214054589
    3.110349748  132.088871954   -3.730307063
    3.112823999  132.046028257  -23.357014491
    3.115298249  132.002320875   -5.916039204
    3.117772500  132.036443398   34.741915844
    3.120246751  132.145204998   44.927437864
    3.122721001  132.217857077    7.874001748
    3.125195252  132.160914403  -55.263730479
    3.127669502  131.954723949 -107.560292158
    3.130143753  131.672514255 -111.653538666
    3.132618004  131.450453494  -64.871700053
    3.135092254  131.357207372  -11.039147705
    3.137566505  131.348368829   -4.581573302
    3.140040756  131.303651419  -31.056237002
    3.142515006  131.196826176  -52.144631983
    3.144989257  131.072281162  -38.103607860
    3.147463507  131.043465142   21.104742716
    3.149937758  131.163003848   72.581601790
    3.152412009  131.365293497   78.918452962
    3.154886259  131.507257233   29.810677992
    3.157360510  131.498657049  -29.276687983
    3.159834761  131.389175467  -45.193568458
    3.162309011  131.320119763   -0.959012017
    3.164783262  131.401680309   66.044735888
    3.167257513  131.616840800  102.194383605
    3.169731763  131.836025764   62.280349040
    3.172206014  131.892038773  -19.347641131
    3.174680264  131.761505483  -79.905245767
    3.177154515  131.542228837  -83.507504868
    3.179628766  131.400617247  -23.616983358
    3.182103016  131.433745674   46.451323260
    3.184577267  131.603704973   85.867379052
    3.187051518  131.800993745   64.416980531
    3.189525768  131.914748314   25.535010830
    3.192000019  131.938926339   -0.482682650
    3.194474269  131.948802507   14.940714428
    3.196948520  132.025029473   50.480611361
    3.199422771  132.168939137   58.376787362
    3.201897021  132.285642060   29.457276469
    3.204371272  132.297949416  -19.146836705
    3.206845523  132.202948328  -50.462501130
    3.209319773  132.074111741  -52.203475153
    3.211794024  131.962293184  -37.547203197
    3.214268275  131.884578670  -28.721265408
    3.216742525  131.812671038  -30.110869308
    3.219216776  131.728976746  -35.493170614
    3.221691026  131.665327810  -12.661673691
    3.224165277  131.673074880   17.684508495
    3.226639528  131.748548234   37.791092113
    3.229113778  131.844761703   34.276256254
    3.231588029  131.898432569    6.121028740
    3.234062280  131.873076013  -27.075345056
    3.236536530  131.765283132  -54.183977758
    3.239010781  131.629916462  -53.308081525
    3.241485031  131.529397764  -26.641874757
    3.243959282  131.505267284    7.352376934
    3.246433533  131.546376643   27.431074621
    3.248907783  131.599093267    8.394939733
    3.251382034  131.589219460  -19.780936837
    3.253856285  131.499818822  -44.475488315
    3.256330535  131.399074722  -26.659269969
    3.258804786  131.391596932   21.564265333
    3.261279036  131.501029584   62.163058231
    3.263753287  131.659155473   56.786128121
    3.266227538  131.769482768   27.583187209
    3.268701788  131.817228211   16.545026381
    3.271176039  131.873623136   34.825426782
    3.273650290  132.005007217   70.386260468
    3.276124540  132.213827737   87.720714151
    3.278598791  132.405447333   57.585296818
    3.281073042  132.473106636   -3.725696688
    3.283547292  132.389495610  -60.006345479
    3.286021543  132.212765242  -72.327356803
    3.288495793  132.049041488  -55.329410762
    3.290970044  131.963450430  -16.473680566
    3.293444295  131.967204493   17.436288128
    3.295918545  132.017819181   17.913142804
    3.298392796  132.012509496  -28.970044546
    3.300867047  131.865207412  -93.251598544
    3.303341297  131.571643855 -135.209556795
    3.305815548  131.243821430 -115.962465907
    3.308289798  131.029808419  -53.535024966
    3.310764049  130.973972124    5.241032866
    3.313238300  131.026086026   33.553122562
    3.315712550  131.119152669   39.965251542
    3.318186801  131.224010900   46.843873784
    3.320661052  131.362452552   66.996443230
    3.323135302  131.557344749   84.717128332
    3.325609553  131.741323341   53.651530284
    3.328083803  131.796073597  -11.136793441
    3.330558054  131.696518833  -65.141126221
    3.333032305  131.513797245  -72.207867459
    3.335506555  131.396169727  -19.105860294
    3.337980806  131.410100594   23.439980531
    3.340455057  131.498133948   36.018986185
    3.342929307  131.555623732    7.803937051
    3.345403558  131.543239272  -13.796836806
    3.347877809  131.528793545    7.626602314
    3.350352059  131.612299593   61.665573949
    3.352826310  131.814013691   95.506667354
    3.355300560  132.049356673   86.347974416
    3.357774811  132.191409596   23.286717943
    3.360249062  132.142146326  -65.825834381
    3.362723312  131.882727661 -137.112307812
    3.365197563  131.500393183 -160.783944840
    3.367671814  131.141349671 -119.931493110
    3.370146064  130.933707718  -45.313069022
    3.372620315  130.918717088   27.399485376
    3.375094565  131.024085835   50.416732888
    3.377568816  131.136247579   36.680886845
    3.380043067  131.171860581   -9.310949636
    3.382517317  131.103394135  -40.702805373
    3.384991568  130.993633978  -43.992517945
    3.387465819  130.901165093  -27.001238499
    3.389940069  130.873922886    3.266684156
    3.392414320  130.907339918   16.482697589
    3.394888570  130.966320022   25.587255658
    3.397362821  131.038037076   27.667811251
    3.399837072  131.115093163   30.296622190
    3.402311322  131.178703442   22.376999838
    3.404785573  131.223110555   10.833507067
    3.407259824  131.234259442   -0.885029600
    3.409734074  131.214406437  -16.800026558
    3.412208325  131.163685989  -21.457101320
    3.414682576  131.112946596  -16.221062227
    3.417156826  131.093814652   -1.371847211
    3.419631077  131.097576554    0.507857575
    3.422105327  131.086944053  -12.895524331
    3.424579578  131.018413057  -43.081655218
    3.427053829  130.872396382  -70.406323148
    3.429528079  130.681196843  -77.612086480
    3.432002330  130.501842845  -59.712722020
    3.434476581  130.408535348   -8.630953350
    3.436950831  130.469626759   63.790636392
    3.439425082  130.702084236  125.440255464
    3.441899332  131.041544524  133.071215404
    3.444373583  131.323814965   81.439507037
    3.446847834  131.422169912   -8.439980208
    3.449322084  131.307411458  -77.264134450
    3.451796335  131.100111126  -73.880352617
    3.454270586  130.984440938  -11.899624852
    3.456744836  131.058069168   67.121855160
    3.459219087  131.264839376   89.540349004
    3.461693337  131.445949684   46.839142879
    3.464167588  131.455210485  -36.031622432
    3.466641839  131.290370431  -88.174040621
    3.469116089  131.076794652  -75.774885262
    3.471590340  130.969369235   -5.185376552
    3.474064591  131.054242053   73.670709180
    3.476538841  131.298956350  116.105282054
    3.479013092  131.595329592  115.736671693
    3.481487343  131.831443360   72.035638531
    3.483961593  131.938932407   14.487487304
    3.486435844  131.903011488  -37.439266771
    3.488910094  131.762697593  -67.915720238
    3.491384345  131.585768095  -69.510655388
    3.493858596  131.432815888  -50.936960984
    3.496332846  131.350168005  -14.197247625
    3.498807097  131.357487430   17.836499370
    3.501281348  131.437847949   46.435978619
    3.503755598  131.560620578   49.308885230
    3.506229849  131.683497094   44.951582890
    3.508704099  131.767339770   22.449648588
    3.511178350  131.785351057  -10.337028068
    3.513652601  131.719049981  -40.044947853
    3.516126851  131.589088852  -62.023754462
    3.518601102  131.436426401  -58.075949847
    3.521075353  131.323663147  -31.437462532
    3.523549603  131.281674703   -5.254001799
    3.526023854  131.284381614    5.913385916
    3.528498104  131.312525063   14.511710330
    3.530972355  131.371368001   35.351745322
    3.533446606  131.489837376   59.511355334
    3.535920856  131.658481141   70.084746423
    3.538395107  131.810461459   45.867827524
    3.540869358  131.867725773   -0.034773443
    3.543343608  131.806544438  -43.380448674
    3.545817859  131.692372706  -44.219361888
    3.548292110  131.611283932  -18.891669215
    3.550766360  131.600862915    7.814133943
    3.553240611  131.624365908    3.148988018
    3.555714861  131.616416023  -13.776978297
    3.558189112  131.569589104  -18.942350302
    3.560663363  131.552958950    8.673461380
    3.563137613  131.620905509   45.890800890
    3.565611864  131.757309448   56.452137233
    3.568086115  131.868055109   25.904963184
    3.570560365  131.878822348  -20.280908377
    3.573034616  131.779796524  -61.139759443
    3.575508866  131.604179095  -74.842888058
    3.577983117  131.423347119  -67.832529338
    3.580457368  131.288701600  -37.828249660
    3.582931618  131.223396332  -15.736281375
    3.585405869  131.202931071   -4.022387638
    3.587880120  131.196364505   -6.012255477
    3.590354370  131.178422272   -8.617056236
    3.592828621  131.165753997    0.738564692
    3.595302872  131.199379180   23.332808314
    3.597777122  131.291331621   49.494176588
    3.600251373  131.421340995   54.234447386
    3.602725623  131.543858472   40.253042677
    3.605199874  131.612870421   17.180437109
    3.607674125  131.616622500   -8.837626477
    3.610148375  131.583681114  -14.279000502
    3.612622626  131.562242796    1.772154037
    3.615096877  131.600689507   26.734009318
    3.617571127  131.697314506   50.152060675
    3.620045378  131.844077753   56.892795074
    3.622519628  131.966610218   35.807315701
    3.624993879  132.008631841   -4.457501191
    3.627468130  131.944349025  -44.815208299
    3.629942380  131.807397917  -60.367559307
    3.632416631  131.654382223  -63.180946143
    3.634890882  131.498750250  -59.174995007
    3.637365132  131.353837838  -58.632036626
    3.639839383  131.203939329  -63.219029164
    3.642313633  131.070305544  -43.770102516
    3.644787884  130.999410177  -16.019430622
    3.647262135  130.980814792   -1.120763852
    3.649736385  130.969916008  -10.973733910
    3.652210636  130.909792685  -35.549032036
    3.654684887  130.811315402  -38.236017676
    3.657159137  130.744611475   -5.757352854
    3.659633388  130.796954824   52.440657370
    3.662107639  130.991958108   98.358464409
    3.664581889  131.247431958   98.743993870
    3.667056140  131.446109692   59.815842145
    3.669530390  131.527244213    4.516595789
    3.672004641  131.521602459   -6.983303457
    3.674478892  131.515225226    5.386917950
    3.676953142  131.555642512   23.191903128
    3.679427393  131.589404297   -2.690512716
    3.681901644  131.519308835  -56.832671625
    3.684375894  131.324424721  -93.498214173
    3.686850145  131.098673825  -82.902751291
    3.689324395  130.941039635  -41.230185832
    3.691798646  130.917213451   17.600916142
    3.694272897  131.000309167   44.587027740
    3.696747147  131.103262775   38.571843866
    3.699221398  131.184646167   29.658033858
    3.701695649  131.262472087   36.119904235
    3.704169899  131.375482619   52.693202243
    3.706644150  131.524337959   67.979903476
    3.709118400  131.701282421   74.597749658
    3.711592651  131.888206466   70.009678577
    3.714066902  132.033522035   41.069736445
    3.716541152  132.065469814  -17.691121144
    3.719015403  131.942547802  -82.077914088
    3.721489654  131.680538234 -125.562578795
    3.723963904  131.347710475 -130.278812475
    3.726438155  131.068714451  -91.862752466
    3.728912406  130.894201399  -45.534109546
    3.731386656  130.836131208   -4.896234268
    3.733860907  130.850845568   11.490390664
    3.736335157  130.878209891    7.037824331
    3.738809408  130.885213483   -0.460184084
    3.741283659  130.878108687   -5.407715228
    3.743757909  130.865073402   -1.381986083
    3.746232160  130.892042934   28.935178573
    3.748706411  131.009903494   70.071533363
    3.751180661  131.210187021   90.112875676
    3.753654912  131.426862930   75.406136429
    3.756129162  131.552727002   20.480154159
    3.758603413  131.527106379  -40.811816420
    3.761077664  131.368475738  -83.018168534
    3.763551914  131.141178543  -97.187644822
    3.766026165  130.909947576  -88.643441950
    3.768500416  130.732143373  -56.641304507
    3.770974666  130.629949674  -23.987379357
    3.773448917  130.611788141   14.356976979
    3.775923167  130.679192997   41.374488562
    3.778397418  130.817450537   67.334778417
    3.780871669  130.985138414   61.601484280
    3.783345919  131.103481554   29.905013181
    3.785820170  131.123591967  -14.479081521
    3.788294421  131.041780531  -49.180980943
    3.790768671  130.906762844  -55.071301264
    3.793242922  130.797529328  -29.072068779
    3.795717173  130.786377567   18.183204488
    3.798191423  130.864249631   39.599689042
    3.800665674  130.944106681   18.149001290
    3.803139924  130.932744722  -28.920523133
    3.805614175  130.801458683  -70.144679871
    3.808088426  130.638259993  -50.609024422
    3.810562676  130.590591975   17.867719855
    3.813036927  130.729596635   89.844762314
    3.815511178  130.995053313  114.501422291
    3.817985428  131.241678772   77.742968978
    3.820459679  131.369513628   25.797686616
    3.822933929  131.395136163    0.133358193
    3.825408180  131.388618265    4.681653664
    3.827882431  131.414569938    9.730513207
    3.830356681  131.422903038   -8.934931132
    3.832830932  131.365684754  -37.020083768
    3.835305183  131.258366163  -44.744928169
    3.837779433  131.186489146   -7.615835945
    3.840253684  131.251106154   56.981369243
    3.842727934  131.465349798  108.093341569
    3.845202185  131.741616771  103.319543940
    3.847676436  131.922408032   33.834878880
    3.850150686  131.884951670  -68.835971150
    3.852624937  131.613169746 -138.378475687
    3.855099188  131.244615230 -143.777215451
    3.857573438  130.962550148  -74.489669742
    3.860047689  130.899297723   19.218128709
    3.862521940  131.037833093   83.557161539
    3.864996190  131.240251183   70.059684462
    3.867470441  131.333578226    6.297000041
    3.869944691  131.287904780  -35.258888943
    3.872418942  131.204422963  -22.264041081
    3.874893193  131.214912983   36.346013866
    3.877367443  131.357876107   74.178275526
    3.879841694  131.550474618   68.963722669
    3.882315945  131.661938686   18.736965385
    3.884790195  131.642967413  -27.973490616
    3.887264446  131.543975155  -47.465098845
    3.889738696  131.436085034  -38.712688688
    3.892212947  131.365074180  -20.913573219
    3.894687198  131.334612510   -3.226193203
    3.897161448  131.348381767   11.545996973
    3.899635699  131.387906770   20.492956780
    3.902109950  131.446841411   27.065271658
    3.904584200  131.501478577   16.469903638
    3.907058451  131.525411649    0.842011107
    3.909532701  131.517614413   -5.298085222
    3.912006952  131.523205638   12.226502562
    3.914481203  131.566239003   21.826140959
    3.916955453  131.603796433    3.973913462
    3.919429704  131.565447393  -36.340312175
    3.921903955  131.426451043  -69.853823035
    3.924378205  131.253101737  -57.758469515
    3.926852456  131.160376962   -8.136698937
    3.929326707  131.229625904   58.963661938
    3.931800957  131.423886932   93.241069906
    3.934275208  131.644800139   78.591906351
    3.936749458  131.778556602   29.035662039
    3.939223709  131.782177533  -20.441322803
    3.941697960  131.690455334  -49.458913109
    3.944172210  131.560746513  -49.964988127
    3.946646461  131.452746364  -37.655506091
    3.949120712  131.369913036  -34.304824618
    3.951594962  131.281704910  -40.025535803
    3.954069213  131.163987478  -53.414936915
    3.956543463  131.020391831  -62.529239281
    3.959017714  130.883464411  -43.319062007
    3.961491965  130.821677123   -5.897818977
    3.963966215  130.835190424   13.018738692
    3.966440466  130.856115567   -1.326913726
    3.968914717  130.834590687  -15.534226345
    3.971388967  130.791947301  -13.039932862
    3.973863218  130.783924960   14.756441293
    3.976337469  130.858159516   46.842506727
    3.978811719  130.996114454   53.643270745
    3.981285970  131.088999898   18.519997136
    3.983760220  131.069039461  -33.684521604
    3.986234471  130.939016386  -64.237972885
    3.988708722  130.774479566  -60.058397569
    3.991182972  130.659257361  -31.981415925
    3.993657223  130.614214052   -0.167597226
    3.996131474  130.662162504   35.510328497
    3.998605724  130.803686924   80.722028362
    4.001079975  131.087838018  151.513002921
    4.003554225  131.565974048  236.351196236
    4.006028476  132.249232913  310.234899167
    4.008502727  133.091489282  371.544692543
    4.010976977  134.087597129  433.963276995
    4.013451228  135.251010290  511.891083930
    4.015925479  136.634060344  606.233482329
    4.018399729  138.265811449  711.789358906
    4.020873980  140.139302592  802.650675728
    4.023348230  142.228799194  887.694033807
    4.025822481  144.538818541  984.347803684
    4.028296732  147.105696779 1091.310680739
    4.030770982  149.958464920 1214.186290141
    4.033245233  153.110741732 1331.369533547
    4.035719484  156.522903262 1425.023399121
    4.038193734  160.156850643 1517.084875446
    4.040667985  164.034939279 1623.549394627
    4.043142236  168.214912962 1759.076909963
    4.045616486  172.742819671 1893.881645794
    4.048090737  177.564979781 1992.770423043
    4.050564987  182.550137089 2029.154164496
    4.053039238  187.579365077 2033.451077326
    4.055513489  192.626763759 2051.850366522
    4.057987739  197.798569840 2146.156636473
    4.060461990  203.327885683 2337.627507263
    4.062936241  209.419934929 2595.326858397
    4.065410491  216.170307626 2854.462802877
    4.067884742  223.496653574 3048.988289712
    4.070358992  231.137348296 3099.695122552
    4.072833243  238.670814011 2954.611516532
    4.075307494  245.589323782 2606.996581181
    4.077781744  251.436759135 2101.685852612
    4.080255995  255.944416053 1538.463977631
    4.082730246  259.085088827 1013.113066120
    4.085204496  261.047693096  595.311192530
    4.087678747  262.145040608  315.470768682
    4.090152997  262.693102872  145.077208887
    4.092627248  262.933279185   58.652392197
    4.095101499  263.023155652   18.898795587
    4.097575749  263.049120087    3.896561455
    4.100050000  263.053873593    1.036513109
