#! FIELDS Ox_rho file.free der_Ox_rho
#! SET min_Ox_rho -0.0245868
#! SET max_Ox_rho 4.46816
#! SET nbins_Ox_rho  1817
#! SET periodic_Ox_rho false
   -0.024586800  270.073527369   -0.000000000
   -0.022112820  269.960188733 -136.238760440
   -0.019638841  269.235814749 -494.613140275
   -0.017164861  267.168182609 -1275.532505196
   -0.014690882  262.305645141 -2811.490213315
   -0.012216902  252.388418471 -5394.662635180
   -0.009742923  234.761720460 -8990.584929734
   -0.007268943  207.580502520 -12949.685477120
   -0.004794964  171.452133566 -15977.265516308
   -0.002320984  130.462468238 -16682.980609651
    0.000152995   91.352466658 -14462.074652496
    0.002626975   60.745387874 -10046.933730580
    0.005100954   41.982100863 -5221.250998247
    0.007574934   33.781730826 -1731.114123215
    0.010048913   31.694645548 -287.612095537
    0.012522893   31.086264505 -376.379122837
    0.014996872   29.433001368 -963.715109025
    0.017470852   26.538427350 -1306.693705877
    0.019944831   23.288611551 -1268.305631731
    0.022418811   20.386501933 -1079.878136065
    0.024892790   17.874932181 -973.766797347
    0.027366770   15.424926484 -1025.243977464
    0.029840749   12.867073022 -1033.952341350
    0.032314729   10.376982764 -968.820078394
    0.034788708    8.123768928 -847.239359894
    0.037262688    6.182519379 -723.643726350
    0.039736667    4.538154174 -608.071109616
    0.042210647    3.146992868 -518.009217036
    0.044684626    1.987744083 -419.210822623
    0.047158606    1.085015259 -304.314430284
    0.049632585    0.462535338 -195.725071022
    0.052106565    0.103751515  -92.785631839
    0.054580544    0.000000000    8.205230151
    0.057054524    0.160284114  120.888121190
    0.059528504    0.583018317  219.730131410
    0.062002483    1.259562218  321.955177480
    0.064476463    2.156593021  399.755243052
    0.066950442    3.225804605  464.409618180
    0.069424422    4.437130730  514.753596992
    0.071898401    5.762407079  554.249754689
    0.074372381    7.178003029  585.341984418
    0.076846360    8.663650496  608.364083174
    0.079320340   10.170927440  605.718619837
    0.081794319   11.665707614  604.418747275
    0.084268299   13.169049975  617.570683427
    0.086742278   14.734547324  652.074548300
    0.089216258   16.410408914  701.682380606
    0.091690237   18.197313109  739.568083978
    0.094164217   20.059490268  763.808722546
    0.096638196   21.962224410  773.405888853
    0.099112176   23.868031880  769.114356436
    0.101586155   25.759710085  764.898917215
    0.104060135   27.637610203  751.608722206
    0.106534114   29.483890667  739.808161499
    0.109008094   31.283492074  716.524590321
    0.111482073   33.031609889  693.216316289
    0.113956053   34.699925506  653.458834977
    0.116430032   36.236524108  583.227013696
    0.118904012   37.532132221  454.898948835
    0.121377991   38.449679817  281.890567948
    0.123851971   38.917243868   95.368607437
    0.126325950   38.944222999  -63.950052748
    0.128799930   38.649541091 -163.559687124
    0.131273909   38.183338508 -203.681719850
    0.133747889   37.671286636 -201.745889647
    0.136221869   37.189873165 -188.538063172
    0.138695848   36.737461346 -178.857630147
    0.141169828   36.322779547 -159.345072401
    0.143643807   35.961880703 -127.154821164
    0.146117787   35.699951243  -82.873978194
    0.148591766   35.562027114  -30.283911211
    0.151065746   35.550465073   21.613447502
    0.153539725   35.655139076   65.163709113
    0.156013705   35.872973217  113.918594458
    0.158487684   36.216379337  165.377439529
    0.160961664   36.709748365  233.439239301
    0.163435643   37.363779747  296.363699309
    0.165909623   38.146519861  327.760494289
    0.168383602   38.950838164  313.257545280
    0.170857582   39.662999124  255.916902838
    0.173331561   40.193387834  170.809251504
    0.175805541   40.499812043   81.076869482
    0.178279520   40.613242800   13.230314430
    0.180753500   40.587450030  -34.926876080
    0.183227479   40.451582830  -71.042078368
    0.185701459   40.226047891 -106.645699714
    0.188175438   39.928673977 -131.355902101
    0.190649418   39.595165051 -141.396634062
    0.193123397   39.232001983 -153.183604598
    0.195597377   38.826160671 -177.987843101
    0.198071356   38.361945861 -196.674242053
    0.200545336   37.882411579 -184.987535286
    0.203019315   37.467199003 -145.129524804
    0.205493295   37.172390250  -91.730711624
    0.207967274   37.011148873  -39.528039100
    0.210441254   36.961817290   -4.869788837
    0.212915233   36.971013940   12.941934076
    0.215389213   37.011532786   20.674313235
    0.217863193   37.085059046   42.189606319
    0.220337172   37.242721745   85.874486677
    0.222811152   37.518517325  139.135925818
    0.225285131   37.919594859  183.788223212
    0.227759111   38.431283041  228.730476200
    0.230233090   39.030831811  252.685619357
    0.232707070   39.672288372  266.691616180
    0.235181049   40.329205059  266.365656105
    0.237655029   40.994143455  273.745544923
    0.240129008   41.688189918  287.246402365
    0.242602988   42.437086387  318.217158286
    0.245076967   43.258979986  343.348429459
    0.247550947   44.142799899  365.175596692
    0.250024926   45.053599355  372.075812282
    0.252498906   45.982744464  381.714990928
    0.254972885   46.962406236  411.017340014
    0.257446865   48.041385926  464.486285388
    0.259920844   49.262715993  520.068296299
    0.262394824   50.604157484  557.891858287
    0.264868803   52.003643005  569.576173723
    0.267342783   53.402777653  565.273346385
    0.269816762   54.814992462  577.292162158
    0.272290742   56.279298714  606.916900091
    0.274764721   57.809436489  629.055771765
    0.277238701   59.380420168  638.687281216
    0.279712680   60.953671963  628.272577199
    0.282186660   62.499560376  625.061821740
    0.284660639   64.044503216  626.128283719
    0.287134619   65.610894662  636.003885594
    0.289608598   67.194666908  643.934877935
    0.292082578   68.804393175  655.828521271
    0.294556557   70.445741552  671.188405206
    0.297030537   72.121957910  683.789906103
    0.299504517   73.809245097  677.563902273
    0.301978496   75.445117677  641.636278944
    0.304452476   76.972379728  587.929521659
    0.306926455   78.376162457  547.548298424
    0.309400435   79.704351492  522.546705657
    0.311874414   80.989865856  516.710876616
    0.314348394   82.265376871  515.303127630
    0.316822373   83.524285812  507.098246220
    0.319296353   84.768195044  496.486733775
    0.321770332   85.985672033  486.328132872
    0.324244312   87.168417365  471.850701173
    0.326718291   88.303521196  450.578986064
    0.329192271   89.411045228  445.949066753
    0.331666250   90.543840572  472.825193070
    0.334140230   91.755049813  505.301251998
    0.336614209   93.011969431  500.904975890
    0.339088189   94.193820070  439.305603266
    0.341562168   95.150665703  330.181224539
    0.344036148   95.853689201  243.756718364
    0.346510127   96.410886274  219.237512185
    0.348984107   96.974532745  242.522989801
    0.351458086   97.625729178  281.376685404
    0.353932066   98.322590000  272.886620238
    0.356406045   98.940224098  217.024381158
    0.358880025   99.391944066  145.391547495
    0.361354004   99.704392639  114.481933116
    0.363827984   99.991698862  123.805284899
    0.366301963  100.319607013  144.813663759
    0.368775943  100.696270068  151.869426240
    0.371249922  101.068108867  149.487195155
    0.373723902  101.421932966  139.318635622
    0.376197881  101.760858483  141.287410069
    0.378671861  102.136093108  165.199375077
    0.381145841  102.589249529  202.914158176
    0.383619820  103.148916806  247.722258093
    0.386093800  103.807886315  286.658899441
    0.388567779  104.549158355  309.958692776
    0.391041759  105.350702576  335.270126503
    0.393515738  106.212156509  356.967110436
    0.395989718  107.109950698  365.742238285
    0.398463697  108.000612797  354.725729543
    0.400937677  108.876961802  355.779053624
    0.403411656  109.781766951  379.254783419
    0.405885636  110.779494701  424.687540285
    0.408359615  111.895443033  476.454759505
    0.410833595  113.133716960  524.364109912
    0.413307574  114.480443455  563.118934468
    0.415781554  115.920947035  604.366571679
    0.418255533  117.469489124  649.160861430
    0.420729513  119.142591468  699.502975382
    0.423203492  120.895702966  714.871473633
    0.425677472  122.655182289  701.082768811
    0.428151451  124.357407514  672.301236275
    0.430625431  125.984937638  647.396227298
    0.433099410  127.579775598  644.746504108
    0.435573390  129.181167193  654.477133207
    0.438047369  130.819301498  668.788568467
    0.440521349  132.510832101  703.036689522
    0.442995328  134.320381247  762.639430147
    0.445469308  136.287211540  819.964205787
    0.447943287  138.330758280  820.468498098
    0.450417267  140.286296834  745.237446260
    0.452891246  141.960967482  598.979001262
    0.455365226  143.239949993  437.622400292
    0.457839206  144.174820424  329.158951683
    0.460313185  144.926698025  289.200128573
    0.462787165  145.627266711  279.173058806
    0.465261144  146.290673106  248.875596496
    0.467735124  146.831984578  186.218968538
    0.470209103  147.213601753  125.478394220
    0.472683083  147.478972813   96.291998952
    0.475157062  147.724700293  106.984995317
    0.477631042  148.011111540  128.058613113
    0.480105021  148.360774201  158.253222638
    0.482579001  148.808594066  205.925734805
    0.485052980  149.403390979  282.576330439
    0.487526960  150.201992571  358.863714177
    0.490000939  151.151334568  401.494988571
    0.492474919  152.113078306  367.661987980
    0.494948898  152.928305476  287.082599752
    0.497422878  153.551561366  226.164374098
    0.499896857  154.125490099  252.418999804
    0.502370837  154.876996859  365.224320137
    0.504844816  155.940958615  487.306787381
    0.507318796  157.222766919  530.590316544
    0.509792775  158.468067370  459.712201308
    0.512266755  159.428327106  309.788643449
    0.514740734  160.003902271  158.092696557
    0.517214714  160.260107911   61.718781086
    0.519688693  160.374942349   41.727106854
    0.522162673  160.482634073   44.425976552
    0.524636652  160.579907887   30.343651460
    0.527110632  160.577106861  -33.353573638
    0.529584611  160.394313623 -112.116844381
    0.532058591  160.042869763 -167.587348179
    0.534532570  159.592380149 -190.140745053
    0.537006550  159.126941727 -185.545703538
    0.539480530  158.686417173 -172.578073055
    0.541954509  158.244220915 -185.220174979
    0.544428489  157.734948564 -228.781720275
    0.546902468  157.113081999 -268.901750091
    0.549376448  156.421064720 -282.215456330
    0.551850427  155.755145787 -248.116280886
    0.554324407  155.215567852 -186.120325236
    0.556798386  154.841735550 -115.771989889
    0.559272366  154.616457118  -68.698164148
    0.561746345  154.480829622  -43.345340164
    0.564220325  154.398389556  -27.260538723
    0.566694304  154.344084082  -15.039153420
    0.569168284  154.327673076    2.092264401
    0.571642263  154.327815918   -6.820771864
    0.574116243  154.265181123  -44.099655624
    0.576590222  154.098434534  -89.099307669
    0.579064202  153.838319477 -114.844198553
    0.581538181  153.542744281 -119.897013942
    0.584012161  153.252916660 -114.349945554
    0.586486140  152.984819432 -105.645443797
    0.588960120  152.728603830 -106.242137868
    0.591434099  152.448667374 -115.368341638
    0.593908079  152.167077228 -106.020321393
    0.596382058  151.934741404  -76.783834269
    0.598856038  151.772894588  -55.948620071
    0.601330017  151.646749768  -50.582709035
    0.603803997  151.497212775  -72.793064632
    0.606277976  151.294287125  -88.661566052
    0.608751956  151.075071354  -88.983532195
    0.611225935  150.873853695  -75.986603026
    0.613699915  150.699968813  -70.063640496
    0.616173894  150.512334305  -84.580708235
    0.618647874  150.282568807 -101.959707472
    0.621121854  150.004997080 -118.302535682
    0.623595833  149.709187175 -112.267037511
    0.626069813  149.459000778  -87.949049732
    0.628543792  149.263142040  -73.403204320
    0.631017772  149.080854188  -74.583402422
    0.633491751  148.868377769 -100.485247279
    0.635965731  148.587476307 -123.730443268
    0.638439710  148.261424306 -135.924568267
    0.640913690  147.936831964 -120.966299159
    0.643387669  147.666615520  -91.687374465
    0.645861649  147.462124792  -66.723226422
    0.648335628  147.321256447  -45.807530757
    0.650809608  147.212406111  -44.768393648
    0.653283587  147.094595241  -50.494761762
    0.655757567  146.948689260  -63.838521866
    0.658231546  146.782182590  -67.195090646
    0.660705526  146.661461073  -25.551886900
    0.663179505  146.680745448   45.177247417
    0.665653485  146.890618816  122.013921943
    0.668127464  147.252449372  159.060192530
    0.670601444  147.635320405  142.964696802
    0.673075423  147.919409623   86.244697742
    0.675549403  148.046909556   22.362409470
    0.678023382  148.034378718  -23.377428472
    0.680497362  147.942344898  -47.715340999
    0.682971341  147.819293174  -42.685818045
    0.685445321  147.761488521    8.706289322
    0.687919300  147.891966096  103.393369648
    0.690393280  148.286233981  211.076120485
    0.692867259  148.893123597  269.533407134
    0.695341239  149.538150314  236.829679942
    0.697815219  150.010928642  141.213896460
    0.700289198  150.222149702   36.830732343
    0.702763178  150.262088098    5.201750795
    0.705237157  150.286126831   23.775251756
    0.707711137  150.388892618   60.044123444
    0.710185116  150.565775226   79.565354650
    0.712659096  150.755899260   74.324397467
    0.715133075  150.922999213   63.162931364
    0.717607055  151.077463138   65.627388338
    0.720081034  151.261145385   81.936058180
    0.722555014  151.460861664   74.928755387
    0.725028993  151.612112561   44.887900397
    0.727502973  151.656539636   -9.649636908
    0.729976952  151.561592068  -65.646164493
    0.732450932  151.371767651  -83.552630335
    0.734924911  151.174287387  -68.880888492
    0.737398891  151.045826042  -31.987175256
    0.739872870  151.006559449   -3.791513771
    0.742346850  151.013268134   -0.750480368
    0.744820829  150.991676852  -22.895514246
    0.747294809  150.905058702  -48.266218127
    0.749768788  150.758314464  -67.980171688
    0.752242768  150.584567732  -72.793425487
    0.754716747  150.391144951  -84.482239245
    0.757190727  150.176415650  -92.733544395
    0.759664706  149.930628382 -102.260846885
    0.762138686  149.677191056  -99.602121198
    0.764612665  149.450624031  -81.244426870
    0.767086645  149.274952039  -61.506311299
    0.769560624  149.155925158  -37.589488334
    0.772034604  149.069332923  -33.834841476
    0.774508583  148.994027853  -28.815189457
    0.776982563  148.908677034  -40.473533579
    0.779456543  148.807993250  -44.469448711
    0.781930522  148.692871797  -50.456367723
    0.784404502  148.558261673  -59.964597205
    0.786878481  148.394685982  -69.983819943
    0.789352461  148.212418418  -71.674284963
    0.791826440  148.069702666  -39.961940592
    0.794300420  148.037893638   14.490819731
    0.796774399  148.121402629   45.648537833
    0.799248379  148.232514849   31.572958202
    0.801722358  148.254924870  -18.524721836
    0.804196338  148.139949928  -71.386194618
    0.806670317  147.941786077  -84.734109979
    0.809144297  147.749968869  -67.507936740
    0.811618276  147.608357130  -52.894518817
    0.814092256  147.465974254  -67.290318952
    0.816566235  147.263573653  -94.748738289
    0.819040215  147.021974421  -94.607842470
    0.821514194  146.802092261  -75.338215550
    0.823988174  146.645216010  -57.546265271
    0.826462153  146.497783523  -67.369644643
    0.828936133  146.295321122 -103.202338262
    0.831410112  145.983110133 -145.471587769
    0.833884092  145.595780418 -159.692611792
    0.836358071  145.222545556 -135.614975193
    0.838832051  144.953441782  -77.661257581
    0.841306030  144.849952565   -7.602863802
    0.843780010  144.898132424   43.478021264
    0.846253989  145.043630319   66.562988633
    0.848727969  145.196123873   48.879262668
    0.851201948  145.269805043    3.652012758
    0.853675928  145.202373843  -54.973752154
    0.856149907  145.020663085  -86.011305664
    0.858623887  144.795505673  -91.694486047
    0.861097867  144.609414971  -55.975017894
    0.863571846  144.523847991  -12.539805655
    0.866045826  144.556430939   38.338491931
    0.868519805  144.694946411   70.750792390
    0.870993785  144.876389495   76.134635397
    0.873467764  145.039007390   46.563522854
    0.875941744  145.107805858    7.664183998
    0.878415723  145.084512765  -28.219440458
    0.880889703  144.976503401  -54.262616531
    0.883363682  144.834575253  -59.671514406
    0.885837662  144.686175187  -58.359840096
    0.888311641  144.549962107  -52.286302028
    0.890785621  144.422907028  -54.615239053
    0.893259600  144.273139274  -66.263805194
    0.895733580  144.105041320  -72.282830248
    0.898207559  143.936858110  -56.891004545
    0.900681539  143.841941657  -21.115300889
    0.903155518  143.837778240   16.396045793
    0.905629498  143.891905015   16.993140498
    0.908103477  143.882889374  -32.117836028
    0.910577457  143.726529235  -98.158553326
    0.913051436  143.401095792 -158.104051923
    0.915525416  142.993572126 -159.328042211
    0.917999395  142.633583892 -124.430328274
    0.920473375  142.399426039  -61.189201540
    0.922947354  142.309000926  -20.302169651
    0.925421334  142.281640627   -7.475195321
    0.927895313  142.243315106  -31.913681553
    0.930369293  142.113570839  -74.667675178
    0.932843272  141.884374626 -112.222440179
    0.935317252  141.589609878 -118.396107512
    0.937791231  141.312556597  -99.398067950
    0.940265211  141.109053679  -65.551736896
    0.942739191  140.965342418  -56.807642668
    0.945213170  140.816391203  -72.599714841
    0.947687150  140.584603333 -113.964432318
    0.950161129  140.241516983 -163.302129451
    0.952635109  139.803736058 -189.455127164
    0.955109088  139.321553982 -196.567191720
    0.957583068  138.831326876 -195.940710953
    0.960057047  138.373280444 -173.131063276
    0.962531027  138.001540645 -123.399018971
    0.965005006  137.777436261  -57.404681323
    0.967478986  137.699680499  -11.512320743
    0.969952965  137.691808024   -7.021736936
    0.972426945  137.618422409  -59.883649305
    0.974900924  137.364424358 -143.728533254
    0.977374904  136.921010626 -209.261469349
    0.979848883  136.358317484 -240.929625618
    0.982322863  135.757233783 -241.673198299
    0.984796842  135.180945116 -221.128537996
    0.987270822  134.654449880 -201.903127756
    0.989744801  134.194750221 -169.191758680
    0.992218781  133.824246187 -129.367993392
    0.994692760  133.568325761  -79.773101432
    0.997166740  133.417387185  -47.262741833
    0.999640719  133.297731883  -54.497012494
    1.002114699  133.132798315  -80.837355198
    1.004588678  132.899647971 -105.547469166
    1.007062658  132.620065216 -112.919181791
    1.009536637  132.344390045 -106.220140267
    1.012010617  132.093239745  -97.232376884
    1.014484596  131.862015601  -93.592791949
    1.016958576  131.633976297  -90.742687412
    1.019432556  131.423836339  -83.750372668
    1.021906535  131.220828735  -83.212305011
    1.024380515  131.011384787  -84.667931666
    1.026854494  130.798460630  -82.948217873
    1.029328474  130.606600745  -72.711138864
    1.031802453  130.441708900  -62.265141396
    1.034276433  130.292471699  -61.439446135
    1.036750412  130.128467795  -71.324226437
    1.039224392  129.941448768  -80.911244280
    1.041698371  129.752753466  -67.198431383
    1.044172351  129.634229556  -27.009030243
    1.046646330  129.605951578   -5.367107671
    1.049120310  129.572272813  -34.354362270
    1.051594289  129.409133625 -104.464750378
    1.054068269  129.055014989 -176.002775052
    1.056542248  128.587201654 -191.235987556
    1.059016228  128.155528013 -143.771381714
    1.061490207  127.908362064  -55.576220203
    1.063964187  127.841450704   -4.693954802
    1.066438166  127.826474415  -17.275574051
    1.068912146  127.727309327  -66.481082853
    1.071386125  127.516955450  -97.912318414
    1.073860105  127.301142107  -66.427175839
    1.076334084  127.216044171    3.374302554
    1.078808064  127.301562130   55.267196803
    1.081282043  127.430712035   41.683887446
    1.083756023  127.487955132   -0.570481427
    1.086230002  127.429016577  -44.359857896
    1.088703982  127.296568184  -60.509556893
    1.091177961  127.152655596  -49.768306357
    1.093651941  127.052972336  -32.057781598
    1.096125920  126.989599532  -19.845903841
    1.098599900  126.965506276   -3.394318022
    1.101073880  126.968797116    4.959876899
    1.103547859  126.998954227   13.687767359
    1.106021839  127.020538933    1.512107759
    1.108495818  126.998402475  -12.938587524
    1.110969798  126.966877534  -11.480353389
    1.113443777  126.959011216   11.956709396
    1.115917757  127.031109204   46.387493843
    1.118391736  127.184041473   73.455278095
    1.120865716  127.361669785   69.506221174
    1.123339695  127.509202116   47.882900891
    1.125813675  127.603667604   31.853873708
    1.128287654  127.683210566   32.071336845
    1.130761634  127.776065100   47.730562620
    1.133235613  127.932165423   71.522432185
    1.135709593  128.113434430   69.353289747
    1.138183572  128.246305426   28.624201510
    1.140657552  128.252833552  -24.798249766
    1.143131531  128.138715779  -63.570099408
    1.145605511  127.980919918  -56.347975621
    1.148079490  127.888371377  -18.972302080
    1.150553470  127.885121363   13.998668190
    1.153027449  127.936796459   16.809522081
    1.155501429  127.937055016  -15.714035230
    1.157975408  127.841944754  -59.746858931
    1.160449388  127.657578348  -87.466107001
    1.162923367  127.440464776  -85.279089588
    1.165397347  127.251981175  -68.500224351
    1.167871326  127.099803381  -53.516458929
    1.170345306  126.995115243  -24.011458941
    1.172819285  126.991232400   25.547525413
    1.175293265  127.141721039  100.520510077
    1.177767244  127.475988615  161.120202458
    1.180241224  127.888705045  160.368671808
    1.182715204  128.212864658   90.114470507
    1.185189183  128.310631763  -11.189653389
    1.187663163  128.181487601  -83.840094316
    1.190137142  127.953264216  -89.613909977
    1.192611122  127.789684406  -37.873244975
    1.195085101  127.773369635   20.339659340
    1.197559081  127.866118443   50.269686164
    1.200033060  128.008433793   57.077137099
    1.202507040  128.148493066   52.518780019
    1.204981019  128.273695009   51.333031514
    1.207454999  128.386293014   38.746556797
    1.209928978  128.473855412   30.559671862
    1.212402958  128.550943229   32.240774529
    1.214876937  128.642851520   40.881258544
    1.217350917  128.751694248   48.751100620
    1.219824896  128.876035437   52.065065184
    1.222298876  128.975448482   25.559012055
    1.224772855  128.997030741   -6.125504949
    1.227246835  128.938267514  -39.399288396
    1.229720814  128.821532911  -50.189435549
    1.232194794  128.724634919  -23.703165598
    1.234668773  128.718539704   21.211441071
    1.237142753  128.827730460   60.638709585
    1.239616732  128.987376188   63.579464986
    1.242090712  129.127232056   47.694393165
    1.244564691  129.215685818   28.315615648
    1.247038671  129.301482277   50.560133855
    1.249512650  129.479159512   89.692375657
    1.251986630  129.740572260  113.157355151
    1.254460609  130.014025440   96.493281401
    1.256934589  130.190221653   44.984896088
    1.259408569  130.255422448   14.577017629
    1.261882548  130.299807213   25.580762883
    1.264356528  130.412758496   68.802107124
    1.266830507  130.623472314  100.458427498
    1.269304487  130.885927314  104.977505514
    1.271778466  131.111704321   79.759476957
    1.274252446  131.290577901   64.164631553
    1.276726425  131.441268173   63.586185794
    1.279200405  131.624876385   84.373726846
    1.281674384  131.861000047  103.971884935
    1.284148364  132.126405005  108.406683971
    1.286622343  132.378467440   91.999630357
    1.289096323  132.580319855   72.224351995
    1.291570302  132.758328312   73.793955431
    1.294044282  132.945690037   79.102456438
    1.296518261  133.167695411   98.862309950
    1.298992241  133.423047827  105.184510888
    1.301466220  133.690743223  108.769865203
    1.303940200  133.959782623  106.086916828
    1.306414179  134.222906909  109.063260843
    1.308888159  134.485369614  103.056819851
    1.311362138  134.725435229   91.655566955
    1.313836118  134.949644548   92.571091111
    1.316310097  135.183996803  101.147507278
    1.318784077  135.440476754  104.581056734
    1.321258056  135.693419227  101.374220218
    1.323732036  135.920334431   79.298387016
    1.326206015  136.091039013   59.840486583
    1.328679995  136.219148517   49.334367019
    1.331153974  136.351940430   61.419917013
    1.333627954  136.542006221   88.293906308
    1.336101933  136.783434748  107.502646588
    1.338575913  137.053170799  109.580284634
    1.341049893  137.345878959  127.178777977
    1.343523872  137.686807313  153.815706460
    1.345997852  138.107161361  182.877085403
    1.348471831  138.560874635  177.874642488
    1.350945811  138.933686320  117.837952324
    1.353419790  139.105974466   23.393611664
    1.355893770  139.085855272  -32.645254320
    1.358367749  138.999332698  -19.072045657
    1.360841729  139.034310509   53.371907803
    1.363315708  139.246337799  109.894168630
    1.365789688  139.517367502   96.882344006
    1.368263667  139.661603376   15.885613704
    1.370737647  139.623308202  -34.767450982
    1.373211626  139.542405537  -14.422479081
    1.375685606  139.607416527   67.959695247
    1.378159585  139.862004784  128.350989170
    1.380633565  140.176472855  115.087303630
    1.383107544  140.392923196   51.872090237
    1.385581524  140.461231225   11.354772483
    1.388055503  140.493553337   22.577514642
    1.390529483  140.612489678   76.117066749
    1.393003462  140.849972495  111.233201064
    1.395477442  141.133446348  112.172954531
    1.397951421  141.391962689   98.804727743
    1.400425401  141.633312525  103.071169161
    1.402899380  141.915898194  131.607441208
    1.405373360  142.280334301  151.505563908
    1.407847339  142.647236247  139.610686329
    1.410321319  142.933211256   87.607393576
    1.412795298  143.079107866   35.688232671
    1.415269278  143.127775128    8.780340146
    1.417743257  143.147249825   15.212736323
    1.420217237  143.207698573   37.786581199
    1.422691217  143.329763420   61.092325916
    1.425165196  143.516469186   89.410656507
    1.427639176  143.771887736  117.821847444
    1.430113155  144.113964241  158.802819976
    1.432587135  144.553362652  194.253363471
    1.435061114  145.059220110  209.545793899
    1.437535094  145.548412146  178.025151824
    1.440009073  145.929681163  127.882959187
    1.442483053  146.181517768   82.311203078
    1.444957032  146.368559588   75.019178973
    1.447431012  146.587086773  107.096837508
    1.449904991  146.905623121  148.917997673
    1.452378971  147.312166054  171.570710477
    1.454852950  147.730261511  157.573066813
    1.457326930  148.096421505  138.009728624
    1.459800909  148.422040926  125.028765958
    1.462274889  148.740328273  136.616413053
    1.464748868  149.091593860  146.721172294
    1.467222848  149.455468015  144.275654050
    1.469696827  149.780337145  122.505884532
    1.472170807  150.065223701  110.856809624
    1.474644786  150.349298913  123.289769190
    1.477118766  150.679371693  142.697730067
    1.479592745  151.038008533  138.002219618
    1.482066725  151.345428677  109.682780180
    1.484540704  151.572420682   75.416514923
    1.487014684  151.756441964   82.018411135
    1.489488663  152.009696668  126.686218273
    1.491962643  152.381890900  174.540019373
    1.494436622  152.837812062  188.724657061
    1.496910602  153.275001903  162.807252367
    1.499384581  153.632802682  131.413802937
    1.501858561  153.947594611  124.770833372
    1.504332541  154.275073625  143.104525004
    1.506806520  154.665640106  168.801118047
    1.509280500  155.103984283  184.777115360
    1.511754479  155.576466835  196.283431880
    1.514228459  156.083040740  213.137841945
    1.516702438  156.632625216  231.841037581
    1.519176418  157.200291846  224.834801921
    1.521650397  157.727588477  199.685421220
    1.524124377  158.176549159  165.714502296
    1.526598356  158.541435016  135.696599813
    1.529072336  158.880947561  141.877704516
    1.531546315  159.245183268  153.827118711
    1.534020295  159.627378815  150.768017227
    1.536494274  159.987724196  134.360130759
    1.538968254  160.276288187   96.647475709
    1.541442233  160.472104377   66.258724023
    1.543916213  160.606680994   47.555072438
    1.546390192  160.723122742   50.060177274
    1.548864172  160.867615185   67.817608329
    1.551338151  161.054041874   85.421520520
    1.553812131  161.292361348  106.407130970
    1.556286110  161.578721777  125.068408543
    1.558760090  161.924058708  152.542212106
    1.561234069  162.338796625  182.831942704
    1.563708049  162.823561167  203.245157610
    1.566182028  163.310015803  184.320294045
    1.568656008  163.708386983  138.861958706
    1.571129987  163.993197334   96.762015739
    1.573603967  164.208707650   81.429705769
    1.576077946  164.414554791   92.163125205
    1.578551926  164.690117192  129.378372045
    1.581025906  165.041229685  153.340215379
    1.583499885  165.441526917  169.923231771
    1.585973865  165.866161835  176.138018253
    1.588447844  166.306498728  175.483089538
    1.590921824  166.734442233  165.782701718
    1.593395803  167.097666048  129.223246659
    1.595869783  167.370333262   91.161542660
    1.598343762  167.570714408   75.203718081
    1.600817742  167.759074780   85.894522029
    1.603291721  167.995848532  105.467326550
    1.605765701  168.259696425  107.988342276
    1.608239680  168.520237682  102.530915314
    1.610713660  168.779685369  110.112641470
    1.613187639  169.094359657  147.115108715
    1.615661619  169.517029674  196.270512838
    1.618135598  170.065645290  239.040921866
    1.620609578  170.662080249  236.925327034
    1.623083557  171.200682398  189.587880853
    1.625557537  171.599649940  136.280251087
    1.628031516  171.905279883  120.079290849
    1.630505496  172.228900940  143.126807128
    1.632979475  172.623048939  174.661522226
    1.635453455  173.051054340  170.034403092
    1.637927434  173.430622156  129.906825119
    1.640401414  173.702521278   89.186234530
    1.642875393  173.885858874   70.623640720
    1.645349373  174.065713333   74.330058196
    1.647823352  174.247858900   67.409109195
    1.650297332  174.366114065   24.832963491
    1.652771311  174.359607669  -26.202560826
    1.655245291  174.264399186  -38.820112236
    1.657719270  174.215291419   10.991220470
    1.660193250  174.348541832   99.392462275
    1.662667230  174.686704626  167.078846420
    1.665141209  175.114174337  169.136200434
    1.667615189  175.485494294  123.597201666
    1.670089168  175.738388921   84.482573749
    1.672563148  175.941140833   83.199716521
    1.675037127  176.184741350  119.597680716
    1.677511107  176.538889022  164.941016579
    1.679985086  176.973824085  177.385047186
    1.682459066  177.394583430  164.938316615
    1.684933045  177.774550855  148.448841434
    1.687407025  178.149431146  156.809967227
    1.689881004  178.561965763  176.296199227
    1.692354984  179.000767899  176.635748788
    1.694828963  179.386599592  125.395799759
    1.697302943  179.603274546   46.059454688
    1.699776922  179.623128138  -26.472197260
    1.702250902  179.524026824  -46.539402155
    1.704724881  179.418099097  -34.683519691
    1.707198861  179.354268028  -20.073970941
    1.709672840  179.308626134  -22.468966109
    1.712146820  179.232724220  -32.594835699
    1.714620799  179.166861403   -7.696099688
    1.717094779  179.243625831   76.712353720
    1.719568758  179.582002387  192.677189611
    1.722042738  180.158983928  258.053297921
    1.724516717  180.770341624  222.229531249
    1.726990697  181.189730705  107.005259669
    1.729464676  181.302760072  -10.989519148
    1.731938656  181.203985717  -53.122362509
    1.734412635  181.111351464   -7.453737759
    1.736886615  181.203756864   80.184432168
    1.739360594  181.493531227  141.726230416
    1.741834574  181.834850163  124.970946425
    1.744308554  182.082915522   72.463953312
    1.746782533  182.224782713   50.486419422
    1.749256513  182.387115770   89.552791385
    1.751730492  182.707812725  172.722526656
    1.754204472  183.218528697  237.283693833
    1.756678451  183.837039520  251.049475609
    1.759152431  184.415140497  208.543670199
    1.761626410  184.848171307  140.865417377
    1.764100390  185.127815109   95.250412156
    1.766574369  185.340662004   81.469918319
    1.769048349  185.572232648  105.814086777
    1.771522328  185.877502905  145.951700264
    1.773996308  186.300732975  198.902104765
    1.776470287  186.855180504  244.254229769
    1.778944267  187.487671251  258.034029906
    1.781418246  188.086206980  217.954768616
    1.783892226  188.557322524  162.156466691
    1.786366205  188.909452196  126.356652610
    1.788840185  189.230227521  137.361171467
    1.791314164  189.616624434  176.693928321
    1.793788144  190.116394768  220.878874232
    1.796262123  190.684081469  230.991006649
    1.798736103  191.238991993  213.743859322
    1.801210082  191.729764511  189.252834624
    1.803684062  192.185772200  184.743505027
    1.806158041  192.660012600  200.693455313
    1.808632021  193.169590412  209.591899253
    1.811106000  193.694785493  215.701740739
    1.813579980  194.250646214  237.090378962
    1.816053959  194.859653105  259.018548447
    1.818527939  195.513327857  264.206321430
    1.821001919  196.136890999  240.558553245
    1.823475898  196.691072340  205.937201940
    1.825949878  197.188913797  202.659064498
    1.828423857  197.738639139  249.724701947
    1.830897837  198.445819453  322.174838689
    1.833371816  199.306378276  364.709339428
    1.835845796  200.189284666  336.274671976
    1.838319775  200.924031136  249.453335014
    1.840793755  201.430712239  165.498764126
    1.843267734  201.792401634  134.236659328
    1.845741714  202.122262663  140.173630427
    1.848215693  202.492464508  157.558778005
    1.850689673  202.901013879  173.972045653
    1.853163652  203.366834177  209.656831273
    1.855637632  204.004885212  316.557398563
    1.858111611  204.967791790  466.585749808
    1.860585591  206.292541116  588.501218692
    1.863059570  207.775659548  582.946416772
    1.865533550  209.040813087  416.093645087
    1.868007529  209.743471777  149.321009355
    1.870481509  209.791867455  -88.110797293
    1.872955488  209.429766344 -178.560464667
    1.875429468  209.055649377 -102.262804559
    1.877903447  209.002691354   64.722193191
    1.880377427  209.354978005  207.208627192
    1.882851406  209.930919069  239.687749339
    1.885325386  210.432070132  151.495211529
    1.887799365  210.632261771   11.404805989
    1.890273345  210.528241257  -79.586272783
    1.892747324  210.328141074  -65.658944885
    1.895221304  210.273417029   31.791564829
    1.897695283  210.483815091  130.996755668
    1.900169263  210.858383650  152.529563053
    1.902643243  211.163892706   79.732489844
    1.905117222  211.222274819  -35.787732356
    1.907591202  211.010328744 -123.425601868
    1.910065181  210.678799504 -133.247530356
    1.912539161  210.399853148  -87.255278566
    1.915013140  210.248922259  -37.748088258
    1.917487120  210.188626394  -12.755405632
    1.919961099  210.168296968   -2.386355875
    1.922435079  210.193219800   24.019858945
    1.924909058  210.296743642   63.541747430
    1.927383038  210.511347840  107.793644187
    1.929857017  210.802382724  121.626086606
    1.932330997  211.069746942   85.762878840
    1.934804976  211.165501930  -14.176574694
    1.937278956  210.984040954 -132.525599730
    1.939752935  210.539257063 -211.561980394
    1.942226915  210.025828083 -184.700762288
    1.944700894  209.702243517  -65.534666422
    1.947174874  209.743818530   96.845442527
    1.949648853  210.118722165  193.192500021
    1.952122833  210.602883598  179.004522487
    1.954596812  210.938954637   79.458031592
    1.957070792  210.990047284  -33.259065511
    1.959544771  210.832354820  -85.716989666
    1.962018751  210.634131209  -63.770148481
    1.964492730  210.554139097    5.333861807
    1.966966710  210.655010791   75.533210423
    1.969440689  210.897048967  112.878274980
    1.971914669  211.182026594  110.363060583
    1.974388648  211.405341311   68.829403057
    1.976862628  211.500373705   11.952667130
    1.979336607  211.464448662  -34.971856525
    1.981810587  211.344307722  -62.491273387
    1.984284567  211.167795526  -78.654585313
    1.986758546  210.966747579  -83.233588936
    1.989232526  210.762512914  -78.213203958
    1.991706505  210.572112971  -71.602281088
    1.994180485  210.408278030  -60.963255052
    1.996654464  210.277887768  -46.888254929
    1.999128444  210.157242557  -50.915896781
    2.001602423  210.007891160  -70.574917541
    2.004076403  209.814714275  -84.463715931
    2.006550382  209.611843291  -73.397472747
    2.009024362  209.465517116  -41.245380041
    2.011498341  209.409639050   -2.979577054
    2.013972321  209.437121317   26.737878161
    2.016446300  209.544972106   63.545889734
    2.018920280  209.773257919  125.478553136
    2.021394259  210.169119375  191.504941191
    2.023868239  210.681529756  210.909640755
    2.026342218  211.134719252  138.432473060
    2.028816198  211.283890239  -29.324992810
    2.031290177  210.972726083 -219.903566811
    2.033764157  210.264812123 -330.051795835
    2.036238136  209.469176667 -281.011305657
    2.038712116  208.996455606  -83.398116849
    2.041186095  209.082060804  152.042703033
    2.043660075  209.680840745  309.018414313
    2.046134054  210.477066562  306.211892330
    2.048608034  211.082716464  167.004755605
    2.051082013  211.271849515  -12.774646013
    2.053555993  211.090564939 -112.896651506
    2.056029972  210.820161536  -81.551773231
    2.058503952  210.771794025   53.789267743
    2.060977931  211.073511525  183.544124820
    2.063451911  211.588084918  214.752492626
    2.065925891  212.042567549  136.205848599
    2.068399870  212.226029539   11.786408955
    2.070873850  212.134727856  -75.865596090
    2.073347829  211.914227651  -95.804521248
    2.075821809  211.703526015  -76.126448470
    2.078295788  211.521183367  -79.169238501
    2.080769768  211.282887851 -120.971390852
    2.083243747  210.916496915 -172.461214375
    2.085717727  210.462102116 -185.185954607
    2.088191706  210.049990123 -140.539690758
    2.090665686  209.795842532  -64.083672411
    2.093139665  209.744207021   19.614155964
    2.095613645  209.884713553   90.551013500
    2.098087624  210.192906336  156.370026819
    2.100561604  210.643536676  201.457016867
    2.103035583  211.175590145  220.919147057
    2.105509563  211.695513299  190.644018732
    2.107983542  212.074209114  105.762940700
    2.110457522  212.181982501  -16.549304262
    2.112931501  212.003470853 -119.755207715
    2.115405481  211.650919952 -151.913625960
    2.117879460  211.319335918 -102.289289865
    2.120353440  211.199228677   10.731731487
    2.122827419  211.367047239  117.892359942
    2.125301399  211.744391504  174.255954948
    2.127775378  212.172071787  161.438331049
    2.130249358  212.512197589  112.886434287
    2.132723337  212.735446587   71.786658836
    2.135197317  212.883976031   49.216599734
    2.137671296  212.988491599   33.841537610
    2.140145276  213.046454529    4.492075844
    2.142619256  213.021174049  -31.096099160
    2.145093235  212.895346028  -68.264431622
    2.147567215  212.692284742  -92.776732852
    2.150041194  212.456609415  -92.325217191
    2.152515174  212.260346296  -60.595372352
    2.154989153  212.166038095  -13.537183621
    2.157463133  212.195390757   33.879480193
    2.159937112  212.317219109   63.190990522
    2.162411092  212.471540572   57.232502921
    2.164885071  212.583438880   28.159666998
    2.167359051  212.608376090   -4.848361083
    2.169833030  212.578241076  -14.424951125
    2.172307010  212.557640082    0.100382958
    2.174780989  212.575064657    7.986624894
    2.177254969  212.571041382  -16.493027187
    2.179728948  212.478744145  -58.939793429
    2.182202928  212.308628416  -71.349750693
    2.184676907  212.164310612  -38.036336159
    2.187150887  212.152681246   33.408574884
    2.189624866  212.333471352  108.182050018
    2.192098846  212.661176222  145.270364411
    2.194572825  213.016689176  133.751569920
    2.197046805  213.289538925   83.774443644
    2.199520784  213.427744538   30.072592266
    2.201994764  213.458413147    3.462143873
    2.204468743  213.472746107   15.533645165
    2.206942723  213.559852656   56.257189921
    2.209416702  213.746269677   88.668123152
    2.211890682  213.933942100   56.159892641
    2.214364661  213.973499491  -31.416350271
    2.216838641  213.777469610 -124.472352574
    2.219312620  213.412576756 -155.553204653
    2.221786600  213.081883681 -101.239936086
    2.224260580  212.937985400  -11.487293015
    2.226734559  212.992571283   47.859823688
    2.229208539  213.124349158   46.502459914
    2.231682518  213.206627824   20.632088609
    2.234156498  213.250230400   23.959070783
    2.236630477  213.365944680   78.885898778
    2.239104457  213.656623167  156.674158759
    2.241578436  214.099889177  190.500622948
    2.244052416  214.556924301  163.302920530
    2.246526395  214.874002675   84.454565807
    2.249000375  214.959325730  -17.629566018
    2.251474354  214.794271024 -112.764986103
    2.253948334  214.413107521 -186.394022322
    2.256422313  213.909036120 -211.832205262
    2.258896293  213.400842683 -192.041024452
    2.261370272  212.966841144 -148.996484394
    2.263844252  212.657760127  -98.279558691
    2.266318231  212.479507503  -51.473351006
    2.268792211  212.410833176   -7.174358626
    2.271266190  212.432298184   23.841809938
    2.273740170  212.537155629   61.034818207
    2.276214149  212.727970768   95.586582181
    2.278688129  213.006945208  128.510457737
    2.281162108  213.351669370  147.236050729
    2.283636088  213.727002906  154.126502780
    2.286110067  214.084822511  133.188038747
    2.288584047  214.376154399  102.721336188
    2.291058026  214.582207216   64.580219470
    2.293532006  214.708791963   35.504439310
    2.296005985  214.769655972   12.485745880
    2.298479965  214.770951873  -10.824415217
    2.300953944  214.727127033  -19.487593905
    2.303427924  214.716900716   22.651573422
    2.305901904  214.865909240  104.560931905
    2.308375883  215.230248213  182.207327179
    2.310849863  215.709032259  192.158127878
    2.313323842  216.089097361  104.037707034
    2.315797822  216.182424481  -29.955660312
    2.318271801  215.980612849 -124.237780500
    2.320745781  215.654117423 -119.168431608
    2.323219760  215.465263499  -24.149474903
    2.325693740  215.563868500  103.101991672
    2.328167719  215.936357550  186.947392054
    2.330641699  216.422763573  191.894336107
    2.333115678  216.833033533  128.728564224
    2.335589658  217.020079448   22.555288523
    2.338063637  216.952596327  -73.322126876
    2.340537617  216.696872435 -123.976169246
    2.343011596  216.370028903 -134.428715626
    2.345485576  216.048104876 -124.927331828
    2.347959555  215.759535312 -109.078118768
    2.350433535  215.509792876  -87.822649806
    2.352907514  215.350582601  -36.869420503
    2.355381494  215.350295261   38.805524591
    2.357855473  215.532832958   99.947637145
    2.360329453  215.804868652  105.325466974
    2.362803432  215.970912218   15.965518066
    2.365277412  215.839989031 -123.534428019
    2.367751391  215.373593685 -244.065966964
    2.370225371  214.704199569 -280.323954683
    2.372699350  214.064321503 -220.655694136
    2.375173330  213.662668975  -97.987942410
    2.377647309  213.570889044   19.189813549
    2.380121289  213.715784154   88.929684868
    2.382595269  213.968663543  106.775986605
    2.385069248  214.221926440   96.326024896
    2.387543228  214.433264033   75.392861291
    2.390017207  214.610606355   71.088021106
    2.392491187  214.788483446   78.020866296
    2.394965166  215.012063836  105.218940860
    2.397439146  215.298436414  126.213491869
    2.399913125  215.616563133  130.124814426
    2.402387105  215.920754148  111.476800246
    2.404861084  216.169183238   86.511509997
    2.407335064  216.343158904   52.985295310
    2.409809043  216.408491408   -2.935514219
    2.412283023  216.302096532  -86.192496754
    2.414757002  215.981135779 -168.981181577
    2.417230982  215.492265634 -217.756933046
    2.419704961  214.957158090 -199.623863157
    2.422178941  214.562678845 -107.170773854
    2.424652920  214.455020184   21.263488128
    2.427126900  214.634644418  118.947855892
    2.429600879  214.998157868  162.720213962
    2.432074859  215.391776178  145.762457757
    2.434548838  215.689764055   90.882772844
    2.437022818  215.837374152   31.712598276
    2.439496797  215.884402377   13.947856566
    2.441970777  215.953455739   53.276858187
    2.444444756  216.178331613  132.953363708
    2.446918736  216.597622016  200.407403442
    2.449392715  217.120284928  208.069376897
    2.451866695  217.553572137  130.201794758
    2.454340674  217.723686060   -1.465468518
    2.456814654  217.536503345 -146.811192186
    2.459288633  217.018696343 -262.184726508
    2.461762613  216.293651866 -313.347495482
    2.464236593  215.533037037 -289.880256692
    2.466710572  214.918769604 -198.468031625
    2.469184552  214.588667056  -65.193162864
    2.471658531  214.586281072   59.606434843
    2.474132511  214.833935183  131.431198047
    2.476606490  215.185136579  144.219771660
    2.479080470  215.511382829  114.263274965
    2.481554449  215.742746423   73.374391872
    2.484028429  215.882323559   42.645539346
    2.486502408  215.962456577   24.021065555
    2.488976388  216.008877995   11.851072889
    2.491450367  216.028426563    4.630646297
    2.493924347  216.037497308    4.219154860
    2.496398326  216.066368413   19.323129705
    2.498872306  216.152954464   51.250491736
    2.501346285  216.315662633   80.791289145
    2.503820265  216.536064997   90.831975316
    2.506294244  216.735324966   63.099486663
    2.508768224  216.802988466  -14.334786776
    2.511242203  216.639685926 -116.979782106
    2.513716183  216.242559136 -197.353402216
    2.516190162  215.713503958 -216.888110844
    2.518664142  215.239251963 -157.462738654
    2.521138121  214.971881871  -54.748054981
    2.523612101  214.966047796   46.276282055
    2.526086080  215.164558359  102.246704788
    2.528560060  215.429747069  105.439116182
    2.531034039  215.656153738   74.040045983
    2.533508019  215.802381014   44.072575610
    2.535981998  215.876483999   20.674997255
    2.538455978  215.919489489   17.477246679
    2.540929957  215.955603724   10.965240377
    2.543403937  215.961115936  -10.156928814
    2.545877917  215.884366817  -57.861289958
    2.548351896  215.671661447 -111.687853802
    2.550825876  215.356984339 -129.809897136
    2.553299855  215.100186968  -62.677400283
    2.555773835  215.113667144   81.902574867
    2.558247814  215.494028770  220.694034061
    2.560721794  216.146011097  291.097528016
    2.563195773  216.854430421  264.397627312
    2.565669753  217.394799442  168.898213972
    2.568143732  217.689597068   68.052143819
    2.570617712  217.754902325   -9.043323592
    2.573091691  217.680490603  -50.037070484
    2.575565671  217.519915136  -77.808887263
    2.578039650  217.305251471  -93.676668627
    2.580513630  217.071641281  -91.788769074
    2.582987609  216.864554513  -72.902283710
    2.585461589  216.738132439  -27.025653273
    2.587935568  216.727334890   16.139591077
    2.590409548  216.792563913   32.175844250
    2.592883527  216.866585668   21.341998549
    2.595357507  216.872432405  -22.837495585
    2.597831486  216.730051455  -95.786004681
    2.600305466  216.400893366 -169.460523493
    2.602779445  215.924226071 -204.460417983
    2.605253425  215.451426999 -163.991697794
    2.607727404  215.170004923  -53.152658602
    2.610201384  215.209123156   84.981864132
    2.612675363  215.554292141  182.221334211
    2.615149343  216.052471242  206.242098058
    2.617623322  216.518474729  162.703690369
    2.620097302  216.831854094   87.338921223
    2.622571281  216.955321126   12.961414561
    2.625045261  216.920415716  -37.316991431
    2.627519241  216.778817481  -76.374477106
    2.629993220  216.564064747  -95.335639546
    2.632467200  216.322132989  -94.728266276
    2.634941179  216.122017137  -66.850802833
    2.637415159  215.991854144  -37.463983135
    2.639889138  215.916061778  -26.947043457
    2.642363118  215.835411210  -39.481577376
    2.644837097  215.724724450  -48.151931656
    2.647311077  215.633933249  -20.031390956
    2.649785056  215.667006194   48.156844971
    2.652259036  215.887095727  126.749352443
    2.654733015  216.248771594  152.045119668
    2.657206995  216.567512922   92.420217183
    2.659680974  216.664391079  -17.423020860
    2.662154954  216.506114400  -99.549009422
    2.664628933  216.241270842 -100.561422641
    2.667102913  216.065275481  -34.023226894
    2.669576892  216.069401155   29.110191878
    2.672050872  216.157761237   30.148499597
    2.674524851  216.164273059  -36.424608498
    2.676998831  215.960131938 -125.680933457
    2.679472810  215.588319784 -159.449881593
    2.681946790  215.243398137 -105.330279321
    2.684420769  215.125937753   17.836012254
    2.686894749  215.337021785  151.260792432
    2.689368728  215.815178074  225.528834588
    2.691842708  216.386449015  225.576153972
    2.694316687  216.877473795  162.508834957
    2.696790667  217.167019582   69.719140407
    2.699264646  217.238415033  -10.047953438
    2.701738626  217.164377107  -40.600835131
    2.704212606  217.059625463  -36.294470957
    2.706686585  217.006342883   -6.265545132
    2.709160565  217.022505417   14.415363260
    2.711634544  217.062283084   10.507502471
    2.714108524  217.047742522  -26.356538570
    2.716582503  216.911075214  -87.110291048
    2.719056483  216.619653576 -145.324589440
    2.721530462  216.224826023 -164.269748879
    2.724004442  215.849417704 -134.930338759
    2.726478421  215.588112807  -76.109942467
    2.728952401  215.467118932  -20.992109179
    2.731426380  215.444989165   -1.501494866
    2.733900360  215.440132570   -6.334314793
    2.736374339  215.417114214   -9.779350488
    2.738848319  215.400376492    0.040209187
    2.741322298  215.445111357   34.449690852
    2.743796278  215.579135063   73.984588237
    2.746270257  215.796296351  102.032723198
    2.748744237  216.086151910  131.523816522
    2.751218216  216.450507457  164.129642935
    2.753692196  216.879835348  182.172233633
    2.756166175  217.313369335  156.917968965
    2.758640155  217.597460982   62.744158457
    2.761114134  217.593240335  -69.127142979
    2.763588114  217.273500877 -184.236914426
    2.766062093  216.739848005 -237.412449209
    2.768536073  216.192802018 -189.715284313
    2.771010052  215.853569274  -78.127132671
    2.773484032  215.808831092   38.095409455
    2.775958011  216.012526075  118.913589261
    2.778431991  216.354496366  152.315444097
    2.780905970  216.728733757  147.465436334
    2.783379950  217.074043316  130.442503646
    2.785853930  217.380439039  114.941222914
    2.788327909  217.627594262   80.080634133
    2.790801889  217.761446212   22.780792941
    2.793275868  217.722524704  -52.470764160
    2.795749848  217.515108491 -104.704738050
    2.798223827  217.253137419  -97.234471778
    2.800697807  217.067532324  -46.709827511
    2.803171786  217.018194374    2.938904294
    2.805645766  217.041112910    6.759990765
    2.808119745  217.007670458  -35.930725583
    2.810593725  216.868688393  -69.991174352
    2.813067704  216.696744646  -58.580056258
    2.815541684  216.632316376    8.879206982
    2.818015663  216.752587928   81.426000847
    2.820489643  216.981077211   87.037780166
    2.822963622  217.116959163   13.339063176
    2.825437602  217.027231822  -87.964215196
    2.827911581  216.705210688 -157.236943307
    2.830385561  216.310963628 -148.425483808
    2.832859540  216.016375516  -82.302146756
    2.835333520  215.900635754  -16.855341975
    2.837807499  215.889651399   -2.179603731
    2.840281479  215.850970202  -32.242238316
    2.842755458  215.717155221  -68.150326493
    2.845229438  215.549151850  -54.808259666
    2.847703417  215.500609626   25.101513426
    2.850177397  215.693093543  129.650747177
    2.852651376  216.103904252  189.767431654
    2.855125356  216.557387959  159.410264384
    2.857599335  216.833850223   54.160513911
    2.860073315  216.825742922  -52.987485047
    2.862547294  216.614095274  -99.269507063
    2.865021274  216.401447684  -63.418802020
    2.867495254  216.319615200   -4.179335936
    2.869969233  216.356837360   21.649680474
    2.872443213  216.376809113  -10.953391932
    2.874917192  216.286776322  -60.920096932
    2.877391172  216.107402137  -70.008411656
    2.879865151  215.977271944  -26.488994282
    2.882339131  215.984458358   30.522106666
    2.884813110  216.079832930   35.759372891
    2.887287090  216.104125478  -26.199983643
    2.889761069  215.922185063 -114.565729515
    2.892235049  215.586903468 -143.209506078
    2.894709028  215.281866406  -89.436329384
    2.897183008  215.211737811   37.033229162
    2.899656987  215.456632727  151.856814081
    2.902130967  215.895169925  181.949097351
    2.904604946  216.282900952  117.758786368
    2.907078926  216.435747098    1.082766182
    2.909552905  216.325570383  -81.357856849
    2.912026885  216.078658034 -103.476000757
    2.914500864  215.842291111  -84.902488323
    2.916974844  215.622542795  -99.045971652
    2.919448823  215.325352061 -148.998595320
    2.921922803  214.868144235 -212.410916017
    2.924396782  214.326552907 -209.526464976
    2.926870762  213.903642258 -117.364018013
    2.929344741  213.764372159    4.916137764
    2.931818721  213.895988238   89.590615742
    2.934292700  214.133930982   88.505736355
    2.936766680  214.285749820   27.933096797
    2.939240659  214.265590359  -38.342400730
    2.941714639  214.136733128  -60.835315056
    2.944188619  213.991531633  -52.596153945
    2.946662598  213.898746036  -22.735575419
    2.949136578  213.885263275   15.084366346
    2.951610557  213.969054128   49.613076042
    2.954084537  214.136747025   86.279512200
    2.956558516  214.356102642   87.228379757
    2.959032496  214.530740309   49.306212859
    2.961506475  214.576997641  -10.550662660
    2.963980455  214.494955437  -48.100843276
    2.966454434  214.382161683  -29.510123516
    2.968928414  214.389983243   39.737699037
    2.971402393  214.556705546   91.653399888
    2.973876373  214.792778470   88.982714251
    2.976350352  214.938536387   20.939423873
    2.978824332  214.882311836  -61.822634760
    2.981298311  214.679425090  -87.051096418
    2.983772291  214.506429932  -40.753921020
    2.986246270  214.506612077   40.662446925
    2.988720250  214.668817444   80.820374894
    2.991194229  214.847175135   49.497070149
    2.993668209  214.874060331  -29.995858258
    2.996142188  214.706937019  -98.267957044
    2.998616168  214.460163815  -86.781958786
    3.001090147  214.323024175  -11.311022146
    3.003564127  214.433649563   99.418301223
    3.006038106  214.764803278  160.259728455
    3.008512086  215.141772775  128.297003628
    3.010986065  215.326593700    7.927898701
    3.013460045  215.175977962 -127.692912342
    3.015934024  214.739538013 -215.951356651
    3.018408004  214.180682301 -220.863267040
    3.020881983  213.687502447 -165.182507387
    3.023355963  213.384435818  -78.210401384
    3.025829943  213.286246547   -5.653599225
    3.028303922  213.327215764   35.395505486
    3.030777902  213.433213886   49.140844098
    3.033251881  213.562889466   60.561972934
    3.035725861  213.746739416   92.666214561
    3.038199840  214.035881388  144.906788009
    3.040673820  214.452827565  187.779921516
    3.043147799  214.924811878  178.717801960
    3.045621779  215.262184105   77.002648189
    3.048095758  215.267088150  -76.733553738
    3.050569738  214.919362616 -185.691347569
    3.053043717  214.457249097 -164.308120952
    3.055517697  214.214699008  -15.158818209
    3.057991676  214.389516514  148.219366652
    3.060465656  214.870508872  215.987231252
    3.062939635  215.355377317  158.879987764
    3.065413615  215.598372921   38.567366036
    3.067887594  215.600285813  -21.740858614
    3.070361574  215.563985733    7.556728207
    3.072835553  215.668040326   75.766665457
    3.075309533  215.890930960   91.734229607
    3.077783512  216.056885808   31.335207988
    3.080257492  216.009823263  -69.128464524
    3.082731471  215.735982857 -146.760445269
    3.085205451  215.336867213 -167.794262716
    3.087679430  214.940238832 -149.495654123
    3.090153410  214.624060665 -102.359395172
    3.092627389  214.441134165  -40.572071149
    3.095101369  214.429691782   32.329793129
    3.097575348  214.594670630   97.958754300
    3.100049328  214.878952609  123.182321209
    3.102523307  215.146425246   84.849392882
    3.104997287  215.254930036   -1.861697636
    3.107471267  215.133513433  -98.161564153
    3.109945246  214.807287771 -162.237167558
    3.112419226  214.375078585 -180.453479812
    3.114893205  213.949745097 -156.283504234
    3.117367185  213.601659979 -126.615833948
    3.119841164  213.311512602 -109.727935957
    3.122315144  213.061513337  -92.507903589
    3.124789123  212.858206061  -65.387434527
    3.127263103  212.760212121   -9.204845846
    3.129737082  212.829263667   66.718098901
    3.132211062  213.070075519  118.359185522
    3.134685041  213.374118683  116.523894720
    3.137159021  213.600828484   59.231995891
    3.139633000  213.673226531    0.516623838
    3.142106980  213.635555307  -20.602666919
    3.144580959  213.605377198    4.905843198
    3.147054939  213.658626075   35.169227728
    3.149528918  213.748996403   30.914028733
    3.152002898  213.768209566  -19.462692632
    3.154476877  213.643829728  -77.545335736
    3.156950857  213.426759636  -90.364689831
    3.159424836  213.263252233  -34.973683854
    3.161898816  213.288067079   53.714620813
    3.164372795  213.523796424  125.202974642
    3.166846775  213.840128060  116.266666306
    3.169320754  214.056500639   58.010876938
    3.171794734  214.142171215   17.262584251
    3.174268713  214.172796662   20.442038734
    3.176742693  214.289392141   78.197262464
    3.179216672  214.541743995  116.787848427
    3.181690652  214.784162484   61.565446587
    3.184164631  214.781700310  -72.960323143
    3.186638611  214.417537020 -212.023590713
    3.189112591  213.800876404 -264.103007550
    3.191586570  213.226401985 -179.126213979
    3.194060550  212.995628052   -0.211881227
    3.196534529  213.215458755  168.559740963
    3.199008509  213.760680658  256.208210535
    3.201482488  214.398084669  242.199252967
    3.203956468  214.899857798  152.917497347
    3.206430447  215.147857264   46.793450456
    3.208904427  215.147933498  -37.651896766
    3.211378406  215.001228550  -74.401246447
    3.213852386  214.828173010  -61.965354216
    3.216326365  214.710280432  -32.577416558
    3.218800345  214.637298537  -29.511849108
    3.221274324  214.533498280  -62.747486993
    3.223748304  214.308176877 -119.832042895
    3.226222283  213.964239563 -153.191256215
    3.228696263  213.590341135 -140.355016642
    3.231170242  213.305635864  -83.430058273
    3.233644222  213.166307408  -36.370188211
    3.236118201  213.090900340  -31.466676957
    3.238592181  212.963419575  -73.324270792
    3.241066160  212.732326803 -109.004648696
    3.243540140  212.463301329  -99.716164039
    3.246014119  212.284741652  -41.254063604
    3.248488099  212.269140870   25.835656988
    3.250962078  212.393811641   62.610173548
    3.253436058  212.546837703   59.531547379
    3.255910037  212.689395434   58.243726478
    3.258384017  212.859063307   87.368711611
    3.260857996  213.154316700  151.217205563
    3.263331976  213.608997989  209.131126692
    3.265805956  214.143305370  209.595976004
    3.268279935  214.560512629  118.238968261
    3.270753915  214.706949946    0.028017871
    3.273227894  214.581106626  -91.084801909
    3.275701874  214.333033481  -94.139472019
    3.278175853  214.170981368  -30.277253804
    3.280649833  214.201393439   52.084043174
    3.283123812  214.379197767   81.200528208
    3.285597792  214.567905983   65.837368120
    3.288071771  214.677242164   23.283976144
    3.290545751  214.710083217    9.324072720
    3.293019730  214.759628617   34.089622569
    3.295493710  214.894334999   73.575424965
    3.297967689  215.100810780   86.261471764
    3.300441669  215.277823645   43.631145659
    3.302915648  215.291449530  -32.475220952
    3.305389628  215.125442897  -97.020223894
    3.307863607  214.844805274 -119.356923771
    3.310337587  214.582069541  -86.294736866
    3.312811566  214.427310578  -37.022988538
    3.315285546  214.393883914    4.680001115
    3.317759525  214.419686991    9.929628205
    3.320233505  214.424890331   -8.670362476
    3.322707484  214.360676277  -41.291958434
    3.325181464  214.226109695  -67.002093667
    3.327655443  214.025006583  -92.501148028
    3.330129423  213.786109315 -101.603335979
    3.332603402  213.540464988  -92.215667914
    3.335077382  213.365221035  -42.130489573
    3.337551361  213.343358038   29.934366835
    3.340025341  213.527717851  116.149317856
    3.342499320  213.892954199  171.038090481
    3.344973300  214.330660469  172.724168563
    3.347447280  214.695613204  112.487296033
    3.349921259  214.856187125   14.468473266
    3.352395239  214.783569010  -64.290553361
    3.354869218  214.580073984  -90.245438481
    3.357343198  214.389625541  -52.725028445
    3.359817177  214.343889328   19.398769520
    3.362291157  214.468293113   79.573544151
    3.364765136  214.695383692   96.528905610
    3.367239116  214.907996445   68.218344125
    3.369713095  215.013781926   17.442876942
    3.372187075  215.004106795  -23.147367810
    3.374661054  214.899194847  -60.137321589
    3.377135034  214.709616637  -90.028328327
    3.379609013  214.447074729 -119.816721019
    3.382082993  214.145420005 -116.029014403
    3.384556972  213.920012844  -53.310739778
    3.387030952  213.919128830   61.111872951
    3.389504931  214.231042068  183.588037031
    3.391978911  214.785487330  253.597827968
    3.394452890  215.405670647  231.497508621
    3.396926870  215.869203679  132.759103033
    3.399400849  216.048477596   13.890707273
    3.401874829  215.954085055  -85.092635271
    3.404348808  215.650256948 -153.320525047
    3.406822788  215.229664512 -182.538353198
    3.409296767  214.763134653 -188.954461137
    3.411770747  214.324741893 -157.631619013
    3.414244726  214.003822390  -94.566581667
    3.416718706  213.872386614  -11.345825960
    3.419192685  213.949647845   69.955455813
    3.421666665  214.192228250  116.401633330
    3.424140644  214.478229526  109.852081456
    3.426614624  214.705982063   72.145399661
    3.429088604  214.819430779   26.069817417
    3.431562583  214.850619056    5.825794919
    3.434036563  214.879655770   24.188291254
    3.436510542  214.976889905   57.187247708
    3.438984522  215.152034701   79.375276567
    3.441458501  215.336559204   61.231785545
    3.443932481  215.417432802   -5.788373192
    3.446406460  215.285971494 -105.814993770
    3.448880440  214.905680604 -198.044716898
    3.451354419  214.331255272 -257.222447328
    3.453828399  213.689695715 -246.664070523
    3.456302378  213.150916103 -179.628341055
    3.458776358  212.833112721  -74.284872274
    3.461250337  212.767384646   14.876619039
    3.463724317  212.852845793   45.558345300
    3.466198296  212.934066416   10.797733536
    3.468672276  212.875925340  -59.551574366
    3.471146255  212.655693571 -111.460913611
    3.473620235  212.372523170  -98.517315486
    3.476094214  212.229946526   -4.485835706
    3.478568194  212.372763792  120.555061640
    3.481042173  212.806449541  219.707731779
    3.483516153  213.380142135  229.709861103
    3.485990132  213.856948833  148.130078562
    3.488464112  214.076984152   33.209762025
    3.490938091  214.034874509  -53.852857054
    3.493412071  213.872895276  -65.322151050
    3.495886050  213.777645997   -7.139866146
    3.498360030  213.858469346   67.588765993
    3.500834009  214.053845499   77.079346680
    3.503307989  214.155939239  -11.740779930
    3.505781969  213.923480110 -180.483052310
    3.508255948  213.268548261 -338.802072249
    3.510729928  212.334598241 -392.844631124
    3.513203907  211.443555808 -304.347085394
    3.515677887  210.923547274 -103.730609752
    3.518151866  210.945418921  114.781689127
    3.520625846  211.431051166  259.410025205
    3.523099825  212.122432627  282.928789197
    3.525573805  212.736074409  202.507264705
    3.528047784  213.073345414   67.994326048
    3.530521764  213.089038345  -52.361618139
    3.532995743  212.862581089 -120.665247851
    3.535469723  212.552391508 -113.019778731
    3.537943702  212.361836534  -31.329391191
    3.540417682  212.402557062   67.260188573
    3.542891661  212.657991687  128.248610680
    3.545365641  212.983197666  122.921527257
    3.547839620  213.225348856   67.406489291
    3.550313600  213.308194889    1.471830029
    3.552787579  213.264964507  -29.232531425
    3.555261559  213.204186567  -13.936961583
    3.557735538  213.217542612   22.592262775
    3.560209518  213.313238179   48.594182573
    3.562683497  213.429679097   41.760071412
    3.565157477  213.509358775   17.178163704
    3.567631456  213.502852607  -26.118322982
    3.570105436  213.358669530  -94.433478073
    3.572579415  213.013097652 -188.310157346
    3.575053395  212.425569357 -279.152607624
    3.577527374  211.678213416 -308.264815991
    3.580001354  210.998574942 -224.094805173
    3.582475333  210.651833037  -49.519699160
    3.584949313  210.759137248  128.171204250
    3.587423293  211.222809932  226.150223712
    3.589897272  211.791209908  218.172982517
    3.592371252  212.238728700  135.638234069
    3.594845231  212.464909859   50.397885420
    3.597319211  212.513252611   -1.786020330
    3.599793190  212.497230486   -4.340347438
    3.602267170  212.526785118   32.744320618
    3.604741149  212.675224381   85.456374317
    3.607215129  212.948010507  127.498998123
    3.609689108  213.287243245  137.878969636
    3.612163088  213.575344727   86.720320098
    3.614637067  213.675987399  -15.250605167
    3.617111047  213.491033141 -128.067309234
    3.619585026  213.069289951 -200.237693740
    3.622059006  212.562647227 -197.578369022
    3.624532985  212.136609820 -137.486072982
    3.627006965  211.901928225  -51.223905260
    3.629480944  211.885914650   36.298357490
    3.631954924  212.068504598  109.094907945
    3.634428903  212.408090071  156.029337831
    3.636902883  212.839715780  185.963647700
    3.639376862  213.289076219  170.414646803
    3.641850842  213.643491990  108.049886543
    3.644324821  213.793713537    8.927642922
    3.646798801  213.667303865 -108.013035553
    3.649272780  213.282204242 -194.173857886
    3.651746760  212.772569165 -205.032113242
    3.654220739  212.346753527 -124.378840764
    3.656694719  212.210516294   17.226272313
    3.659168698  212.425455457  148.624786747
    3.661642678  212.881370728  205.068846742
    3.664116657  213.358483002  164.640637194
    3.666590637  213.639848334   57.800639678
    3.669064617  213.635963123  -53.622465656
    3.671538596  213.422927172 -105.089706952
    3.674012576  213.161380318  -93.794177299
    3.676486555  212.983731267  -45.685409492
    3.678960535  212.920798554   -9.356390356
    3.681434514  212.910147818   -6.414356551
    3.683908494  212.846734946  -51.527832981
    3.686382473  212.653194834 -103.026126047
    3.688856453  212.340719399 -142.636632071
    3.691330432  211.977541978 -144.924126443
    3.693804412  211.646352488 -118.589127096
    3.696278391  211.401119670  -77.047686538
    3.698752371  211.267358128  -30.389898592
    3.701226350  211.255803750   22.300989599
    3.703700330  211.377563845   75.505693199
    3.706174309  211.629481911  126.588961224
    3.708648289  211.992091432  164.295253845
    3.711122268  212.427478267  182.215589662
    3.713596248  212.850867023  154.916644773
    3.716070227  213.164130832   90.559129909
    3.718544207  213.279777543    0.125664578
    3.721018186  213.174744872  -80.531712693
    3.723492166  212.905514923 -127.222061926
    3.725966145  212.577238803 -131.961067030
    3.728440125  212.271269238 -112.947192038
    3.730914104  212.032490268  -78.424220903
    3.733388084  211.874835808  -44.980246392
    3.735862063  211.805004263   -9.153459652
    3.738336043  211.822113081   19.043823138
    3.740810022  211.876210148   20.228579483
    3.743284002  211.889432418  -11.989412550
    3.745757981  211.807867208  -49.418628948
    3.748231961  211.672770906  -51.434658930
    3.750705941  211.591097181   -7.359150675
    3.753179920  211.650297104   55.358016334
    3.755653900  211.847360115   99.042546694
    3.758127879  212.108637807  103.451277024
    3.760601859  212.335320461   74.589064318
    3.763075838  212.467683605   34.313066906
    3.765549818  212.521337226    9.166662152
    3.768023797  212.518702212  -13.144557857
    3.770497777  212.458127882  -33.780255653
    3.772971756  212.355331229  -46.273740316
    3.775445736  212.240202206  -48.374893342
    3.777919715  212.132475791  -39.235078107
    3.780393695  212.048931015  -25.869760443
    3.782867674  211.997394998  -12.917965649
    3.785341654  211.996085251   17.273585527
    3.787815633  212.104397512   73.667693971
    3.790289613  212.357981394  127.940084566
    3.792763592  212.690967003  134.202485669
    3.795237572  212.960207484   79.042354004
    3.797711551  213.054413127   -5.327269130
    3.800185531  212.943025398  -79.670797263
    3.802659510  212.683737454 -123.123644455
    3.805133490  212.355889717 -137.037891699
    3.807607469  212.014882965 -138.228128338
    3.810081449  211.688681503 -125.273574755
    3.812555428  211.434096921  -73.275817470
    3.815029408  211.356205155   14.976835773
    3.817503387  211.501108807   94.957895529
    3.819977367  211.785002540  121.281769898
    3.822451346  212.032395151   68.979856708
    3.824925326  212.115263190   -0.362045161
    3.827399306  212.074879731  -22.193931930
    3.829873285  212.070665385   31.535259923
    3.832347265  212.247630848  109.736657224
    3.834821244  212.568971166  137.357344031
    3.837295224  212.853174107   78.094006042
    3.839769203  212.914173410  -29.469495025
    3.842243183  212.735363500  -99.695422868
    3.844717162  212.496094072  -73.926507722
    3.847191142  212.420387550   16.603648154
    3.849665121  212.560926717   85.808607686
    3.852139101  212.754412038   55.845004746
    3.854613080  212.775116580  -46.261634550
    3.857087060  212.532719684 -140.324435616
    3.859561039  212.142609456 -161.603168340
    3.862035019  211.831186991  -75.165124638
    3.864508998  211.805667295   57.780569431
    3.866982978  212.087216966  158.512188791
    3.869456957  212.520407326  175.276911268
    3.871930937  212.883632913  109.201782188
    3.874404916  213.044208193   19.848019281
    3.876878896  213.001972625  -50.030281906
    3.879352875  212.839279374  -71.151807739
    3.881826855  212.654048359  -74.305769680
    3.884300834  212.462957366  -81.138329561
    3.886774814  212.241196190  -97.769975507
    3.889248793  212.005705351  -86.121260788
    3.891722773  211.860586590  -18.787789219
    3.894196752  211.957154631   99.999688937
    3.896670732  212.340198058  200.312162964
    3.899144711  212.882893429  220.828789362
    3.901618691  213.342695454  139.472791224
    3.904092670  213.546968565   29.173634012
    3.906566650  213.532440372  -26.358377059
    3.909040630  213.482475152   -2.377283645
    3.911514609  213.555476091   59.549208660
    3.913988589  213.724735853   65.528081478
    3.916462568  213.811679074   -5.336412680
    3.918936548  213.659773999 -113.360191466
    3.921410527  213.305808615 -154.374795711
    3.923884507  212.971422239  -98.669409238
    3.926358486  212.881150035   27.725951530
    3.928832466  213.088895238  131.979048771
    3.931306445  213.457239476  151.491444499
    3.933780425  213.759400496   79.775770551
    3.936254404  213.803236234  -48.281013114
    3.938728384  213.510448552 -184.321535066
    3.941202363  212.931286349 -268.165271733
    3.943676343  212.260001838 -254.300859820
    3.946150322  211.767520278 -127.032846629
    3.948624302  211.684692520   62.283911442
    3.951098281  212.026012053  195.256595360
    3.953572261  212.533540563  191.467356318
    3.956046240  212.851878361   48.518783619
    3.958520220  212.740113685 -131.245727445
    3.960994199  212.278729134 -217.186285855
    3.963468179  211.804483083 -138.083835979
    3.965942158  211.672854842   34.732751041
    3.968416138  211.937291818  160.018222414
    3.970890117  212.354299751  149.448259935
    3.973364097  212.546792417  -12.004752646
    3.975838076  212.274895057 -202.705016226
    3.978312056  211.613418308 -305.621349509
    3.980786035  210.887732113 -256.300919338
    3.983260015  210.437873056  -93.216953361
    3.985733994  210.430964494   84.474026811
    3.988207974  210.795362877  194.327542298
    3.990681954  211.305874752  202.656100926
    3.993155933  211.728847924  132.394412401
    3.995629913  211.945368625   43.272379605
    3.998103892  211.961969909  -24.657658514
    4.000577872  211.862949135  -50.524722631
    4.003051851  211.749385904  -30.917601214
    4.005525831  211.724899414   14.419952618
    4.007999810  211.820914413   64.197231417
    4.010473790  212.028182289  100.801893801
    4.012947769  212.297915981  116.431105034
    4.015421749  212.585470224  114.528579160
    4.017895728  212.848642692   95.368672889
    4.020369708  213.061458741   72.809534149
    4.022843687  213.193461308   32.809160643
    4.025317667  213.220301052   -8.578228969
    4.027791646  213.146807729  -48.095657769
    4.030265626  212.983228195  -79.001837978
    4.032739605  212.759624258  -93.420817750
    4.035213585  212.548451916  -69.972500575
    4.037687564  212.450853685   -4.932074639
    4.040161544  212.554717143   91.331615146
    4.042635523  212.906934151  187.928459013
    4.045109503  213.440150340  231.780690822
    4.047583482  213.981834667  193.302405022
    4.050057462  214.335640068   81.916175468
    4.052531441  214.377350952  -48.152036454
    4.055005421  214.131406290 -142.043674190
    4.057479400  213.725268199 -174.904724892
    4.059953380  213.317813587 -144.572214350
    4.062427359  213.038271425  -76.757895895
    4.064901339  212.957422633   13.484769141
    4.067375319  213.088682053   88.271813526
    4.069849298  213.389267693  146.232837016
    4.072323278  213.766466603  152.233832837
    4.074797257  214.096182711  105.457689403
    4.077271237  214.255176809   20.078503018
    4.079745216  214.199982328  -58.629883531
    4.082219196  213.993912605  -92.597819205
    4.084693175  213.795283663  -60.590206847
    4.087167155  213.726985066    1.499768107
    4.089641134  213.799826600   51.420012639
    4.092115114  213.930751834   41.819923728
    4.094589093  213.965966442  -17.876919654
    4.097063073  213.841488510  -77.957570482
    4.099537052  213.602417330 -104.315131875
    4.102011032  213.389364155  -58.035721676
    4.104485011  213.362888608   40.454905040
    4.106958991  213.584306577  132.576079594
    4.109432970  213.979320436  175.701847300
    4.111906950  214.394828642  146.653644284
    4.114380929  214.663693563   62.455827019
    4.116854909  214.680151672  -49.200801776
    4.119328888  214.445649021 -137.739710756
    4.121802868  214.032987416 -185.734228422
    4.124276847  213.576228184 -178.260755989
    4.126750827  213.201973629 -116.617968087
    4.129224806  213.033665879  -14.958372801
    4.131698786  213.135242496   94.536216935
    4.134172765  213.469667981  167.377581340
    4.136646745  213.903633047  172.028861983
    4.139120724  214.279468154  124.996212077
    4.141594704  214.494816325   49.478078110
    4.144068683  214.531308910  -14.467449509
    4.146542663  214.431150783  -61.429458005
    4.149016643  214.240631886  -90.892017168
    4.151490622  213.995986462 -104.150768443
    4.153964602  213.735237048  -99.942234067
    4.156438581  213.520514113  -68.386038192
    4.158912561  213.413822705  -19.747468462
    4.161386540  213.421308991   20.212505267
    4.163860520  213.474370533   12.638732397
    4.166334499  213.467452022  -18.162720194
    4.168808479  213.387798096  -43.419229442
    4.171282458  213.299953068  -18.136370980
    4.173756438  213.328985610   45.270840162
    4.176230417  213.542676477  124.839508126
    4.178704397  213.916070105  167.139276209
    4.181178376  214.323319568  150.253800302
    4.183652356  214.621024842   85.361168882
    4.186126335  214.724663438    1.138016960
    4.188600315  214.625322787  -76.533012475
    4.191074294  214.372792860 -120.081362841
    4.193548274  214.063840082 -118.131534222
    4.196022253  213.825017266  -66.824177355
    4.198496233  213.742766260    2.047688924
    4.200970212  213.821936093   53.786026149
    4.203444192  213.964582314   55.174236947
    4.205918171  214.055778014   12.400614222
    4.208392151  214.025346732  -36.790289199
    4.210866130  213.902305315  -56.235810495
    4.213340110  213.777924151  -40.490817583
    4.215814089  213.742504042   13.613847590
    4.218288069  213.842586307   62.630779135
    4.220762048  214.035175821   86.743855500
    4.223236028  214.246724228   82.169341828
    4.225710007  214.420515097   55.580645128
    4.228183987  214.524966120   31.361457409
    4.230657967  214.598340984   29.601906436
    4.233131946  214.694583958   51.187794250
    4.235605926  214.853737877   76.704234666
    4.238079905  215.035338786   63.449517699
    4.240553885  215.126571807    2.876780113
    4.243027864  215.027732707  -85.812753932
    4.245501844  214.717150842 -162.048504684
    4.247975823  214.275994129 -182.858709724
    4.250449803  213.860275216 -145.630668595
    4.252923782  213.590372421  -68.503603565
    4.255397762  213.516130454    2.966681887
    4.257871741  213.593643226   55.357233770
    4.260345721  213.775364048   90.514870160
    4.262819700  214.042526098  126.457209763
    4.265293680  214.410246040  168.992983069
    4.267767659  214.848987046  179.561503892
    4.270241639  215.266159020  148.874626806
    4.272715618  215.556312489   78.349458609
    4.275189598  215.653577321    2.685323360
    4.277663577  215.617010793  -19.981591290
    4.280137557  215.600026080   15.566597688
    4.282611536  215.709802904   71.622688877
    4.285085516  215.916983067   84.277174788
    4.287559495  216.048410311   13.181537145
    4.290033475  215.954876534  -86.739203177
    4.292507454  215.673799494 -126.647170699
    4.294981434  215.435226529  -45.526977465
    4.297455413  215.522789331  124.178372849
    4.299929393  216.039188669  281.425102830
    4.302403372  216.824793847  327.074741838
    4.304877352  217.532057077  223.512821970
    4.307351331  217.868498371   41.627856844
    4.309825311  217.770605922 -106.368388989
    4.312299291  217.427555075 -148.314320495
    4.314773270  217.129749870  -77.343673851
    4.317247250  217.073351311   34.865865585
    4.319721229  217.275982142  116.497849349
    4.322195209  217.592575603  125.673193266
    4.324669188  217.864381177   87.374476407
    4.327143168  218.043551117   66.076608185
    4.329617147  218.234298001  104.420264524
    4.332091127  218.598354049  201.928630590
    4.334565106  219.234676399  312.712223840
    4.337039086  220.108035459  384.191735228
    4.339513065  221.071166193  381.947954588
    4.341987045  221.958138319  329.450764108
    4.344461024  222.679882874  257.413037888
    4.346935004  223.249141631  211.896451095
    4.349408983  223.761430577  209.170097540
    4.351882963  224.328983295  252.355969922
    4.354356942  225.013805660  300.242311228
    4.356830922  225.784966719  309.805097605
    4.359304901  226.511557927  270.115642139
    4.361778881  227.091795567  199.094615343
    4.364252860  227.516226742  153.491331737
    4.366726840  227.902208514  169.872565721
    4.369200819  228.399104450  233.293220734
    4.371674799  229.064083181  296.604546842
    4.374148778  229.817829667  300.724540650
    4.376622758  230.512030488  252.253528353
    4.379096737  231.038323529  172.037788693
    4.381570717  231.375537400  110.518140253
    4.384044696  231.610802556   95.553297765
    4.386518676  231.912202746  160.632234915
    4.388992656  232.466853925  300.374600312
    4.391466635  233.428786968  477.117088520
    4.393940615  234.778961983  601.332297988
    4.396414594  236.310248407  613.760349988
    4.398888574  237.710653164  502.282863474
    4.401362553  238.754022357  340.657850534
    4.403836533  239.443136013  235.515032991
    4.406310512  240.028352465  261.585709264
    4.408784492  240.849203956  419.893263631
    4.411258471  242.152184226  634.281822603
    4.413732451  243.961669565  814.941565724
    4.416206430  246.097845475  890.493596227
    4.418680410  248.269640315  845.176218523
    4.421154389  250.229659870  733.001300663
    4.423628369  251.909572003  634.193095037
    4.426102348  253.441121923  620.405546422
    4.428576328  255.058949159  701.232984552
    4.431050307  256.948717761  827.143583127
    4.433524287  259.110247470  910.503658280
    4.435998266  261.375497853  903.828083201
    4.438472246  263.505375008  806.378690027
    4.440946225  265.318387927  654.390062647
    4.443420205  266.741770252  499.061721504
    4.445894184  267.811931454  370.330066522
    4.448368164  268.598838799  270.034082606
    4.450842143  269.163493582  189.607468976
    4.453316123  269.549353649  125.490752384
    4.455790102  269.798119086   77.954885920
    4.458264082  269.943433295   42.866388873
    4.460738061  270.018747703   20.199138416
    4.463212041  270.053499590    9.043750209
    4.465686020  270.068144360    3.517876389
    4.468160000  270.073522387    1.192812807
