#! FIELDS distance hh1
#! SET normalisation    6.6592600000000000e+05
#! SET min_distance 0
#! SET max_distance 6
#! SET nbins_distance  100
#! SET periodic_distance false
   0.0000000000000000e+00   0.0000000000000000e+00
   5.9999999999999998e-02   0.0000000000000000e+00
   1.2000000000000000e-01   7.0882384674205727e-05
   1.7999999999999999e-01   7.1147536069751104e-05
   2.3999999999999999e-01   7.6008893212258262e-05
   2.9999999999999999e-01   2.8728646027428293e-03
   3.5999999999999999e-01   9.8834983242630427e-03
   4.1999999999999998e-01   1.6774214929744308e-02
   4.7999999999999998e-01   7.7910664535267857e-03
   5.4000000000000004e-01   1.3321397957553558e-02
   5.9999999999999998e-01   6.4752213247690231e-03
   6.5999999999999992e-01   4.6244226920400412e-03
   7.1999999999999997e-01   2.6785211119559416e-03
   7.8000000000000003e-01   1.6680463380369214e-03
   8.3999999999999997e-01   6.6998279153822956e-04
   8.9999999999999991e-01   1.6686402316962873e-03
   9.5999999999999996e-01   6.4912423339037351e-02
   1.0200000000000000e+00   6.2393947487533699e-02
   1.0800000000000001e+00   3.3808746848017107e-01
   1.1399999999999999e+00   3.5980167108850720e+00
   1.2000000000000000e+00   1.7441301095289250e+00
   1.2600000000000000e+00   1.4813208099848723e+00
   1.3199999999999998e+00   8.8698108108242546e-01
   1.3799999999999999e+00   5.8480680155700815e-01
   1.4399999999999999e+00   1.4360418634486208e-01
   1.5000000000000000e+00   1.8713948621488050e-02
   1.5600000000000001e+00   7.6132626877973650e-03
   1.6199999999999999e+00   2.1995364868028478e-03
   1.6799999999999999e+00   4.6732233408375817e-05
   1.7400000000000000e+00   1.7765792376534859e-05
   1.7999999999999998e+00   1.1591753043784598e-05
   1.8599999999999999e+00   8.8396556378309522e-06
   1.9199999999999999e+00   4.0259962000663396e-05
   1.9800000000000000e+00   1.1362150285087588e-05
   2.0400000000000000e+00   9.1839499153825626e-06
   2.1000000000000001e+00   1.1405192112894527e-05
   2.1600000000000001e+00   7.5192530010426255e-06
   2.2199999999999998e+00   9.7155544906475123e-06
   2.2799999999999998e+00   5.6186314864737887e-06
   2.3399999999999999e+00   7.1602925451156058e-06
   2.3999999999999999e+00   1.3045895827526986e-05
   2.4600000000000000e+00   4.8216584092952758e-06
   2.5200000000000000e+00   7.8328349773964833e-06
   2.5800000000000001e+00   5.2958719542831827e-06
   2.6399999999999997e+00   1.4145017304554788e-05
   2.6999999999999997e+00   5.9348250240631197e-06
   2.7599999999999998e+00   1.8886514067212398e-05
   2.8199999999999998e+00   6.2872808270277953e-06
   2.8799999999999999e+00   5.5899134448785643e-06
   2.9399999999999999e+00   1.5829716561225663e-05
   3.0000000000000000e+00   2.4643028715878858e-05
   3.0600000000000001e+00   2.4220839033323533e-05
   3.1200000000000001e+00   9.7092880598803293e-06
   3.1799999999999997e+00   1.9530478762816834e-05
   3.2399999999999998e+00   1.5151866597072240e-04
   3.2999999999999998e+00   5.5773607754416445e-06
   3.3599999999999999e+00   7.6011158797947901e-06
   3.4199999999999999e+00   1.1151335621818616e-05
   3.4800000000000000e+00   2.3681576046986945e-05
   3.5400000000000000e+00   1.5232064066993294e-05
   3.5999999999999996e+00   8.5957168866563491e-06
   3.6599999999999997e+00   1.1663988302867617e-05
   3.7199999999999998e+00   1.0937358530690759e-05
   3.7799999999999998e+00   1.0928547671464897e-05
   3.8399999999999999e+00   6.6909083905376576e-05
   3.8999999999999999e+00   1.4891459650727545e-05
   3.9600000000000000e+00   1.0338202325207291e-05
   4.0199999999999996e+00   1.6188783645699762e-05
   4.0800000000000001e+00   5.7108906252783054e-06
   4.1399999999999997e+00   9.0691987355628903e-06
   4.2000000000000002e+00   9.1940245522574901e-06
   4.2599999999999998e+00   1.8769401528815571e-06
   4.3200000000000003e+00   3.0833957468157916e-09
   4.3799999999999999e+00   4.4554023730037074e-12
   4.4399999999999995e+00   2.2144458535516438e-15
   4.5000000000000000e+00   1.3960144644543290e-24
   4.5599999999999996e+00   0.0000000000000000e+00
   4.6200000000000001e+00   0.0000000000000000e+00
   4.6799999999999997e+00   0.0000000000000000e+00
   4.7400000000000002e+00   0.0000000000000000e+00
   4.7999999999999998e+00   0.0000000000000000e+00
   4.8599999999999994e+00   0.0000000000000000e+00
   4.9199999999999999e+00   0.0000000000000000e+00
   4.9799999999999995e+00   0.0000000000000000e+00
   5.0400000000000000e+00   0.0000000000000000e+00
   5.0999999999999996e+00   0.0000000000000000e+00
   5.1600000000000001e+00   0.0000000000000000e+00
   5.2199999999999998e+00   0.0000000000000000e+00
   5.2799999999999994e+00   0.0000000000000000e+00
   5.3399999999999999e+00   0.0000000000000000e+00
   5.3999999999999995e+00   0.0000000000000000e+00
   5.4600000000000000e+00   0.0000000000000000e+00
   5.5199999999999996e+00   0.0000000000000000e+00
   5.5800000000000001e+00   0.0000000000000000e+00
   5.6399999999999997e+00   0.0000000000000000e+00
   5.7000000000000002e+00   0.0000000000000000e+00
   5.7599999999999998e+00   0.0000000000000000e+00
   5.8199999999999994e+00   0.0000000000000000e+00
   5.8799999999999999e+00   0.0000000000000000e+00
   5.9399999999999995e+00   0.0000000000000000e+00
   6.0000000000000000e+00   0.0000000000000000e+00
