#! FIELDS time d1
 0.000000 0.050626
 1.000000 0.041925
 2.000000 0.041728
 3.000000 0.036666
 4.000000 0.039316
 5.000000 0.038404
 6.000000 0.054060
 7.000000 0.045447
 8.000000 0.042877
 9.000000 0.044438
 10.000000 0.049743
 11.000000 0.039786
 12.000000 0.047981
 13.000000 0.042395
 14.000000 0.043296
 15.000000 0.034426
 16.000000 0.047163
 17.000000 0.037082
 18.000000 0.043321
 19.000000 0.050577
 20.000000 0.041195
 21.000000 0.041696
 22.000000 0.053982
 23.000000 0.043708
 24.000000 0.039197
 25.000000 0.029137
 26.000000 0.041379
 27.000000 0.038855
 28.000000 0.029605
 29.000000 0.042891
 30.000000 0.029786
 31.000000 0.034261
 32.000000 0.046296
 33.000000 0.055413
 34.000000 0.043309
 35.000000 0.042745
 36.000000 0.040755
 37.000000 0.032319
 38.000000 0.047327
 39.000000 0.040192
 40.000000 0.047179
 41.000000 0.038067
 42.000000 0.036798
 43.000000 0.033901
 44.000000 0.035948
 45.000000 0.043555
 46.000000 0.040003
 47.000000 0.033717
 48.000000 0.044569
 49.000000 0.044469
 50.000000 0.039487
 51.000000 0.035516
 52.000000 0.048736
 53.000000 0.033901
 54.000000 0.037047
 55.000000 0.055264
 56.000000 0.042284
 57.000000 0.043678
 58.000000 0.031413
 59.000000 0.039633
 60.000000 0.048983
 61.000000 0.038308
 62.000000 0.039733
 63.000000 0.037700
 64.000000 0.034874
 65.000000 0.029730
 66.000000 0.028906
 67.000000 0.045417
 68.000000 0.029335
 69.000000 0.039872
 70.000000 0.041277
 71.000000 0.043532
 72.000000 0.037135
 73.000000 0.045978
 74.000000 0.041623
 75.000000 0.052236
 76.000000 0.029887
 77.000000 0.038936
 78.000000 0.032884
 79.000000 0.040835
 80.000000 0.046419
 81.000000 0.051275
 82.000000 0.029825
 83.000000 0.039507
 84.000000 0.044822
 85.000000 0.037212
 86.000000 0.038183
 87.000000 0.051974
 88.000000 0.028862
 89.000000 0.030098
 90.000000 0.047166
 91.000000 0.037328
 92.000000 0.034103
 93.000000 0.023102
 94.000000 0.038841
 95.000000 0.042433
 96.000000 0.045202
 97.000000 0.038371
 98.000000 0.031959
 99.000000 0.043870
 100.000000 0.032791
 101.000000 0.031551
 102.000000 0.044609
 103.000000 0.055698
 104.000000 0.041049
 105.000000 0.045019
 106.000000 0.046335
 107.000000 0.048816
 108.000000 0.044613
 109.000000 0.039195
 110.000000 0.039032
 111.000000 0.031171
 112.000000 0.039567
 113.000000 0.029240
 114.000000 0.037777
 115.000000 0.041970
 116.000000 0.039644
 117.000000 0.040714
 118.000000 0.038104
 119.000000 0.028696
 120.000000 0.051252
 121.000000 0.038251
 122.000000 0.042018
 123.000000 0.044154
 124.000000 0.044060
 125.000000 0.047341
 126.000000 0.030368
 127.000000 0.049251
 128.000000 0.038386
 129.000000 0.051059
 130.000000 0.041574
 131.000000 0.032410
 132.000000 0.035685
 133.000000 0.051913
 134.000000 0.046432
 135.000000 0.035301
 136.000000 0.043751
 137.000000 0.030261
 138.000000 0.029564
 139.000000 0.037323
 140.000000 0.037522
 141.000000 0.039300
 142.000000 0.031330
 143.000000 0.044957
 144.000000 0.030988
 145.000000 0.035484
 146.000000 0.044085
 147.000000 0.039526
 148.000000 0.044622
 149.000000 0.037893
 150.000000 0.030958
 151.000000 0.039052
 152.000000 0.046093
 153.000000 0.045848
 154.000000 0.025740
 155.000000 0.033164
 156.000000 0.041364
 157.000000 0.044513
 158.000000 0.030252
 159.000000 0.031229
 160.000000 0.032880
 161.000000 0.042339
 162.000000 0.040220
 163.000000 0.044683
 164.000000 0.030460
 165.000000 0.043625
 166.000000 0.044110
 167.000000 0.035016
 168.000000 0.027016
 169.000000 0.042267
 170.000000 0.049277
 171.000000 0.036820
 172.000000 0.035392
 173.000000 0.031646
 174.000000 0.045359
 175.000000 0.029655
 176.000000 0.048210
 177.000000 0.035503
 178.000000 0.037604
 179.000000 0.041655
 180.000000 0.028646
 181.000000 0.039827
 182.000000 0.038496
 183.000000 0.047324
 184.000000 0.041220
 185.000000 0.033803
 186.000000 0.032444
 187.000000 0.040817
 188.000000 0.044655
 189.000000 0.032168
 190.000000 0.036630
 191.000000 0.034430
 192.000000 0.043247
 193.000000 0.040674
 194.000000 0.036106
 195.000000 0.047686
 196.000000 0.049596
 197.000000 0.041866
 198.000000 0.045153
 199.000000 0.035530
 200.000000 0.050455
 201.000000 0.039027
 202.000000 0.037405
 203.000000 0.038260
 204.000000 0.039331
 205.000000 0.049331
 206.000000 0.041550
 207.000000 0.046143
 208.000000 0.058027
 209.000000 0.050156
 210.000000 0.029843
 211.000000 0.044888
 212.000000 0.034776
 213.000000 0.047198
 214.000000 0.044852
 215.000000 0.052647
 216.000000 0.027738
 217.000000 0.043828
 218.000000 0.032415
 219.000000 0.035481
 220.000000 0.034191
 221.000000 0.040082
 222.000000 0.045120
 223.000000 0.032541
 224.000000 0.039210
 225.000000 0.041650
 226.000000 0.029971
 227.000000 0.042992
 228.000000 0.036495
 229.000000 0.040377
 230.000000 0.037439
 231.000000 0.037925
 232.000000 0.036119
 233.000000 0.043025
 234.000000 0.039559
 235.000000 0.036279
 236.000000 0.042565
 237.000000 0.038104
 238.000000 0.037996
 239.000000 0.049111
 240.000000 0.037277
 241.000000 0.033930
 242.000000 0.046160
 243.000000 0.046520
 244.000000 0.032852
 245.000000 0.024061
 246.000000 0.033388
 247.000000 0.045836
 248.000000 0.041131
 249.000000 0.052568
 250.000000 0.046893
 251.000000 0.043505
 252.000000 0.048832
 253.000000 0.037813
 254.000000 0.039951
 255.000000 0.040047
 256.000000 0.049185
 257.000000 0.038605
 258.000000 0.043633
 259.000000 0.047202
 260.000000 0.051970
 261.000000 0.034361
 262.000000 0.044036
 263.000000 0.029039
 264.000000 0.028832
 265.000000 0.050687
 266.000000 0.035685
 267.000000 0.031707
 268.000000 0.030635
 269.000000 0.043121
 270.000000 0.041278
 271.000000 0.046801
 272.000000 0.052518
 273.000000 0.045808
 274.000000 0.032955
 275.000000 0.032453
 276.000000 0.043335
 277.000000 0.039215
 278.000000 0.042400
 279.000000 0.040553
 280.000000 0.048541
 281.000000 0.037473
 282.000000 0.045640
 283.000000 0.037657
 284.000000 0.051831
 285.000000 0.038587
 286.000000 0.033805
 287.000000 0.040331
 288.000000 0.050339
 289.000000 0.044152
 290.000000 0.041638
 291.000000 0.046465
 292.000000 0.027755
 293.000000 0.040447
 294.000000 0.038220
 295.000000 0.046731
 296.000000 0.032864
 297.000000 0.042118
 298.000000 0.038600
 299.000000 0.042393
 300.000000 0.032308
 301.000000 0.057072
 302.000000 0.041132
 303.000000 0.042709
 304.000000 0.038095
 305.000000 0.038696
 306.000000 0.034800
 307.000000 0.041334
 308.000000 0.038647
 309.000000 0.052977
 310.000000 0.043933
 311.000000 0.043710
 312.000000 0.040140
 313.000000 0.042129
 314.000000 0.031761
 315.000000 0.042585
 316.000000 0.044255
 317.000000 0.036082
 318.000000 0.035612
 319.000000 0.036865
 320.000000 0.035127
 321.000000 0.054141
 322.000000 0.041676
 323.000000 0.044472
 324.000000 0.044424
 325.000000 0.039324
 326.000000 0.033516
 327.000000 0.026892
 328.000000 0.032098
 329.000000 0.042493
 330.000000 0.035429
 331.000000 0.039056
 332.000000 0.035310
 333.000000 0.043103
 334.000000 0.046563
 335.000000 0.046854
 336.000000 0.043273
 337.000000 0.043449
 338.000000 0.024187
 339.000000 0.032735
 340.000000 0.040597
 341.000000 0.036564
 342.000000 0.043366
 343.000000 0.045094
 344.000000 0.036280
 345.000000 0.048996
 346.000000 0.048631
 347.000000 0.038469
 348.000000 0.034700
 349.000000 0.043669
 350.000000 0.048195
 351.000000 0.048036
 352.000000 0.048083
 353.000000 0.041194
 354.000000 0.036831
 355.000000 0.037044
 356.000000 0.036088
 357.000000 0.034829
 358.000000 0.044669
 359.000000 0.031397
 360.000000 0.034263
 361.000000 0.031764
 362.000000 0.040998
 363.000000 0.049274
 364.000000 0.034478
 365.000000 0.049071
 366.000000 0.031735
 367.000000 0.032607
 368.000000 0.039918
 369.000000 0.046308
 370.000000 0.042841
 371.000000 0.050481
 372.000000 0.036204
 373.000000 0.045656
 374.000000 0.033701
 375.000000 0.041484
 376.000000 0.048802
 377.000000 0.031053
 378.000000 0.046938
 379.000000 0.052215
 380.000000 0.036942
 381.000000 0.046408
 382.000000 0.045282
 383.000000 0.036676
 384.000000 0.046066
 385.000000 0.046779
 386.000000 0.052037
 387.000000 0.034047
 388.000000 0.038538
 389.000000 0.027076
 390.000000 0.043417
 391.000000 0.034840
 392.000000 0.039369
 393.000000 0.041325
 394.000000 0.039793
 395.000000 0.036800
 396.000000 0.041810
 397.000000 0.046565
 398.000000 0.041463
 399.000000 0.044364
 400.000000 0.038418
 401.000000 0.036596
 402.000000 0.038911
 403.000000 0.036279
 404.000000 0.045359
 405.000000 0.043078
 406.000000 0.045866
 407.000000 0.042859
 408.000000 0.042113
 409.000000 0.040902
 410.000000 0.033273
 411.000000 0.049371
 412.000000 0.053803
 413.000000 0.039619
 414.000000 0.041060
 415.000000 0.038856
 416.000000 0.040613
 417.000000 0.029290
 418.000000 0.047188
 419.000000 0.042937
 420.000000 0.030132
 421.000000 0.040344
 422.000000 0.035196
 423.000000 0.041250
 424.000000 0.042838
 425.000000 0.032742
 426.000000 0.055796
 427.000000 0.038683
 428.000000 0.033589
 429.000000 0.033929
 430.000000 0.039843
 431.000000 0.032857
 432.000000 0.041750
 433.000000 0.035547
 434.000000 0.032503
 435.000000 0.047603
 436.000000 0.045184
 437.000000 0.041259
 438.000000 0.040619
 439.000000 0.039752
 440.000000 0.048484
 441.000000 0.039919
 442.000000 0.037078
 443.000000 0.039821
 444.000000 0.041165
 445.000000 0.043002
 446.000000 0.035600
 447.000000 0.045627
 448.000000 0.035389
 449.000000 0.039542
 450.000000 0.030132
 451.000000 0.049642
 452.000000 0.037179
 453.000000 0.033624
 454.000000 0.038021
 455.000000 0.042347
 456.000000 0.038020
 457.000000 0.035973
 458.000000 0.043695
 459.000000 0.041217
 460.000000 0.041908
 461.000000 0.035493
 462.000000 0.039227
 463.000000 0.043123
 464.000000 0.040402
 465.000000 0.037191
 466.000000 0.037914
 467.000000 0.038578
 468.000000 0.047282
 469.000000 0.038806
 470.000000 0.028482
 471.000000 0.036595
 472.000000 0.038582
 473.000000 0.030571
 474.000000 0.049448
 475.000000 0.052051
 476.000000 0.038476
 477.000000 0.028961
 478.000000 0.036924
 479.000000 0.033658
 480.000000 0.038301
 481.000000 0.040298
 482.000000 0.032930
 483.000000 0.040899
 484.000000 0.043626
 485.000000 0.038385
 486.000000 0.040065
 487.000000 0.047696
 488.000000 0.047699
 489.000000 0.032237
 490.000000 0.045445
 491.000000 0.039609
 492.000000 0.034634
 493.000000 0.041184
 494.000000 0.040657
 495.000000 0.046233
 496.000000 0.050148
 497.000000 0.033261
 498.000000 0.038667
 499.000000 0.031201
 500.000000 0.039821
 501.000000 0.045150
 502.000000 0.039483
 503.000000 0.045511
 504.000000 0.031841
 505.000000 0.047013
 506.000000 0.049415
 507.000000 0.045790
 508.000000 0.041425
 509.000000 0.050652
 510.000000 0.035009
 511.000000 0.031097
 512.000000 0.043288
 513.000000 0.026343
 514.000000 0.043653
 515.000000 0.042004
 516.000000 0.039372
 517.000000 0.045364
 518.000000 0.038435
 519.000000 0.055859
 520.000000 0.040466
 521.000000 0.034029
 522.000000 0.042787
 523.000000 0.039792
 524.000000 0.039671
 525.000000 0.050054
 526.000000 0.036546
 527.000000 0.032497
 528.000000 0.045649
 529.000000 0.031764
 530.000000 0.035806
 531.000000 0.042214
 532.000000 0.034303
 533.000000 0.039340
 534.000000 0.038260
 535.000000 0.038418
 536.000000 0.044020
 537.000000 0.052044
 538.000000 0.034337
 539.000000 0.035998
 540.000000 0.046323
 541.000000 0.049756
 542.000000 0.047959
 543.000000 0.046600
 544.000000 0.041001
 545.000000 0.043873
 546.000000 0.034767
 547.000000 0.052665
 548.000000 0.041325
 549.000000 0.038645
 550.000000 0.051157
 551.000000 0.038066
 552.000000 0.045133
 553.000000 0.050779
 554.000000 0.024990
 555.000000 0.047122
 556.000000 0.050505
 557.000000 0.041395
 558.000000 0.048556
 559.000000 0.038735
 560.000000 0.044893
 561.000000 0.035330
 562.000000 0.046584
 563.000000 0.039927
 564.000000 0.049742
 565.000000 0.040009
 566.000000 0.040527
 567.000000 0.050516
 568.000000 0.030043
 569.000000 0.049064
 570.000000 0.032613
 571.000000 0.044130
 572.000000 0.049523
 573.000000 0.040728
 574.000000 0.041584
 575.000000 0.039002
 576.000000 0.050489
 577.000000 0.041051
 578.000000 0.037760
 579.000000 0.051179
 580.000000 0.028942
 581.000000 0.041806
 582.000000 0.036242
 583.000000 0.039756
 584.000000 0.056721
 585.000000 0.039144
 586.000000 0.039548
 587.000000 0.037687
 588.000000 0.037432
 589.000000 0.039722
 590.000000 0.032121
 591.000000 0.045044
 592.000000 0.030094
 593.000000 0.041942
 594.000000 0.039483
 595.000000 0.032309
 596.000000 0.034378
 597.000000 0.030251
 598.000000 0.043380
 599.000000 0.045474
 600.000000 0.033185
 601.000000 0.031044
 602.000000 0.042401
 603.000000 0.050069
 604.000000 0.059187
 605.000000 0.038033
 606.000000 0.039997
 607.000000 0.042195
 608.000000 0.045468
 609.000000 0.032643
 610.000000 0.039474
 611.000000 0.036764
 612.000000 0.048172
 613.000000 0.030619
 614.000000 0.052160
 615.000000 0.043105
 616.000000 0.047738
 617.000000 0.047122
 618.000000 0.046138
 619.000000 0.038407
 620.000000 0.051621
 621.000000 0.037620
 622.000000 0.027865
 623.000000 0.031240
 624.000000 0.041367
 625.000000 0.031306
 626.000000 0.038131
 627.000000 0.031647
 628.000000 0.021169
 629.000000 0.042722
 630.000000 0.041195
 631.000000 0.050195
 632.000000 0.037066
 633.000000 0.032256
 634.000000 0.043519
 635.000000 0.035849
 636.000000 0.046937
 637.000000 0.036186
 638.000000 0.035190
 639.000000 0.034399
 640.000000 0.032010
 641.000000 0.045215
 642.000000 0.045566
 643.000000 0.039995
 644.000000 0.036044
 645.000000 0.041229
 646.000000 0.037977
 647.000000 0.046321
 648.000000 0.041466
 649.000000 0.042832
 650.000000 0.045138
 651.000000 0.041685
 652.000000 0.037741
 653.000000 0.038212
 654.000000 0.040287
 655.000000 0.035855
 656.000000 0.043527
 657.000000 0.032419
 658.000000 0.055005
 659.000000 0.043125
 660.000000 0.039555
 661.000000 0.032753
 662.000000 0.042931
 663.000000 0.040420
 664.000000 0.047408
 665.000000 0.047143
 666.000000 0.047229
 667.000000 0.034825
 668.000000 0.036070
 669.000000 0.043602
 670.000000 0.046885
 671.000000 0.054031
 672.000000 0.039400
 673.000000 0.028444
 674.000000 0.039829
 675.000000 0.034383
 676.000000 0.034221
 677.000000 0.049742
 678.000000 0.051438
 679.000000 0.044242
 680.000000 0.042796
 681.000000 0.041782
 682.000000 0.047161
 683.000000 0.039406
 684.000000 0.036225
 685.000000 0.049227
 686.000000 0.028733
 687.000000 0.040467
 688.000000 0.041386
 689.000000 0.043953
 690.000000 0.068062
 691.000000 0.072698
 692.000000 0.057011
 693.000000 0.045982
 694.000000 0.052816
 695.000000 0.044199
 696.000000 0.038228
 697.000000 0.041068
 698.000000 0.052752
 699.000000 0.043287
 700.000000 0.034028
 701.000000 0.046568
 702.000000 0.045295
 703.000000 0.035311
 704.000000 0.038422
 705.000000 0.038272
 706.000000 0.042551
 707.000000 0.038301
 708.000000 0.029927
 709.000000 0.029034
 710.000000 0.038518
 711.000000 0.041597
 712.000000 0.050553
 713.000000 0.049556
 714.000000 0.045554
 715.000000 0.048834
 716.000000 0.039976
 717.000000 0.038513
 718.000000 0.036799
 719.000000 0.040119
 720.000000 0.040519
 721.000000 0.044055
 722.000000 0.030602
 723.000000 0.033643
 724.000000 0.034002
 725.000000 0.038972
 726.000000 0.043107
 727.000000 0.043479
 728.000000 0.041368
 729.000000 0.038662
 730.000000 0.042940
 731.000000 0.033782
 732.000000 0.043315
 733.000000 0.046945
 734.000000 0.045942
 735.000000 0.050852
 736.000000 0.032098
 737.000000 0.041094
 738.000000 0.039329
 739.000000 0.033706
 740.000000 0.049857
 741.000000 0.039368
 742.000000 0.043182
 743.000000 0.034733
 744.000000 0.042574
 745.000000 0.046282
 746.000000 0.042803
 747.000000 0.034590
 748.000000 0.046107
 749.000000 0.033029
 750.000000 0.050220
 751.000000 0.039538
 752.000000 0.037883
 753.000000 0.035890
 754.000000 0.043791
 755.000000 0.028505
 756.000000 0.050595
 757.000000 0.040904
 758.000000 0.037156
 759.000000 0.040633
 760.000000 0.039278
 761.000000 0.046183
 762.000000 0.039796
 763.000000 0.039683
 764.000000 0.032595
 765.000000 0.059573
 766.000000 0.037389
 767.000000 0.039078
 768.000000 0.041570
 769.000000 0.034920
 770.000000 0.034285
 771.000000 0.041697
 772.000000 0.036242
 773.000000 0.046624
 774.000000 0.042456
 775.000000 0.031110
 776.000000 0.035857
 777.000000 0.031728
 778.000000 0.048527
 779.000000 0.037696
 780.000000 0.046056
 781.000000 0.041092
 782.000000 0.033348
 783.000000 0.037275
 784.000000 0.050035
 785.000000 0.033311
 786.000000 0.037649
 787.000000 0.049077
 788.000000 0.039720
 789.000000 0.037901
 790.000000 0.043831
 791.000000 0.033814
 792.000000 0.037274
 793.000000 0.050916
 794.000000 0.054101
 795.000000 0.044308
 796.000000 0.045030
 797.000000 0.041048
 798.000000 0.037274
 799.000000 0.041288
 800.000000 0.035235
 801.000000 0.046406
 802.000000 0.037915
 803.000000 0.049765
 804.000000 0.030104
 805.000000 0.040416
 806.000000 0.051859
 807.000000 0.035784
 808.000000 0.035315
 809.000000 0.039663
 810.000000 0.044285
 811.000000 0.042659
 812.000000 0.045306
 813.000000 0.039975
 814.000000 0.037567
 815.000000 0.038550
 816.000000 0.043724
 817.000000 0.035374
 818.000000 0.035479
 819.000000 0.036335
 820.000000 0.033066
 821.000000 0.042009
 822.000000 0.036757
 823.000000 0.043472
 824.000000 0.036556
 825.000000 0.039057
 826.000000 0.037545
 827.000000 0.037024
 828.000000 0.057566
 829.000000 0.043596
 830.000000 0.028561
 831.000000 0.056038
 832.000000 0.040229
 833.000000 0.046650
 834.000000 0.043325
 835.000000 0.042461
 836.000000 0.044385
 837.000000 0.043723
 838.000000 0.040932
 839.000000 0.039503
 840.000000 0.032425
 841.000000 0.044729
 842.000000 0.048990
 843.000000 0.032291
 844.000000 0.038325
 845.000000 0.034390
 846.000000 0.038943
 847.000000 0.042502
 848.000000 0.046859
 849.000000 0.045746
 850.000000 0.043571
 851.000000 0.044744
 852.000000 0.024888
 853.000000 0.031456
 854.000000 0.045839
 855.000000 0.041329
 856.000000 0.026254
 857.000000 0.048105
 858.000000 0.052354
 859.000000 0.043677
 860.000000 0.045627
 861.000000 0.052946
 862.000000 0.039357
 863.000000 0.036139
 864.000000 0.035548
 865.000000 0.025010
 866.000000 0.048404
 867.000000 0.040756
 868.000000 0.041288
 869.000000 0.051207
 870.000000 0.040942
 871.000000 0.037828
 872.000000 0.037259
 873.000000 0.042136
 874.000000 0.037966
 875.000000 0.040247
 876.000000 0.041759
 877.000000 0.034450
 878.000000 0.046717
 879.000000 0.031637
 880.000000 0.047414
 881.000000 0.028964
 882.000000 0.039386
 883.000000 0.035304
 884.000000 0.031891
 885.000000 0.042304
 886.000000 0.032151
 887.000000 0.045880
 888.000000 0.048363
 889.000000 0.055868
 890.000000 0.059917
 891.000000 0.037578
 892.000000 0.033376
 893.000000 0.035984
 894.000000 0.041925
 895.000000 0.041811
 896.000000 0.040841
 897.000000 0.044077
 898.000000 0.043540
 899.000000 0.039666
 900.000000 0.038627
 901.000000 0.041653
 902.000000 0.035619
 903.000000 0.039860
 904.000000 0.042335
 905.000000 0.045407
 906.000000 0.044144
 907.000000 0.042904
 908.000000 0.054987
 909.000000 0.046229
 910.000000 0.049271
 911.000000 0.032613
 912.000000 0.039645
 913.000000 0.028265
 914.000000 0.053184
 915.000000 0.038607
 916.000000 0.041099
 917.000000 0.054161
 918.000000 0.030950
 919.000000 0.037745
 920.000000 0.040296
 921.000000 0.034654
 922.000000 0.044896
 923.000000 0.036390
 924.000000 0.047291
 925.000000 0.036632
 926.000000 0.052001
 927.000000 0.033692
 928.000000 0.032096
 929.000000 0.035975
 930.000000 0.046434
 931.000000 0.040368
 932.000000 0.041661
 933.000000 0.038845
 934.000000 0.050878
 935.000000 0.049383
 936.000000 0.047013
 937.000000 0.058123
 938.000000 0.046931
 939.000000 0.047674
 940.000000 0.039141
 941.000000 0.034754
 942.000000 0.037176
 943.000000 0.033049
 944.000000 0.033889
 945.000000 0.038535
 946.000000 0.034025
 947.000000 0.060821
 948.000000 0.038608
 949.000000 0.032743
 950.000000 0.048647
 951.000000 0.047928
 952.000000 0.041273
 953.000000 0.044622
 954.000000 0.036886
 955.000000 0.031570
 956.000000 0.040093
 957.000000 0.039190
 958.000000 0.050290
 959.000000 0.050064
 960.000000 0.046851
 961.000000 0.040936
 962.000000 0.036419
 963.000000 0.046486
 964.000000 0.039116
 965.000000 0.052411
 966.000000 0.044583
 967.000000 0.049024
 968.000000 0.046111
 969.000000 0.042597
 970.000000 0.054761
 971.000000 0.054582
 972.000000 0.036107
 973.000000 0.054652
 974.000000 0.044629
 975.000000 0.057651
 976.000000 0.044599
 977.000000 0.040547
 978.000000 0.050768
 979.000000 0.035660
 980.000000 0.046317
 981.000000 0.052206
 982.000000 0.035961
 983.000000 0.039624
 984.000000 0.036515
 985.000000 0.039052
 986.000000 0.035857
 987.000000 0.047532
 988.000000 0.044465
 989.000000 0.051398
 990.000000 0.037672
 991.000000 0.035556
 992.000000 0.027707
 993.000000 0.031988
 994.000000 0.040919
 995.000000 0.043093
 996.000000 0.041775
 997.000000 0.032804
 998.000000 0.038313
 999.000000 0.031357
 1000.000000 0.040366
